timestamp,ACCEL_X,ACCEL_Y,ACCEL_Z,GYRO_X,GYRO_Y,GYRO_Z
1.679988667919618130e+09,1.658400000000000000e+04,5.120000000000000000e+02,-7.840000000000000000e+02,-1.153000000000000000e+03,-6.220000000000000000e+02,-4.200000000000000000e+01
1.679988667936165571e+09,1.658400000000000000e+04,5.120000000000000000e+02,-7.840000000000000000e+02,-1.153000000000000000e+03,-6.220000000000000000e+02,-4.200000000000000000e+01
1.679988667936549902e+09,1.658400000000000000e+04,5.120000000000000000e+02,-7.840000000000000000e+02,-1.153000000000000000e+03,-6.220000000000000000e+02,-4.200000000000000000e+01
1.679988667949587822e+09,1.658400000000000000e+04,5.120000000000000000e+02,-7.840000000000000000e+02,-1.153000000000000000e+03,-6.220000000000000000e+02,-4.200000000000000000e+01
1.679988667972370863e+09,1.658400000000000000e+04,5.120000000000000000e+02,-7.840000000000000000e+02,-1.153000000000000000e+03,-6.220000000000000000e+02,-4.200000000000000000e+01
1.679988667972489834e+09,1.658400000000000000e+04,5.120000000000000000e+02,-7.840000000000000000e+02,-1.153000000000000000e+03,-6.220000000000000000e+02,-4.200000000000000000e+01
1.679988667972586870e+09,1.658400000000000000e+04,5.120000000000000000e+02,-7.840000000000000000e+02,-1.153000000000000000e+03,-6.220000000000000000e+02,-4.200000000000000000e+01
1.679988667973462582e+09,1.658400000000000000e+04,5.120000000000000000e+02,-7.840000000000000000e+02,-1.153000000000000000e+03,-6.220000000000000000e+02,-4.200000000000000000e+01
1.679988667985775948e+09,1.658400000000000000e+04,5.120000000000000000e+02,-7.840000000000000000e+02,-1.153000000000000000e+03,-6.220000000000000000e+02,-4.200000000000000000e+01
1.679988667986104012e+09,1.658400000000000000e+04,5.120000000000000000e+02,-7.840000000000000000e+02,-1.153000000000000000e+03,-6.220000000000000000e+02,-4.200000000000000000e+01
1.679988667986530542e+09,1.658400000000000000e+04,5.120000000000000000e+02,-7.840000000000000000e+02,-1.153000000000000000e+03,-6.220000000000000000e+02,-4.200000000000000000e+01
1.679988667986645937e+09,1.658400000000000000e+04,5.120000000000000000e+02,-7.840000000000000000e+02,-1.153000000000000000e+03,-6.220000000000000000e+02,-4.200000000000000000e+01
1.679988667986742735e+09,1.658400000000000000e+04,5.120000000000000000e+02,-7.840000000000000000e+02,-1.153000000000000000e+03,-6.220000000000000000e+02,-4.200000000000000000e+01
1.679988667987820625e+09,1.658400000000000000e+04,5.120000000000000000e+02,-7.840000000000000000e+02,-1.153000000000000000e+03,-6.220000000000000000e+02,-4.200000000000000000e+01
1.679988667987940311e+09,1.658400000000000000e+04,5.120000000000000000e+02,-7.840000000000000000e+02,-1.153000000000000000e+03,-6.220000000000000000e+02,-4.200000000000000000e+01
1.679988667988185644e+09,1.658400000000000000e+04,5.120000000000000000e+02,-7.840000000000000000e+02,-1.153000000000000000e+03,-6.220000000000000000e+02,-4.200000000000000000e+01
1.679988667988287449e+09,1.658400000000000000e+04,5.120000000000000000e+02,-7.840000000000000000e+02,-1.153000000000000000e+03,-6.220000000000000000e+02,-4.200000000000000000e+01
1.679988667988689184e+09,1.658400000000000000e+04,5.120000000000000000e+02,-7.840000000000000000e+02,-1.153000000000000000e+03,-6.220000000000000000e+02,-4.200000000000000000e+01
1.679988667988786697e+09,1.658400000000000000e+04,5.120000000000000000e+02,-7.840000000000000000e+02,-1.153000000000000000e+03,-6.220000000000000000e+02,-4.200000000000000000e+01
1.679988667988895655e+09,1.658400000000000000e+04,5.120000000000000000e+02,-7.840000000000000000e+02,-1.153000000000000000e+03,-6.220000000000000000e+02,-4.200000000000000000e+01
1.679988667995818853e+09,1.658400000000000000e+04,5.120000000000000000e+02,-7.840000000000000000e+02,-1.153000000000000000e+03,-6.220000000000000000e+02,-4.200000000000000000e+01
1.679988667995951891e+09,1.658400000000000000e+04,5.120000000000000000e+02,-7.840000000000000000e+02,-1.153000000000000000e+03,-6.220000000000000000e+02,-4.200000000000000000e+01
1.679988667996050596e+09,1.658400000000000000e+04,5.120000000000000000e+02,-7.840000000000000000e+02,-1.153000000000000000e+03,-6.220000000000000000e+02,-4.200000000000000000e+01
1.679988667998846769e+09,1.658400000000000000e+04,5.120000000000000000e+02,-7.840000000000000000e+02,-1.153000000000000000e+03,-6.220000000000000000e+02,-4.200000000000000000e+01
1.679988667998966217e+09,1.658400000000000000e+04,5.120000000000000000e+02,-7.840000000000000000e+02,-1.153000000000000000e+03,-6.220000000000000000e+02,-4.200000000000000000e+01
1.679988667999148130e+09,1.658400000000000000e+04,5.120000000000000000e+02,-7.840000000000000000e+02,-1.153000000000000000e+03,-6.220000000000000000e+02,-4.200000000000000000e+01
1.679988667999242783e+09,1.658400000000000000e+04,5.120000000000000000e+02,-7.840000000000000000e+02,-1.153000000000000000e+03,-6.220000000000000000e+02,-4.200000000000000000e+01
1.679988667999417305e+09,1.658400000000000000e+04,5.120000000000000000e+02,-7.840000000000000000e+02,-1.153000000000000000e+03,-6.220000000000000000e+02,-4.200000000000000000e+01
1.679988667999513388e+09,1.658400000000000000e+04,5.120000000000000000e+02,-7.840000000000000000e+02,-1.153000000000000000e+03,-6.220000000000000000e+02,-4.200000000000000000e+01
1.679988667999687910e+09,1.658400000000000000e+04,5.120000000000000000e+02,-7.840000000000000000e+02,-1.153000000000000000e+03,-6.220000000000000000e+02,-4.200000000000000000e+01
1.679988667999784708e+09,1.658400000000000000e+04,5.120000000000000000e+02,-7.840000000000000000e+02,-1.153000000000000000e+03,-6.220000000000000000e+02,-4.200000000000000000e+01
1.679988667999874115e+09,1.658400000000000000e+04,5.120000000000000000e+02,-7.840000000000000000e+02,-1.153000000000000000e+03,-6.220000000000000000e+02,-4.200000000000000000e+01
1.679988668000050068e+09,1.658400000000000000e+04,5.120000000000000000e+02,-7.840000000000000000e+02,-1.153000000000000000e+03,-6.220000000000000000e+02,-4.200000000000000000e+01
1.679988668000157833e+09,1.658400000000000000e+04,5.120000000000000000e+02,-7.840000000000000000e+02,-1.153000000000000000e+03,-6.220000000000000000e+02,-4.200000000000000000e+01
1.679988668000442982e+09,1.658400000000000000e+04,5.120000000000000000e+02,-7.840000000000000000e+02,-1.153000000000000000e+03,-6.220000000000000000e+02,-4.200000000000000000e+01
1.679988668000537157e+09,1.658400000000000000e+04,5.120000000000000000e+02,-7.840000000000000000e+02,-1.153000000000000000e+03,-6.220000000000000000e+02,-4.200000000000000000e+01
1.679988668000709772e+09,1.658400000000000000e+04,5.120000000000000000e+02,-7.840000000000000000e+02,-1.153000000000000000e+03,-6.220000000000000000e+02,-4.200000000000000000e+01
1.679988668000889778e+09,1.658400000000000000e+04,5.120000000000000000e+02,-7.840000000000000000e+02,-1.153000000000000000e+03,-6.220000000000000000e+02,-4.200000000000000000e+01
1.679988668000983953e+09,1.658400000000000000e+04,5.120000000000000000e+02,-7.840000000000000000e+02,-1.153000000000000000e+03,-6.220000000000000000e+02,-4.200000000000000000e+01
1.679988668001159430e+09,1.658400000000000000e+04,5.120000000000000000e+02,-7.840000000000000000e+02,-1.153000000000000000e+03,-6.220000000000000000e+02,-4.200000000000000000e+01
1.679988668001252651e+09,1.658400000000000000e+04,5.120000000000000000e+02,-7.840000000000000000e+02,-1.153000000000000000e+03,-6.220000000000000000e+02,-4.200000000000000000e+01
1.679988668001426458e+09,1.658400000000000000e+04,5.120000000000000000e+02,-7.840000000000000000e+02,-1.153000000000000000e+03,-6.220000000000000000e+02,-4.200000000000000000e+01
1.679988668001528263e+09,1.658400000000000000e+04,5.120000000000000000e+02,-7.840000000000000000e+02,-1.153000000000000000e+03,-6.220000000000000000e+02,-4.200000000000000000e+01
1.679988668001704931e+09,1.658400000000000000e+04,5.120000000000000000e+02,-7.840000000000000000e+02,-1.153000000000000000e+03,-6.220000000000000000e+02,-4.200000000000000000e+01
1.679988668001799583e+09,1.658400000000000000e+04,5.120000000000000000e+02,-7.840000000000000000e+02,-1.153000000000000000e+03,-6.220000000000000000e+02,-4.200000000000000000e+01
1.679988668001972914e+09,1.658400000000000000e+04,5.120000000000000000e+02,-7.840000000000000000e+02,-1.153000000000000000e+03,-6.220000000000000000e+02,-4.200000000000000000e+01
1.679988668002154827e+09,1.658400000000000000e+04,5.120000000000000000e+02,-7.840000000000000000e+02,-1.153000000000000000e+03,-6.220000000000000000e+02,-4.200000000000000000e+01
1.679988668002248764e+09,1.658400000000000000e+04,5.120000000000000000e+02,-7.840000000000000000e+02,-1.153000000000000000e+03,-6.220000000000000000e+02,-4.200000000000000000e+01
1.679988668002422094e+09,1.658400000000000000e+04,5.120000000000000000e+02,-7.840000000000000000e+02,-1.153000000000000000e+03,-6.220000000000000000e+02,-4.200000000000000000e+01
1.679988668002513647e+09,1.658400000000000000e+04,5.120000000000000000e+02,-7.840000000000000000e+02,-1.153000000000000000e+03,-6.220000000000000000e+02,-4.200000000000000000e+01
1.679988668002686262e+09,1.658400000000000000e+04,5.120000000000000000e+02,-7.840000000000000000e+02,-1.153000000000000000e+03,-6.220000000000000000e+02,-4.200000000000000000e+01
1.679988668002779484e+09,1.658400000000000000e+04,5.120000000000000000e+02,-7.840000000000000000e+02,-1.153000000000000000e+03,-6.220000000000000000e+02,-4.200000000000000000e+01
1.679988668002953529e+09,1.658400000000000000e+04,5.120000000000000000e+02,-7.840000000000000000e+02,-1.153000000000000000e+03,-6.220000000000000000e+02,-4.200000000000000000e+01
1.679988668003044128e+09,1.658400000000000000e+04,5.120000000000000000e+02,-7.840000000000000000e+02,-1.153000000000000000e+03,-6.220000000000000000e+02,-4.200000000000000000e+01
1.679988668003216743e+09,1.658400000000000000e+04,5.120000000000000000e+02,-7.840000000000000000e+02,-1.153000000000000000e+03,-6.220000000000000000e+02,-4.200000000000000000e+01
1.679988668003309011e+09,1.658400000000000000e+04,5.120000000000000000e+02,-7.840000000000000000e+02,-1.153000000000000000e+03,-6.220000000000000000e+02,-4.200000000000000000e+01
1.679988668003395796e+09,1.658400000000000000e+04,5.120000000000000000e+02,-7.840000000000000000e+02,-1.153000000000000000e+03,-6.220000000000000000e+02,-4.200000000000000000e+01
1.679988668003569365e+09,1.658400000000000000e+04,5.120000000000000000e+02,-7.840000000000000000e+02,-1.153000000000000000e+03,-6.220000000000000000e+02,-4.200000000000000000e+01
1.679988668003662109e+09,1.658400000000000000e+04,5.120000000000000000e+02,-7.840000000000000000e+02,-1.153000000000000000e+03,-6.220000000000000000e+02,-4.200000000000000000e+01
1.679988668003834963e+09,1.658400000000000000e+04,5.120000000000000000e+02,-7.840000000000000000e+02,-1.153000000000000000e+03,-6.220000000000000000e+02,-4.200000000000000000e+01
1.679988668003925323e+09,1.658400000000000000e+04,5.120000000000000000e+02,-7.840000000000000000e+02,-1.153000000000000000e+03,-6.220000000000000000e+02,-4.200000000000000000e+01
1.679988668004100084e+09,1.658400000000000000e+04,5.120000000000000000e+02,-7.840000000000000000e+02,-1.153000000000000000e+03,-6.220000000000000000e+02,-4.200000000000000000e+01
1.679988668004194736e+09,1.658400000000000000e+04,5.120000000000000000e+02,-7.840000000000000000e+02,-1.153000000000000000e+03,-6.220000000000000000e+02,-4.200000000000000000e+01
1.679988668004368067e+09,1.658400000000000000e+04,5.120000000000000000e+02,-7.840000000000000000e+02,-1.153000000000000000e+03,-6.220000000000000000e+02,-4.200000000000000000e+01
1.679988668004462004e+09,1.658400000000000000e+04,5.120000000000000000e+02,-7.840000000000000000e+02,-1.153000000000000000e+03,-6.220000000000000000e+02,-4.200000000000000000e+01
1.679988668004635334e+09,1.658400000000000000e+04,5.120000000000000000e+02,-7.840000000000000000e+02,-1.153000000000000000e+03,-6.220000000000000000e+02,-4.200000000000000000e+01
1.679988668004735470e+09,1.658400000000000000e+04,5.120000000000000000e+02,-7.840000000000000000e+02,-1.153000000000000000e+03,-6.220000000000000000e+02,-4.200000000000000000e+01
1.679988668004913092e+09,1.658400000000000000e+04,5.120000000000000000e+02,-7.840000000000000000e+02,-1.153000000000000000e+03,-6.220000000000000000e+02,-4.200000000000000000e+01
1.679988668005007029e+09,1.658400000000000000e+04,5.120000000000000000e+02,-7.840000000000000000e+02,-1.153000000000000000e+03,-6.220000000000000000e+02,-4.200000000000000000e+01
1.679988668005180597e+09,1.658400000000000000e+04,5.120000000000000000e+02,-7.840000000000000000e+02,-1.153000000000000000e+03,-6.220000000000000000e+02,-4.200000000000000000e+01
1.679988668005274534e+09,1.658400000000000000e+04,5.120000000000000000e+02,-7.840000000000000000e+02,-1.153000000000000000e+03,-6.220000000000000000e+02,-4.200000000000000000e+01
1.679988668005449533e+09,1.658400000000000000e+04,5.120000000000000000e+02,-7.840000000000000000e+02,-1.153000000000000000e+03,-6.220000000000000000e+02,-4.200000000000000000e+01
1.679988668005596161e+09,1.658400000000000000e+04,5.120000000000000000e+02,-7.840000000000000000e+02,-1.153000000000000000e+03,-6.220000000000000000e+02,-4.200000000000000000e+01
1.679988668005775928e+09,1.658400000000000000e+04,5.120000000000000000e+02,-7.840000000000000000e+02,-1.153000000000000000e+03,-6.220000000000000000e+02,-4.200000000000000000e+01
1.679988668005957127e+09,1.658400000000000000e+04,5.120000000000000000e+02,-7.840000000000000000e+02,-1.153000000000000000e+03,-6.220000000000000000e+02,-4.200000000000000000e+01
1.679988668006137371e+09,1.658400000000000000e+04,5.120000000000000000e+02,-7.840000000000000000e+02,-1.153000000000000000e+03,-6.220000000000000000e+02,-4.200000000000000000e+01
1.679988668006420135e+09,1.658400000000000000e+04,5.120000000000000000e+02,-7.840000000000000000e+02,-1.153000000000000000e+03,-6.220000000000000000e+02,-4.200000000000000000e+01
1.679988668006600380e+09,1.658400000000000000e+04,5.120000000000000000e+02,-7.840000000000000000e+02,-1.153000000000000000e+03,-6.220000000000000000e+02,-4.200000000000000000e+01
1.679988668006779432e+09,1.658400000000000000e+04,5.120000000000000000e+02,-7.840000000000000000e+02,-1.153000000000000000e+03,-6.220000000000000000e+02,-4.200000000000000000e+01
1.679988668006961584e+09,1.658400000000000000e+04,5.120000000000000000e+02,-7.840000000000000000e+02,-1.153000000000000000e+03,-6.220000000000000000e+02,-4.200000000000000000e+01
1.679988668007127285e+09,1.658400000000000000e+04,5.120000000000000000e+02,-7.840000000000000000e+02,-1.153000000000000000e+03,-6.220000000000000000e+02,-4.200000000000000000e+01
1.679988668007248402e+09,1.658400000000000000e+04,5.120000000000000000e+02,-7.840000000000000000e+02,-1.153000000000000000e+03,-6.220000000000000000e+02,-4.200000000000000000e+01
1.679988668007369041e+09,1.658400000000000000e+04,5.120000000000000000e+02,-7.840000000000000000e+02,-1.153000000000000000e+03,-6.220000000000000000e+02,-4.200000000000000000e+01
1.679988668007488966e+09,1.658400000000000000e+04,5.120000000000000000e+02,-7.840000000000000000e+02,-1.153000000000000000e+03,-6.220000000000000000e+02,-4.200000000000000000e+01
1.679988668007608414e+09,1.658400000000000000e+04,5.120000000000000000e+02,-7.840000000000000000e+02,-1.153000000000000000e+03,-6.220000000000000000e+02,-4.200000000000000000e+01
1.679988668007727623e+09,1.658400000000000000e+04,5.120000000000000000e+02,-7.840000000000000000e+02,-1.153000000000000000e+03,-6.220000000000000000e+02,-4.200000000000000000e+01
1.679988668007846355e+09,1.658400000000000000e+04,5.120000000000000000e+02,-7.840000000000000000e+02,-1.153000000000000000e+03,-6.220000000000000000e+02,-4.200000000000000000e+01
1.679988668007965326e+09,1.658400000000000000e+04,5.120000000000000000e+02,-7.840000000000000000e+02,-1.153000000000000000e+03,-6.220000000000000000e+02,-4.200000000000000000e+01
1.679988668008085728e+09,1.658400000000000000e+04,5.120000000000000000e+02,-7.840000000000000000e+02,-1.153000000000000000e+03,-6.220000000000000000e+02,-4.200000000000000000e+01
1.679988668008203983e+09,1.658400000000000000e+04,5.120000000000000000e+02,-7.840000000000000000e+02,-1.153000000000000000e+03,-6.220000000000000000e+02,-4.200000000000000000e+01
1.679988668008580685e+09,1.658400000000000000e+04,5.120000000000000000e+02,-7.840000000000000000e+02,-1.153000000000000000e+03,-6.220000000000000000e+02,-4.200000000000000000e+01
1.679988668008763552e+09,1.658400000000000000e+04,5.120000000000000000e+02,-7.840000000000000000e+02,-1.153000000000000000e+03,-6.220000000000000000e+02,-4.200000000000000000e+01
1.679988668008860111e+09,1.658400000000000000e+04,5.120000000000000000e+02,-7.840000000000000000e+02,-1.153000000000000000e+03,-6.220000000000000000e+02,-4.200000000000000000e+01
1.679988668009034157e+09,1.658400000000000000e+04,5.120000000000000000e+02,-7.840000000000000000e+02,-1.153000000000000000e+03,-6.220000000000000000e+02,-4.200000000000000000e+01
1.679988668009211302e+09,1.658400000000000000e+04,5.120000000000000000e+02,-7.840000000000000000e+02,-1.153000000000000000e+03,-6.220000000000000000e+02,-4.200000000000000000e+01
1.679988668009391069e+09,1.658400000000000000e+04,5.120000000000000000e+02,-7.840000000000000000e+02,-1.153000000000000000e+03,-6.220000000000000000e+02,-4.200000000000000000e+01
1.679988668009569883e+09,1.658400000000000000e+04,5.120000000000000000e+02,-7.840000000000000000e+02,-1.153000000000000000e+03,-6.220000000000000000e+02,-4.200000000000000000e+01
1.679988668009666443e+09,1.658400000000000000e+04,5.120000000000000000e+02,-7.840000000000000000e+02,-1.153000000000000000e+03,-6.220000000000000000e+02,-4.200000000000000000e+01
1.679988668009839773e+09,1.658400000000000000e+04,5.120000000000000000e+02,-7.840000000000000000e+02,-1.153000000000000000e+03,-6.220000000000000000e+02,-4.200000000000000000e+01
1.679988668009931326e+09,1.658400000000000000e+04,5.120000000000000000e+02,-7.840000000000000000e+02,-1.153000000000000000e+03,-6.220000000000000000e+02,-4.200000000000000000e+01
1.679988668010190487e+09,1.658400000000000000e+04,5.120000000000000000e+02,-7.840000000000000000e+02,-1.153000000000000000e+03,-6.220000000000000000e+02,-4.200000000000000000e+01
1.679988668010286570e+09,1.658400000000000000e+04,5.120000000000000000e+02,-7.840000000000000000e+02,-1.153000000000000000e+03,-6.220000000000000000e+02,-4.200000000000000000e+01
1.679988668010460138e+09,1.658400000000000000e+04,5.120000000000000000e+02,-7.840000000000000000e+02,-1.153000000000000000e+03,-6.220000000000000000e+02,-4.200000000000000000e+01
1.679988668010638237e+09,1.658400000000000000e+04,5.120000000000000000e+02,-7.840000000000000000e+02,-1.153000000000000000e+03,-6.220000000000000000e+02,-4.200000000000000000e+01
1.679988668010817289e+09,1.658400000000000000e+04,5.120000000000000000e+02,-7.840000000000000000e+02,-1.153000000000000000e+03,-6.220000000000000000e+02,-4.200000000000000000e+01
1.679988668010925531e+09,1.658400000000000000e+04,5.120000000000000000e+02,-7.840000000000000000e+02,-1.153000000000000000e+03,-6.220000000000000000e+02,-4.200000000000000000e+01
1.679988668011098146e+09,1.658400000000000000e+04,5.120000000000000000e+02,-7.840000000000000000e+02,-1.153000000000000000e+03,-6.220000000000000000e+02,-4.200000000000000000e+01
1.679988668011276722e+09,1.658400000000000000e+04,5.120000000000000000e+02,-7.840000000000000000e+02,-1.153000000000000000e+03,-6.220000000000000000e+02,-4.200000000000000000e+01
1.679988668011367083e+09,1.658400000000000000e+04,5.120000000000000000e+02,-7.840000000000000000e+02,-1.153000000000000000e+03,-6.220000000000000000e+02,-4.200000000000000000e+01
1.679988668011542559e+09,1.658400000000000000e+04,5.120000000000000000e+02,-7.840000000000000000e+02,-1.153000000000000000e+03,-6.220000000000000000e+02,-4.200000000000000000e+01
1.679988668011723042e+09,1.658400000000000000e+04,5.120000000000000000e+02,-7.840000000000000000e+02,-1.153000000000000000e+03,-6.220000000000000000e+02,-4.200000000000000000e+01
1.679988668011902094e+09,1.658400000000000000e+04,5.120000000000000000e+02,-7.840000000000000000e+02,-1.153000000000000000e+03,-6.220000000000000000e+02,-4.200000000000000000e+01
1.679988668012083292e+09,1.658400000000000000e+04,5.120000000000000000e+02,-7.840000000000000000e+02,-1.153000000000000000e+03,-6.220000000000000000e+02,-4.200000000000000000e+01
1.679988668012262106e+09,1.658400000000000000e+04,5.120000000000000000e+02,-7.840000000000000000e+02,-1.153000000000000000e+03,-6.220000000000000000e+02,-4.200000000000000000e+01
1.679988668012364388e+09,1.658400000000000000e+04,5.120000000000000000e+02,-7.840000000000000000e+02,-1.153000000000000000e+03,-6.220000000000000000e+02,-4.200000000000000000e+01
1.679988668012641191e+09,1.658400000000000000e+04,5.120000000000000000e+02,-7.840000000000000000e+02,-1.153000000000000000e+03,-6.220000000000000000e+02,-4.200000000000000000e+01
1.679988668012822390e+09,1.658400000000000000e+04,5.120000000000000000e+02,-7.840000000000000000e+02,-1.153000000000000000e+03,-6.220000000000000000e+02,-4.200000000000000000e+01
1.679988668013010979e+09,1.658400000000000000e+04,5.120000000000000000e+02,-7.840000000000000000e+02,-1.153000000000000000e+03,-6.220000000000000000e+02,-4.200000000000000000e+01
1.679988668013196945e+09,1.658400000000000000e+04,5.120000000000000000e+02,-7.840000000000000000e+02,-1.153000000000000000e+03,-6.220000000000000000e+02,-4.200000000000000000e+01
1.679988668013375759e+09,1.658400000000000000e+04,5.120000000000000000e+02,-7.840000000000000000e+02,-1.153000000000000000e+03,-6.220000000000000000e+02,-4.200000000000000000e+01
1.679988668013471603e+09,1.658400000000000000e+04,5.120000000000000000e+02,-7.840000000000000000e+02,-1.153000000000000000e+03,-6.220000000000000000e+02,-4.200000000000000000e+01
1.679988668013645411e+09,1.658400000000000000e+04,5.120000000000000000e+02,-7.840000000000000000e+02,-1.153000000000000000e+03,-6.220000000000000000e+02,-4.200000000000000000e+01
1.679988668013823748e+09,1.658400000000000000e+04,5.120000000000000000e+02,-7.840000000000000000e+02,-1.153000000000000000e+03,-6.220000000000000000e+02,-4.200000000000000000e+01
1.679988668013929844e+09,1.658400000000000000e+04,5.120000000000000000e+02,-7.840000000000000000e+02,-1.153000000000000000e+03,-6.220000000000000000e+02,-4.200000000000000000e+01
1.679988668014102697e+09,1.658400000000000000e+04,5.120000000000000000e+02,-7.840000000000000000e+02,-1.153000000000000000e+03,-6.220000000000000000e+02,-4.200000000000000000e+01
1.679988668014194965e+09,1.658400000000000000e+04,5.120000000000000000e+02,-7.840000000000000000e+02,-1.153000000000000000e+03,-6.220000000000000000e+02,-4.200000000000000000e+01
1.679988668014367580e+09,1.658400000000000000e+04,5.120000000000000000e+02,-7.840000000000000000e+02,-1.153000000000000000e+03,-6.220000000000000000e+02,-4.200000000000000000e+01
1.679988668014461756e+09,1.658400000000000000e+04,5.120000000000000000e+02,-7.840000000000000000e+02,-1.153000000000000000e+03,-6.220000000000000000e+02,-4.200000000000000000e+01
1.679988668014633656e+09,1.658400000000000000e+04,5.120000000000000000e+02,-7.840000000000000000e+02,-1.153000000000000000e+03,-6.220000000000000000e+02,-4.200000000000000000e+01
1.679988668014727831e+09,1.658400000000000000e+04,5.120000000000000000e+02,-7.840000000000000000e+02,-1.153000000000000000e+03,-6.220000000000000000e+02,-4.200000000000000000e+01
1.679988668014900923e+09,1.658400000000000000e+04,5.120000000000000000e+02,-7.840000000000000000e+02,-1.153000000000000000e+03,-6.220000000000000000e+02,-4.200000000000000000e+01
1.679988668015079737e+09,1.658400000000000000e+04,5.120000000000000000e+02,-7.840000000000000000e+02,-1.153000000000000000e+03,-6.220000000000000000e+02,-4.200000000000000000e+01
1.679988668015186071e+09,1.658400000000000000e+04,5.120000000000000000e+02,-7.840000000000000000e+02,-1.153000000000000000e+03,-6.220000000000000000e+02,-4.200000000000000000e+01
1.679988668015359640e+09,1.658400000000000000e+04,5.120000000000000000e+02,-7.840000000000000000e+02,-1.153000000000000000e+03,-6.220000000000000000e+02,-4.200000000000000000e+01
1.679988668015563488e+09,1.658400000000000000e+04,5.120000000000000000e+02,-7.840000000000000000e+02,-1.153000000000000000e+03,-6.220000000000000000e+02,-4.200000000000000000e+01
1.679988668015744925e+09,1.658400000000000000e+04,5.120000000000000000e+02,-7.840000000000000000e+02,-1.153000000000000000e+03,-6.220000000000000000e+02,-4.200000000000000000e+01
1.679988668015838861e+09,1.658400000000000000e+04,5.120000000000000000e+02,-7.840000000000000000e+02,-1.153000000000000000e+03,-6.220000000000000000e+02,-4.200000000000000000e+01
1.679988668016012907e+09,1.658400000000000000e+04,5.120000000000000000e+02,-7.840000000000000000e+02,-1.153000000000000000e+03,-6.220000000000000000e+02,-4.200000000000000000e+01
1.679988668016115427e+09,1.658400000000000000e+04,5.120000000000000000e+02,-7.840000000000000000e+02,-1.153000000000000000e+03,-6.220000000000000000e+02,-4.200000000000000000e+01
1.679988668016290188e+09,1.658400000000000000e+04,5.120000000000000000e+02,-7.840000000000000000e+02,-1.153000000000000000e+03,-6.220000000000000000e+02,-4.200000000000000000e+01
1.679988668016397715e+09,1.658400000000000000e+04,5.120000000000000000e+02,-7.840000000000000000e+02,-1.153000000000000000e+03,-6.220000000000000000e+02,-4.200000000000000000e+01
1.679988668016573429e+09,1.658400000000000000e+04,5.120000000000000000e+02,-7.840000000000000000e+02,-1.153000000000000000e+03,-6.220000000000000000e+02,-4.200000000000000000e+01
1.679988668016678572e+09,1.658400000000000000e+04,5.120000000000000000e+02,-7.840000000000000000e+02,-1.153000000000000000e+03,-6.220000000000000000e+02,-4.200000000000000000e+01
1.679988668017107248e+09,1.658400000000000000e+04,5.120000000000000000e+02,-7.840000000000000000e+02,-1.153000000000000000e+03,-6.220000000000000000e+02,-4.200000000000000000e+01
1.679988668017288208e+09,1.658400000000000000e+04,5.120000000000000000e+02,-7.840000000000000000e+02,-1.153000000000000000e+03,-6.220000000000000000e+02,-4.200000000000000000e+01
1.679988668017382145e+09,1.658400000000000000e+04,5.120000000000000000e+02,-7.840000000000000000e+02,-1.153000000000000000e+03,-6.220000000000000000e+02,-4.200000000000000000e+01
1.679988668017555714e+09,1.658400000000000000e+04,5.120000000000000000e+02,-7.840000000000000000e+02,-1.153000000000000000e+03,-6.220000000000000000e+02,-4.200000000000000000e+01
1.679988668017648697e+09,1.658400000000000000e+04,5.120000000000000000e+02,-7.840000000000000000e+02,-1.153000000000000000e+03,-6.220000000000000000e+02,-4.200000000000000000e+01
1.679988668017821550e+09,1.658400000000000000e+04,5.120000000000000000e+02,-7.840000000000000000e+02,-1.153000000000000000e+03,-6.220000000000000000e+02,-4.200000000000000000e+01
1.679988668017998219e+09,1.658400000000000000e+04,5.120000000000000000e+02,-7.840000000000000000e+02,-1.153000000000000000e+03,-6.220000000000000000e+02,-4.200000000000000000e+01
1.679988668018177271e+09,1.658400000000000000e+04,5.120000000000000000e+02,-7.840000000000000000e+02,-1.153000000000000000e+03,-6.220000000000000000e+02,-4.200000000000000000e+01
1.679988668018356323e+09,1.658400000000000000e+04,5.120000000000000000e+02,-7.840000000000000000e+02,-1.153000000000000000e+03,-6.220000000000000000e+02,-4.200000000000000000e+01
1.679988668018463850e+09,1.658400000000000000e+04,5.120000000000000000e+02,-7.840000000000000000e+02,-1.153000000000000000e+03,-6.220000000000000000e+02,-4.200000000000000000e+01
1.679988668018741846e+09,1.658400000000000000e+04,5.120000000000000000e+02,-7.840000000000000000e+02,-1.153000000000000000e+03,-6.220000000000000000e+02,-4.200000000000000000e+01
1.679988668018920660e+09,1.658400000000000000e+04,5.120000000000000000e+02,-7.840000000000000000e+02,-1.153000000000000000e+03,-6.220000000000000000e+02,-4.200000000000000000e+01
1.679988668019097328e+09,1.658400000000000000e+04,5.120000000000000000e+02,-7.840000000000000000e+02,-1.153000000000000000e+03,-6.220000000000000000e+02,-4.200000000000000000e+01
1.679988668019204140e+09,1.658400000000000000e+04,5.120000000000000000e+02,-7.840000000000000000e+02,-1.153000000000000000e+03,-6.220000000000000000e+02,-4.200000000000000000e+01
1.679988668019377232e+09,1.658400000000000000e+04,5.120000000000000000e+02,-7.840000000000000000e+02,-1.153000000000000000e+03,-6.220000000000000000e+02,-4.200000000000000000e+01
1.679988668019554377e+09,1.658400000000000000e+04,5.120000000000000000e+02,-7.840000000000000000e+02,-1.153000000000000000e+03,-6.220000000000000000e+02,-4.200000000000000000e+01
1.679988668019661665e+09,1.658400000000000000e+04,5.120000000000000000e+02,-7.840000000000000000e+02,-1.153000000000000000e+03,-6.220000000000000000e+02,-4.200000000000000000e+01
1.679988668019837141e+09,1.658400000000000000e+04,5.120000000000000000e+02,-7.840000000000000000e+02,-1.153000000000000000e+03,-6.220000000000000000e+02,-4.200000000000000000e+01
1.679988668019930840e+09,1.658400000000000000e+04,5.120000000000000000e+02,-7.840000000000000000e+02,-1.153000000000000000e+03,-6.220000000000000000e+02,-4.200000000000000000e+01
1.679988668020031214e+09,1.658400000000000000e+04,5.120000000000000000e+02,-7.840000000000000000e+02,-1.153000000000000000e+03,-6.220000000000000000e+02,-4.200000000000000000e+01
1.679988668020204067e+09,1.658400000000000000e+04,5.120000000000000000e+02,-7.840000000000000000e+02,-1.153000000000000000e+03,-6.220000000000000000e+02,-4.200000000000000000e+01
1.679988668020309448e+09,1.658400000000000000e+04,5.120000000000000000e+02,-7.840000000000000000e+02,-1.153000000000000000e+03,-6.220000000000000000e+02,-4.200000000000000000e+01
1.679988668020481348e+09,1.658400000000000000e+04,5.120000000000000000e+02,-7.840000000000000000e+02,-1.153000000000000000e+03,-6.220000000000000000e+02,-4.200000000000000000e+01
1.679988668020659447e+09,1.658400000000000000e+04,5.120000000000000000e+02,-7.840000000000000000e+02,-1.153000000000000000e+03,-6.220000000000000000e+02,-4.200000000000000000e+01
1.679988668020840406e+09,1.658400000000000000e+04,5.120000000000000000e+02,-7.840000000000000000e+02,-1.153000000000000000e+03,-6.220000000000000000e+02,-4.200000000000000000e+01
1.679988668021022797e+09,1.658400000000000000e+04,5.120000000000000000e+02,-7.840000000000000000e+02,-1.153000000000000000e+03,-6.220000000000000000e+02,-4.200000000000000000e+01
1.679988668021203518e+09,1.658400000000000000e+04,5.120000000000000000e+02,-7.840000000000000000e+02,-1.153000000000000000e+03,-6.220000000000000000e+02,-4.200000000000000000e+01
1.679988668021310568e+09,1.658400000000000000e+04,5.120000000000000000e+02,-7.840000000000000000e+02,-1.153000000000000000e+03,-6.220000000000000000e+02,-4.200000000000000000e+01
1.679988668021484375e+09,1.658400000000000000e+04,5.120000000000000000e+02,-7.840000000000000000e+02,-1.153000000000000000e+03,-6.220000000000000000e+02,-4.200000000000000000e+01
1.679988668021660566e+09,1.658400000000000000e+04,5.120000000000000000e+02,-7.840000000000000000e+02,-1.153000000000000000e+03,-6.220000000000000000e+02,-4.200000000000000000e+01
1.679988668021841526e+09,1.658400000000000000e+04,5.120000000000000000e+02,-7.840000000000000000e+02,-1.153000000000000000e+03,-6.220000000000000000e+02,-4.200000000000000000e+01
1.679988668021948576e+09,1.658400000000000000e+04,5.120000000000000000e+02,-7.840000000000000000e+02,-1.153000000000000000e+03,-6.220000000000000000e+02,-4.200000000000000000e+01
1.679988668022123098e+09,1.658400000000000000e+04,5.120000000000000000e+02,-7.840000000000000000e+02,-1.153000000000000000e+03,-6.220000000000000000e+02,-4.200000000000000000e+01
1.679988668022303343e+09,1.658400000000000000e+04,5.120000000000000000e+02,-7.840000000000000000e+02,-1.153000000000000000e+03,-6.220000000000000000e+02,-4.200000000000000000e+01
1.679988668022395849e+09,1.658400000000000000e+04,5.120000000000000000e+02,-7.840000000000000000e+02,-1.153000000000000000e+03,-6.220000000000000000e+02,-4.200000000000000000e+01
1.679988668022572041e+09,1.658400000000000000e+04,5.120000000000000000e+02,-7.840000000000000000e+02,-1.153000000000000000e+03,-6.220000000000000000e+02,-4.200000000000000000e+01
1.679988668022678614e+09,1.658400000000000000e+04,5.120000000000000000e+02,-7.840000000000000000e+02,-1.153000000000000000e+03,-6.220000000000000000e+02,-4.200000000000000000e+01
1.679988668022852898e+09,1.658400000000000000e+04,5.120000000000000000e+02,-7.840000000000000000e+02,-1.153000000000000000e+03,-6.220000000000000000e+02,-4.200000000000000000e+01
1.679988668023030758e+09,1.658400000000000000e+04,5.120000000000000000e+02,-7.840000000000000000e+02,-1.153000000000000000e+03,-6.220000000000000000e+02,-4.200000000000000000e+01
1.679988668023210526e+09,1.658400000000000000e+04,5.120000000000000000e+02,-7.840000000000000000e+02,-1.153000000000000000e+03,-6.220000000000000000e+02,-4.200000000000000000e+01
1.679988668023391485e+09,1.658400000000000000e+04,5.120000000000000000e+02,-7.840000000000000000e+02,-1.153000000000000000e+03,-6.220000000000000000e+02,-4.200000000000000000e+01
1.679988668023569584e+09,1.658400000000000000e+04,5.120000000000000000e+02,-7.840000000000000000e+02,-1.153000000000000000e+03,-6.220000000000000000e+02,-4.200000000000000000e+01
1.679988668023851633e+09,1.658400000000000000e+04,5.120000000000000000e+02,-7.840000000000000000e+02,-1.153000000000000000e+03,-6.220000000000000000e+02,-4.200000000000000000e+01
1.679988668023952961e+09,1.658400000000000000e+04,5.120000000000000000e+02,-7.840000000000000000e+02,-1.153000000000000000e+03,-6.220000000000000000e+02,-4.200000000000000000e+01
1.679988668024131775e+09,1.658400000000000000e+04,5.120000000000000000e+02,-7.840000000000000000e+02,-1.153000000000000000e+03,-6.220000000000000000e+02,-4.200000000000000000e+01
1.679988668024312735e+09,1.658400000000000000e+04,5.120000000000000000e+02,-7.840000000000000000e+02,-1.153000000000000000e+03,-6.220000000000000000e+02,-4.200000000000000000e+01
1.679988668024419785e+09,1.658400000000000000e+04,5.120000000000000000e+02,-7.840000000000000000e+02,-1.153000000000000000e+03,-6.220000000000000000e+02,-4.200000000000000000e+01
1.679988668024593830e+09,1.658400000000000000e+04,5.120000000000000000e+02,-7.840000000000000000e+02,-1.153000000000000000e+03,-6.220000000000000000e+02,-4.200000000000000000e+01
1.679988668024770021e+09,1.658400000000000000e+04,5.120000000000000000e+02,-7.840000000000000000e+02,-1.153000000000000000e+03,-6.220000000000000000e+02,-4.200000000000000000e+01
1.679988668024863005e+09,1.658400000000000000e+04,5.120000000000000000e+02,-7.840000000000000000e+02,-1.153000000000000000e+03,-6.220000000000000000e+02,-4.200000000000000000e+01
1.679988668025038242e+09,1.658400000000000000e+04,5.120000000000000000e+02,-7.840000000000000000e+02,-1.153000000000000000e+03,-6.220000000000000000e+02,-4.200000000000000000e+01
1.679988668025217056e+09,1.658400000000000000e+04,5.120000000000000000e+02,-7.840000000000000000e+02,-1.153000000000000000e+03,-6.220000000000000000e+02,-4.200000000000000000e+01
1.679988668025373936e+09,1.658400000000000000e+04,5.120000000000000000e+02,-7.840000000000000000e+02,-1.153000000000000000e+03,-6.220000000000000000e+02,-4.200000000000000000e+01
1.679988668025526285e+09,1.658400000000000000e+04,5.120000000000000000e+02,-7.840000000000000000e+02,-1.153000000000000000e+03,-6.220000000000000000e+02,-4.200000000000000000e+01
1.679988668025901556e+09,1.658400000000000000e+04,5.120000000000000000e+02,-7.840000000000000000e+02,-1.153000000000000000e+03,-6.220000000000000000e+02,-4.200000000000000000e+01
1.679988668026083946e+09,1.658400000000000000e+04,5.120000000000000000e+02,-7.840000000000000000e+02,-1.153000000000000000e+03,-6.220000000000000000e+02,-4.200000000000000000e+01
1.679988668026267052e+09,1.658400000000000000e+04,5.120000000000000000e+02,-7.840000000000000000e+02,-1.153000000000000000e+03,-6.220000000000000000e+02,-4.200000000000000000e+01
1.679988668026447773e+09,1.658400000000000000e+04,5.120000000000000000e+02,-7.840000000000000000e+02,-1.153000000000000000e+03,-6.220000000000000000e+02,-4.200000000000000000e+01
1.679988668026626587e+09,1.658400000000000000e+04,5.120000000000000000e+02,-7.840000000000000000e+02,-1.153000000000000000e+03,-6.220000000000000000e+02,-4.200000000000000000e+01
1.679988668026808500e+09,1.658400000000000000e+04,5.120000000000000000e+02,-7.840000000000000000e+02,-1.153000000000000000e+03,-6.220000000000000000e+02,-4.200000000000000000e+01
1.679988668026988983e+09,1.658400000000000000e+04,5.120000000000000000e+02,-7.840000000000000000e+02,-1.153000000000000000e+03,-6.220000000000000000e+02,-4.200000000000000000e+01
1.679988668027169466e+09,1.658400000000000000e+04,5.120000000000000000e+02,-7.840000000000000000e+02,-1.153000000000000000e+03,-6.220000000000000000e+02,-4.200000000000000000e+01
1.679988668027348995e+09,1.658400000000000000e+04,5.120000000000000000e+02,-7.840000000000000000e+02,-1.153000000000000000e+03,-6.220000000000000000e+02,-4.200000000000000000e+01
1.679988668027442217e+09,1.658400000000000000e+04,5.120000000000000000e+02,-7.840000000000000000e+02,-1.153000000000000000e+03,-6.220000000000000000e+02,-4.200000000000000000e+01
1.679988668027616739e+09,1.658400000000000000e+04,5.120000000000000000e+02,-7.840000000000000000e+02,-1.153000000000000000e+03,-6.220000000000000000e+02,-4.200000000000000000e+01
1.679988668027794123e+09,1.658400000000000000e+04,5.120000000000000000e+02,-7.840000000000000000e+02,-1.153000000000000000e+03,-6.220000000000000000e+02,-4.200000000000000000e+01
1.679988668027974367e+09,1.658400000000000000e+04,5.120000000000000000e+02,-7.840000000000000000e+02,-1.153000000000000000e+03,-6.220000000000000000e+02,-4.200000000000000000e+01
1.679988668028081656e+09,1.658400000000000000e+04,5.120000000000000000e+02,-7.840000000000000000e+02,-1.153000000000000000e+03,-6.220000000000000000e+02,-4.200000000000000000e+01
1.679988668028255224e+09,1.658400000000000000e+04,5.120000000000000000e+02,-7.840000000000000000e+02,-1.153000000000000000e+03,-6.220000000000000000e+02,-4.200000000000000000e+01
1.679988668028433323e+09,1.658400000000000000e+04,5.120000000000000000e+02,-7.840000000000000000e+02,-1.153000000000000000e+03,-6.220000000000000000e+02,-4.200000000000000000e+01
1.679988668028546810e+09,1.658400000000000000e+04,5.120000000000000000e+02,-7.840000000000000000e+02,-1.153000000000000000e+03,-6.220000000000000000e+02,-4.200000000000000000e+01
1.679988668028636456e+09,1.658400000000000000e+04,5.120000000000000000e+02,-7.840000000000000000e+02,-1.153000000000000000e+03,-6.220000000000000000e+02,-4.200000000000000000e+01
1.679988668028808117e+09,1.658400000000000000e+04,5.120000000000000000e+02,-7.840000000000000000e+02,-1.153000000000000000e+03,-6.220000000000000000e+02,-4.200000000000000000e+01
1.679988668028986216e+09,1.658400000000000000e+04,5.120000000000000000e+02,-7.840000000000000000e+02,-1.153000000000000000e+03,-6.220000000000000000e+02,-4.200000000000000000e+01
1.679988668029266596e+09,1.658400000000000000e+04,5.120000000000000000e+02,-7.840000000000000000e+02,-1.153000000000000000e+03,-6.220000000000000000e+02,-4.200000000000000000e+01
1.679988668029374123e+09,1.658400000000000000e+04,5.120000000000000000e+02,-7.840000000000000000e+02,-1.153000000000000000e+03,-6.220000000000000000e+02,-4.200000000000000000e+01
1.679988668029547930e+09,1.658400000000000000e+04,5.120000000000000000e+02,-7.840000000000000000e+02,-1.153000000000000000e+03,-6.220000000000000000e+02,-4.200000000000000000e+01
1.679988668029726744e+09,1.658400000000000000e+04,5.120000000000000000e+02,-7.840000000000000000e+02,-1.153000000000000000e+03,-6.220000000000000000e+02,-4.200000000000000000e+01
1.679988668029906750e+09,1.658400000000000000e+04,5.120000000000000000e+02,-7.840000000000000000e+02,-1.153000000000000000e+03,-6.220000000000000000e+02,-4.200000000000000000e+01
1.679988668030014038e+09,1.658400000000000000e+04,5.120000000000000000e+02,-7.840000000000000000e+02,-1.153000000000000000e+03,-6.220000000000000000e+02,-4.200000000000000000e+01
1.679988668030186892e+09,1.658400000000000000e+04,5.120000000000000000e+02,-7.840000000000000000e+02,-1.153000000000000000e+03,-6.220000000000000000e+02,-4.200000000000000000e+01
1.679988668030364275e+09,1.658400000000000000e+04,5.120000000000000000e+02,-7.840000000000000000e+02,-1.153000000000000000e+03,-6.220000000000000000e+02,-4.200000000000000000e+01
1.679988668030541897e+09,1.658400000000000000e+04,5.120000000000000000e+02,-7.840000000000000000e+02,-1.153000000000000000e+03,-6.220000000000000000e+02,-4.200000000000000000e+01
1.679988668030722141e+09,1.658400000000000000e+04,5.120000000000000000e+02,-7.840000000000000000e+02,-1.153000000000000000e+03,-6.220000000000000000e+02,-4.200000000000000000e+01
1.679988668030901432e+09,1.658400000000000000e+04,5.120000000000000000e+02,-7.840000000000000000e+02,-1.153000000000000000e+03,-6.220000000000000000e+02,-4.200000000000000000e+01
1.679988668031081200e+09,1.658400000000000000e+04,5.120000000000000000e+02,-7.840000000000000000e+02,-1.153000000000000000e+03,-6.220000000000000000e+02,-4.200000000000000000e+01
1.679988668031174183e+09,1.658400000000000000e+04,5.120000000000000000e+02,-7.840000000000000000e+02,-1.153000000000000000e+03,-6.220000000000000000e+02,-4.200000000000000000e+01
1.679988668031347752e+09,1.658400000000000000e+04,5.120000000000000000e+02,-7.840000000000000000e+02,-1.153000000000000000e+03,-6.220000000000000000e+02,-4.200000000000000000e+01
1.679988668031524658e+09,1.658400000000000000e+04,5.120000000000000000e+02,-7.840000000000000000e+02,-1.153000000000000000e+03,-6.220000000000000000e+02,-4.200000000000000000e+01
1.679988668031704903e+09,1.658400000000000000e+04,5.120000000000000000e+02,-7.840000000000000000e+02,-1.153000000000000000e+03,-6.220000000000000000e+02,-4.200000000000000000e+01
1.679988668031883478e+09,1.658400000000000000e+04,5.120000000000000000e+02,-7.840000000000000000e+02,-1.153000000000000000e+03,-6.220000000000000000e+02,-4.200000000000000000e+01
1.679988668031990767e+09,1.658400000000000000e+04,5.120000000000000000e+02,-7.840000000000000000e+02,-1.153000000000000000e+03,-6.220000000000000000e+02,-4.200000000000000000e+01
1.679988668032167912e+09,1.658400000000000000e+04,5.120000000000000000e+02,-7.840000000000000000e+02,-1.153000000000000000e+03,-6.220000000000000000e+02,-4.200000000000000000e+01
1.679988668032258987e+09,1.658400000000000000e+04,5.120000000000000000e+02,-7.840000000000000000e+02,-1.153000000000000000e+03,-6.220000000000000000e+02,-4.200000000000000000e+01
1.679988668032360792e+09,1.658400000000000000e+04,5.120000000000000000e+02,-7.840000000000000000e+02,-1.153000000000000000e+03,-6.220000000000000000e+02,-4.200000000000000000e+01
1.679988668032534599e+09,1.658400000000000000e+04,5.120000000000000000e+02,-7.840000000000000000e+02,-1.153000000000000000e+03,-6.220000000000000000e+02,-4.200000000000000000e+01
1.679988668032711506e+09,1.658400000000000000e+04,5.120000000000000000e+02,-7.840000000000000000e+02,-1.153000000000000000e+03,-6.220000000000000000e+02,-4.200000000000000000e+01
1.679988668032889843e+09,1.658400000000000000e+04,5.120000000000000000e+02,-7.840000000000000000e+02,-1.153000000000000000e+03,-6.220000000000000000e+02,-4.200000000000000000e+01
1.679988668033079863e+09,1.658400000000000000e+04,5.120000000000000000e+02,-7.840000000000000000e+02,-1.153000000000000000e+03,-6.220000000000000000e+02,-4.200000000000000000e+01
1.679988668033257246e+09,1.658400000000000000e+04,5.120000000000000000e+02,-7.840000000000000000e+02,-1.153000000000000000e+03,-6.220000000000000000e+02,-4.200000000000000000e+01
1.679988668033437014e+09,1.658400000000000000e+04,5.120000000000000000e+02,-7.840000000000000000e+02,-1.153000000000000000e+03,-6.220000000000000000e+02,-4.200000000000000000e+01
1.679988668033626795e+09,1.658400000000000000e+04,5.120000000000000000e+02,-7.840000000000000000e+02,-1.153000000000000000e+03,-6.220000000000000000e+02,-4.200000000000000000e+01
1.679988668033803940e+09,1.658400000000000000e+04,5.120000000000000000e+02,-7.840000000000000000e+02,-1.153000000000000000e+03,-6.220000000000000000e+02,-4.200000000000000000e+01
1.679988668034445524e+09,1.658400000000000000e+04,5.120000000000000000e+02,-7.840000000000000000e+02,-1.153000000000000000e+03,-6.220000000000000000e+02,-4.200000000000000000e+01
1.679988668034624815e+09,1.658400000000000000e+04,5.120000000000000000e+02,-7.840000000000000000e+02,-1.153000000000000000e+03,-6.220000000000000000e+02,-4.200000000000000000e+01
1.679988668034815073e+09,1.658400000000000000e+04,5.120000000000000000e+02,-7.840000000000000000e+02,-1.153000000000000000e+03,-6.220000000000000000e+02,-4.200000000000000000e+01
1.679988668035003662e+09,1.658400000000000000e+04,5.120000000000000000e+02,-7.840000000000000000e+02,-1.153000000000000000e+03,-6.220000000000000000e+02,-4.200000000000000000e+01
1.679988668035180569e+09,1.658400000000000000e+04,5.120000000000000000e+02,-7.840000000000000000e+02,-1.153000000000000000e+03,-6.220000000000000000e+02,-4.200000000000000000e+01
1.679988668035274982e+09,1.658400000000000000e+04,5.120000000000000000e+02,-7.840000000000000000e+02,-1.153000000000000000e+03,-6.220000000000000000e+02,-4.200000000000000000e+01
1.679988668035448790e+09,1.658400000000000000e+04,5.120000000000000000e+02,-7.840000000000000000e+02,-1.153000000000000000e+03,-6.220000000000000000e+02,-4.200000000000000000e+01
1.679988668035659075e+09,1.658400000000000000e+04,5.120000000000000000e+02,-7.840000000000000000e+02,-1.153000000000000000e+03,-6.220000000000000000e+02,-4.200000000000000000e+01
1.679988668035848618e+09,1.658400000000000000e+04,5.120000000000000000e+02,-7.840000000000000000e+02,-1.153000000000000000e+03,-6.220000000000000000e+02,-4.200000000000000000e+01
1.679988668036037922e+09,1.658400000000000000e+04,5.120000000000000000e+02,-7.840000000000000000e+02,-1.153000000000000000e+03,-6.220000000000000000e+02,-4.200000000000000000e+01
1.679988668036218405e+09,1.658400000000000000e+04,5.120000000000000000e+02,-7.840000000000000000e+02,-1.153000000000000000e+03,-6.220000000000000000e+02,-4.200000000000000000e+01
1.679988668036398649e+09,1.658400000000000000e+04,5.120000000000000000e+02,-7.840000000000000000e+02,-1.153000000000000000e+03,-6.220000000000000000e+02,-4.200000000000000000e+01
1.679988668036578417e+09,1.658400000000000000e+04,5.120000000000000000e+02,-7.840000000000000000e+02,-1.153000000000000000e+03,-6.220000000000000000e+02,-4.200000000000000000e+01
1.679988668036758900e+09,1.658400000000000000e+04,5.120000000000000000e+02,-7.840000000000000000e+02,-1.153000000000000000e+03,-6.220000000000000000e+02,-4.200000000000000000e+01
1.679988668036938429e+09,1.658400000000000000e+04,5.120000000000000000e+02,-7.840000000000000000e+02,-1.153000000000000000e+03,-6.220000000000000000e+02,-4.200000000000000000e+01
1.679988668037044764e+09,1.658400000000000000e+04,5.120000000000000000e+02,-7.840000000000000000e+02,-1.153000000000000000e+03,-6.220000000000000000e+02,-4.200000000000000000e+01
1.679988668037131786e+09,1.658400000000000000e+04,5.120000000000000000e+02,-7.840000000000000000e+02,-1.153000000000000000e+03,-6.220000000000000000e+02,-4.200000000000000000e+01
1.679988668037304640e+09,1.658400000000000000e+04,5.120000000000000000e+02,-7.840000000000000000e+02,-1.153000000000000000e+03,-6.220000000000000000e+02,-4.200000000000000000e+01
1.679988668037481546e+09,1.658400000000000000e+04,5.120000000000000000e+02,-7.840000000000000000e+02,-1.153000000000000000e+03,-6.220000000000000000e+02,-4.200000000000000000e+01
1.679988668037589073e+09,1.658400000000000000e+04,5.120000000000000000e+02,-7.840000000000000000e+02,-1.153000000000000000e+03,-6.220000000000000000e+02,-4.200000000000000000e+01
1.679988668037763119e+09,1.658400000000000000e+04,5.120000000000000000e+02,-7.840000000000000000e+02,-1.153000000000000000e+03,-6.220000000000000000e+02,-4.200000000000000000e+01
1.679988668037870884e+09,1.658400000000000000e+04,5.120000000000000000e+02,-7.840000000000000000e+02,-1.153000000000000000e+03,-6.220000000000000000e+02,-4.200000000000000000e+01
1.679988668038043976e+09,1.658400000000000000e+04,5.120000000000000000e+02,-7.840000000000000000e+02,-1.153000000000000000e+03,-6.220000000000000000e+02,-4.200000000000000000e+01
1.679988668038222075e+09,1.658400000000000000e+04,5.120000000000000000e+02,-7.840000000000000000e+02,-1.153000000000000000e+03,-6.220000000000000000e+02,-4.200000000000000000e+01
1.679988668038403273e+09,1.658400000000000000e+04,5.120000000000000000e+02,-7.840000000000000000e+02,-1.153000000000000000e+03,-6.220000000000000000e+02,-4.200000000000000000e+01
1.679988668038582087e+09,1.658400000000000000e+04,5.120000000000000000e+02,-7.840000000000000000e+02,-1.153000000000000000e+03,-6.220000000000000000e+02,-4.200000000000000000e+01
1.679988668038862705e+09,1.658400000000000000e+04,5.120000000000000000e+02,-7.840000000000000000e+02,-1.153000000000000000e+03,-6.220000000000000000e+02,-4.200000000000000000e+01
1.679988668039043427e+09,1.658400000000000000e+04,5.120000000000000000e+02,-7.840000000000000000e+02,-1.153000000000000000e+03,-6.220000000000000000e+02,-4.200000000000000000e+01
1.679988668039222717e+09,1.658400000000000000e+04,5.120000000000000000e+02,-7.840000000000000000e+02,-1.153000000000000000e+03,-6.220000000000000000e+02,-4.200000000000000000e+01
1.679988668039331675e+09,1.658400000000000000e+04,5.120000000000000000e+02,-7.840000000000000000e+02,-1.153000000000000000e+03,-6.220000000000000000e+02,-4.200000000000000000e+01
1.679988668039505243e+09,1.658400000000000000e+04,5.120000000000000000e+02,-7.840000000000000000e+02,-1.153000000000000000e+03,-6.220000000000000000e+02,-4.200000000000000000e+01
1.679988668039682388e+09,1.658400000000000000e+04,5.120000000000000000e+02,-7.840000000000000000e+02,-1.153000000000000000e+03,-6.220000000000000000e+02,-4.200000000000000000e+01
1.679988668039863348e+09,1.658400000000000000e+04,5.120000000000000000e+02,-7.840000000000000000e+02,-1.153000000000000000e+03,-6.220000000000000000e+02,-4.200000000000000000e+01
1.679988668040044308e+09,1.658400000000000000e+04,5.120000000000000000e+02,-7.840000000000000000e+02,-1.153000000000000000e+03,-6.220000000000000000e+02,-4.200000000000000000e+01
1.679988668040138245e+09,1.658400000000000000e+04,5.120000000000000000e+02,-7.840000000000000000e+02,-1.153000000000000000e+03,-6.220000000000000000e+02,-4.200000000000000000e+01
1.679988668040310860e+09,1.658400000000000000e+04,5.120000000000000000e+02,-7.840000000000000000e+02,-1.153000000000000000e+03,-6.220000000000000000e+02,-4.200000000000000000e+01
1.679988668040489197e+09,1.658400000000000000e+04,5.120000000000000000e+02,-7.840000000000000000e+02,-1.153000000000000000e+03,-6.220000000000000000e+02,-4.200000000000000000e+01
1.679988668040668249e+09,1.658400000000000000e+04,5.120000000000000000e+02,-7.840000000000000000e+02,-1.153000000000000000e+03,-6.220000000000000000e+02,-4.200000000000000000e+01
1.679988668040776730e+09,1.658400000000000000e+04,5.120000000000000000e+02,-7.840000000000000000e+02,-1.153000000000000000e+03,-6.220000000000000000e+02,-4.200000000000000000e+01
1.679988668040878296e+09,1.658400000000000000e+04,5.120000000000000000e+02,-7.840000000000000000e+02,-1.153000000000000000e+03,-6.220000000000000000e+02,-4.200000000000000000e+01
1.679988668041052103e+09,1.658400000000000000e+04,5.120000000000000000e+02,-7.840000000000000000e+02,-1.153000000000000000e+03,-6.220000000000000000e+02,-4.200000000000000000e+01
1.679988668041229725e+09,1.658400000000000000e+04,5.120000000000000000e+02,-7.840000000000000000e+02,-1.153000000000000000e+03,-6.220000000000000000e+02,-4.200000000000000000e+01
1.679988668041410208e+09,1.658400000000000000e+04,5.120000000000000000e+02,-7.840000000000000000e+02,-1.153000000000000000e+03,-6.220000000000000000e+02,-4.200000000000000000e+01
1.679988668041599989e+09,1.658400000000000000e+04,5.120000000000000000e+02,-7.840000000000000000e+02,-1.153000000000000000e+03,-6.220000000000000000e+02,-4.200000000000000000e+01
1.679988668041778326e+09,1.658400000000000000e+04,5.120000000000000000e+02,-7.840000000000000000e+02,-1.153000000000000000e+03,-6.220000000000000000e+02,-4.200000000000000000e+01
1.679988668041968584e+09,1.658400000000000000e+04,5.120000000000000000e+02,-7.840000000000000000e+02,-1.153000000000000000e+03,-6.220000000000000000e+02,-4.200000000000000000e+01
1.679988668042145491e+09,1.658400000000000000e+04,5.120000000000000000e+02,-7.840000000000000000e+02,-1.153000000000000000e+03,-6.220000000000000000e+02,-4.200000000000000000e+01
1.679988668042334318e+09,1.658400000000000000e+04,5.120000000000000000e+02,-7.840000000000000000e+02,-1.153000000000000000e+03,-6.220000000000000000e+02,-4.200000000000000000e+01
1.679988668042521238e+09,1.658400000000000000e+04,5.120000000000000000e+02,-7.840000000000000000e+02,-1.153000000000000000e+03,-6.220000000000000000e+02,-4.200000000000000000e+01
1.679988668042952538e+09,1.658400000000000000e+04,5.120000000000000000e+02,-7.840000000000000000e+02,-1.153000000000000000e+03,-6.220000000000000000e+02,-4.200000000000000000e+01
1.679988668043133736e+09,1.658400000000000000e+04,5.120000000000000000e+02,-7.840000000000000000e+02,-1.153000000000000000e+03,-6.220000000000000000e+02,-4.200000000000000000e+01
1.679988668043312788e+09,1.658400000000000000e+04,5.120000000000000000e+02,-7.840000000000000000e+02,-1.153000000000000000e+03,-6.220000000000000000e+02,-4.200000000000000000e+01
1.679988668043592930e+09,1.658400000000000000e+04,5.120000000000000000e+02,-7.840000000000000000e+02,-1.153000000000000000e+03,-6.220000000000000000e+02,-4.200000000000000000e+01
1.679988668043770790e+09,1.658400000000000000e+04,5.120000000000000000e+02,-7.840000000000000000e+02,-1.153000000000000000e+03,-6.220000000000000000e+02,-4.200000000000000000e+01
1.679988668043960810e+09,1.658400000000000000e+04,5.120000000000000000e+02,-7.840000000000000000e+02,-1.153000000000000000e+03,-6.220000000000000000e+02,-4.200000000000000000e+01
1.679988668044134855e+09,1.658400000000000000e+04,5.120000000000000000e+02,-7.840000000000000000e+02,-1.153000000000000000e+03,-6.220000000000000000e+02,-4.200000000000000000e+01
1.679988668044324398e+09,1.658400000000000000e+04,5.120000000000000000e+02,-7.840000000000000000e+02,-1.153000000000000000e+03,-6.220000000000000000e+02,-4.200000000000000000e+01
1.679988668044412613e+09,1.658400000000000000e+04,5.120000000000000000e+02,-7.840000000000000000e+02,-1.153000000000000000e+03,-6.220000000000000000e+02,-4.200000000000000000e+01
1.679988668044584990e+09,1.658400000000000000e+04,5.120000000000000000e+02,-7.840000000000000000e+02,-1.153000000000000000e+03,-6.220000000000000000e+02,-4.200000000000000000e+01
1.679988668044762611e+09,1.658400000000000000e+04,5.120000000000000000e+02,-7.840000000000000000e+02,-1.153000000000000000e+03,-6.220000000000000000e+02,-4.200000000000000000e+01
1.679988668044852257e+09,1.658400000000000000e+04,5.120000000000000000e+02,-7.840000000000000000e+02,-1.153000000000000000e+03,-6.220000000000000000e+02,-4.200000000000000000e+01
1.679988668045025587e+09,1.658400000000000000e+04,5.120000000000000000e+02,-7.840000000000000000e+02,-1.153000000000000000e+03,-6.220000000000000000e+02,-4.200000000000000000e+01
1.679988668045202732e+09,1.658400000000000000e+04,5.120000000000000000e+02,-7.840000000000000000e+02,-1.153000000000000000e+03,-6.220000000000000000e+02,-4.200000000000000000e+01
1.679988668045307875e+09,1.658400000000000000e+04,5.120000000000000000e+02,-7.840000000000000000e+02,-1.153000000000000000e+03,-6.220000000000000000e+02,-4.200000000000000000e+01
1.679988668045495749e+09,1.658400000000000000e+04,5.120000000000000000e+02,-7.840000000000000000e+02,-1.153000000000000000e+03,-6.220000000000000000e+02,-4.200000000000000000e+01
1.679988668045677900e+09,1.658400000000000000e+04,5.120000000000000000e+02,-7.840000000000000000e+02,-1.153000000000000000e+03,-6.220000000000000000e+02,-4.200000000000000000e+01
1.679988668045856237e+09,1.658400000000000000e+04,5.120000000000000000e+02,-7.840000000000000000e+02,-1.153000000000000000e+03,-6.220000000000000000e+02,-4.200000000000000000e+01
1.679988668046040058e+09,1.658400000000000000e+04,5.120000000000000000e+02,-7.840000000000000000e+02,-1.153000000000000000e+03,-6.220000000000000000e+02,-4.200000000000000000e+01
1.679988668046149492e+09,1.658400000000000000e+04,5.120000000000000000e+02,-7.840000000000000000e+02,-1.153000000000000000e+03,-6.220000000000000000e+02,-4.200000000000000000e+01
1.679988668046322346e+09,1.658400000000000000e+04,5.120000000000000000e+02,-7.840000000000000000e+02,-1.153000000000000000e+03,-6.220000000000000000e+02,-4.200000000000000000e+01
1.679988668046499491e+09,1.658400000000000000e+04,5.120000000000000000e+02,-7.840000000000000000e+02,-1.153000000000000000e+03,-6.220000000000000000e+02,-4.200000000000000000e+01
1.679988668046677828e+09,1.658400000000000000e+04,5.120000000000000000e+02,-7.840000000000000000e+02,-1.153000000000000000e+03,-6.220000000000000000e+02,-4.200000000000000000e+01
1.679988668046854496e+09,1.658400000000000000e+04,5.120000000000000000e+02,-7.840000000000000000e+02,-1.153000000000000000e+03,-6.220000000000000000e+02,-4.200000000000000000e+01
1.679988668047045231e+09,1.658400000000000000e+04,5.120000000000000000e+02,-7.840000000000000000e+02,-1.153000000000000000e+03,-6.220000000000000000e+02,-4.200000000000000000e+01
1.679988668047224283e+09,1.658400000000000000e+04,5.120000000000000000e+02,-7.840000000000000000e+02,-1.153000000000000000e+03,-6.220000000000000000e+02,-4.200000000000000000e+01
1.679988668047314167e+09,1.658400000000000000e+04,5.120000000000000000e+02,-7.840000000000000000e+02,-1.153000000000000000e+03,-6.220000000000000000e+02,-4.200000000000000000e+01
1.679988668047486782e+09,1.658400000000000000e+04,5.120000000000000000e+02,-7.840000000000000000e+02,-1.153000000000000000e+03,-6.220000000000000000e+02,-4.200000000000000000e+01
1.679988668047673702e+09,1.658400000000000000e+04,5.120000000000000000e+02,-7.840000000000000000e+02,-1.153000000000000000e+03,-6.220000000000000000e+02,-4.200000000000000000e+01
1.679988668047852278e+09,1.658400000000000000e+04,5.120000000000000000e+02,-7.840000000000000000e+02,-1.153000000000000000e+03,-6.220000000000000000e+02,-4.200000000000000000e+01
1.679988668047942877e+09,1.658400000000000000e+04,5.120000000000000000e+02,-7.840000000000000000e+02,-1.153000000000000000e+03,-6.220000000000000000e+02,-4.200000000000000000e+01
1.679988668048116446e+09,1.658400000000000000e+04,5.120000000000000000e+02,-7.840000000000000000e+02,-1.153000000000000000e+03,-6.220000000000000000e+02,-4.200000000000000000e+01
1.679988668048408270e+09,1.658400000000000000e+04,5.120000000000000000e+02,-7.840000000000000000e+02,-1.153000000000000000e+03,-6.220000000000000000e+02,-4.200000000000000000e+01
1.679988668048502445e+09,1.658400000000000000e+04,5.120000000000000000e+02,-7.840000000000000000e+02,-1.153000000000000000e+03,-6.220000000000000000e+02,-4.200000000000000000e+01
1.679988668048676491e+09,1.658400000000000000e+04,5.120000000000000000e+02,-7.840000000000000000e+02,-1.153000000000000000e+03,-6.220000000000000000e+02,-4.200000000000000000e+01
1.679988668048866034e+09,1.658400000000000000e+04,5.120000000000000000e+02,-7.840000000000000000e+02,-1.153000000000000000e+03,-6.220000000000000000e+02,-4.200000000000000000e+01
1.679988668049054146e+09,1.658400000000000000e+04,5.120000000000000000e+02,-7.840000000000000000e+02,-1.153000000000000000e+03,-6.220000000000000000e+02,-4.200000000000000000e+01
1.679988668049242973e+09,1.658400000000000000e+04,5.120000000000000000e+02,-7.840000000000000000e+02,-1.153000000000000000e+03,-6.220000000000000000e+02,-4.200000000000000000e+01
1.679988668049348831e+09,1.658400000000000000e+04,5.120000000000000000e+02,-7.840000000000000000e+02,-1.153000000000000000e+03,-6.220000000000000000e+02,-4.200000000000000000e+01
1.679988668049524307e+09,1.658400000000000000e+04,5.120000000000000000e+02,-7.840000000000000000e+02,-1.153000000000000000e+03,-6.220000000000000000e+02,-4.200000000000000000e+01
1.679988668049703360e+09,1.658400000000000000e+04,5.120000000000000000e+02,-7.840000000000000000e+02,-1.153000000000000000e+03,-6.220000000000000000e+02,-4.200000000000000000e+01
1.679988668049894094e+09,1.658400000000000000e+04,5.120000000000000000e+02,-7.840000000000000000e+02,-1.153000000000000000e+03,-6.220000000000000000e+02,-4.200000000000000000e+01
1.679988668050072432e+09,1.658400000000000000e+04,5.120000000000000000e+02,-7.840000000000000000e+02,-1.153000000000000000e+03,-6.220000000000000000e+02,-4.200000000000000000e+01
1.679988668050251722e+09,1.658400000000000000e+04,5.120000000000000000e+02,-7.840000000000000000e+02,-1.153000000000000000e+03,-6.220000000000000000e+02,-4.200000000000000000e+01
1.679988668050428391e+09,1.658400000000000000e+04,5.120000000000000000e+02,-7.840000000000000000e+02,-1.153000000000000000e+03,-6.220000000000000000e+02,-4.200000000000000000e+01
1.679988668050606012e+09,1.658400000000000000e+04,5.120000000000000000e+02,-7.840000000000000000e+02,-1.153000000000000000e+03,-6.220000000000000000e+02,-4.200000000000000000e+01
1.679988668050794601e+09,1.658400000000000000e+04,5.120000000000000000e+02,-7.840000000000000000e+02,-1.153000000000000000e+03,-6.220000000000000000e+02,-4.200000000000000000e+01
1.679988668050984144e+09,1.658400000000000000e+04,5.120000000000000000e+02,-7.840000000000000000e+02,-1.153000000000000000e+03,-6.220000000000000000e+02,-4.200000000000000000e+01
1.679988668051511765e+09,1.658400000000000000e+04,5.120000000000000000e+02,-7.840000000000000000e+02,-1.153000000000000000e+03,-6.220000000000000000e+02,-4.200000000000000000e+01
1.679988668051692963e+09,1.658400000000000000e+04,5.120000000000000000e+02,-7.840000000000000000e+02,-1.153000000000000000e+03,-6.220000000000000000e+02,-4.200000000000000000e+01
1.679988668051868677e+09,1.658400000000000000e+04,5.120000000000000000e+02,-7.840000000000000000e+02,-1.153000000000000000e+03,-6.220000000000000000e+02,-4.200000000000000000e+01
1.679988668052047729e+09,1.658400000000000000e+04,5.120000000000000000e+02,-7.840000000000000000e+02,-1.153000000000000000e+03,-6.220000000000000000e+02,-4.200000000000000000e+01
1.679988668052224398e+09,1.658400000000000000e+04,5.120000000000000000e+02,-7.840000000000000000e+02,-1.153000000000000000e+03,-6.220000000000000000e+02,-4.200000000000000000e+01
1.679988668052404642e+09,1.658400000000000000e+04,5.120000000000000000e+02,-7.840000000000000000e+02,-1.153000000000000000e+03,-6.220000000000000000e+02,-4.200000000000000000e+01
1.679988668052582979e+09,1.658400000000000000e+04,5.120000000000000000e+02,-7.840000000000000000e+02,-1.153000000000000000e+03,-6.220000000000000000e+02,-4.200000000000000000e+01
1.679988668052885294e+09,1.658400000000000000e+04,5.120000000000000000e+02,-7.840000000000000000e+02,-1.153000000000000000e+03,-6.220000000000000000e+02,-4.200000000000000000e+01
1.679988668052976131e+09,1.658400000000000000e+04,5.120000000000000000e+02,-7.840000000000000000e+02,-1.153000000000000000e+03,-6.220000000000000000e+02,-4.200000000000000000e+01
1.679988668053150654e+09,1.658400000000000000e+04,5.120000000000000000e+02,-7.840000000000000000e+02,-1.153000000000000000e+03,-6.220000000000000000e+02,-4.200000000000000000e+01
1.679988668053324223e+09,1.658400000000000000e+04,5.120000000000000000e+02,-7.840000000000000000e+02,-1.153000000000000000e+03,-6.220000000000000000e+02,-4.200000000000000000e+01
1.679988668053500652e+09,1.658400000000000000e+04,5.120000000000000000e+02,-7.840000000000000000e+02,-1.153000000000000000e+03,-6.220000000000000000e+02,-4.200000000000000000e+01
1.679988668053677320e+09,1.658400000000000000e+04,5.120000000000000000e+02,-7.840000000000000000e+02,-1.153000000000000000e+03,-6.220000000000000000e+02,-4.200000000000000000e+01
1.679988668053866386e+09,1.658400000000000000e+04,5.120000000000000000e+02,-7.840000000000000000e+02,-1.153000000000000000e+03,-6.220000000000000000e+02,-4.200000000000000000e+01
1.679988668053969860e+09,1.658400000000000000e+04,5.120000000000000000e+02,-7.840000000000000000e+02,-1.153000000000000000e+03,-6.220000000000000000e+02,-4.200000000000000000e+01
1.679988668054145336e+09,1.658400000000000000e+04,5.120000000000000000e+02,-7.840000000000000000e+02,-1.153000000000000000e+03,-6.220000000000000000e+02,-4.200000000000000000e+01
1.679988668054323673e+09,1.658400000000000000e+04,5.120000000000000000e+02,-7.840000000000000000e+02,-1.153000000000000000e+03,-6.220000000000000000e+02,-4.200000000000000000e+01
1.679988668054501772e+09,1.658400000000000000e+04,5.120000000000000000e+02,-7.840000000000000000e+02,-1.153000000000000000e+03,-6.220000000000000000e+02,-4.200000000000000000e+01
1.679988668054680824e+09,1.658400000000000000e+04,5.120000000000000000e+02,-7.840000000000000000e+02,-1.153000000000000000e+03,-6.220000000000000000e+02,-4.200000000000000000e+01
1.679988668054858685e+09,1.658400000000000000e+04,5.120000000000000000e+02,-7.840000000000000000e+02,-1.153000000000000000e+03,-6.220000000000000000e+02,-4.200000000000000000e+01
1.679988668055037022e+09,1.658400000000000000e+04,5.120000000000000000e+02,-7.840000000000000000e+02,-1.153000000000000000e+03,-6.220000000000000000e+02,-4.200000000000000000e+01
1.679988668055214643e+09,1.658400000000000000e+04,5.120000000000000000e+02,-7.840000000000000000e+02,-1.153000000000000000e+03,-6.220000000000000000e+02,-4.200000000000000000e+01
1.679988668055390358e+09,1.658400000000000000e+04,5.120000000000000000e+02,-7.840000000000000000e+02,-1.153000000000000000e+03,-6.220000000000000000e+02,-4.200000000000000000e+01
1.679988668055587769e+09,1.658400000000000000e+04,5.120000000000000000e+02,-7.840000000000000000e+02,-1.153000000000000000e+03,-6.220000000000000000e+02,-4.200000000000000000e+01
1.679988668055779219e+09,1.658400000000000000e+04,5.120000000000000000e+02,-7.840000000000000000e+02,-1.153000000000000000e+03,-6.220000000000000000e+02,-4.200000000000000000e+01
1.679988668055868864e+09,1.658400000000000000e+04,5.120000000000000000e+02,-7.840000000000000000e+02,-1.153000000000000000e+03,-6.220000000000000000e+02,-4.200000000000000000e+01
1.679988668056042671e+09,1.658400000000000000e+04,5.120000000000000000e+02,-7.840000000000000000e+02,-1.153000000000000000e+03,-6.220000000000000000e+02,-4.200000000000000000e+01
1.679988668056219339e+09,1.658400000000000000e+04,5.120000000000000000e+02,-7.840000000000000000e+02,-1.153000000000000000e+03,-6.220000000000000000e+02,-4.200000000000000000e+01
1.679988668056325912e+09,1.658400000000000000e+04,5.120000000000000000e+02,-7.840000000000000000e+02,-1.153000000000000000e+03,-6.220000000000000000e+02,-4.200000000000000000e+01
1.679988668056500673e+09,1.658400000000000000e+04,5.120000000000000000e+02,-7.840000000000000000e+02,-1.153000000000000000e+03,-6.220000000000000000e+02,-4.200000000000000000e+01
1.679988668056674957e+09,1.658400000000000000e+04,5.120000000000000000e+02,-7.840000000000000000e+02,-1.153000000000000000e+03,-6.220000000000000000e+02,-4.200000000000000000e+01
1.679988668056765079e+09,1.658400000000000000e+04,5.120000000000000000e+02,-7.840000000000000000e+02,-1.153000000000000000e+03,-6.220000000000000000e+02,-4.200000000000000000e+01
1.679988668056938410e+09,1.658400000000000000e+04,5.120000000000000000e+02,-7.840000000000000000e+02,-1.153000000000000000e+03,-6.220000000000000000e+02,-4.200000000000000000e+01
1.679988668057027340e+09,1.658400000000000000e+04,5.120000000000000000e+02,-7.840000000000000000e+02,-1.153000000000000000e+03,-6.220000000000000000e+02,-4.200000000000000000e+01
1.679988668057200432e+09,1.658400000000000000e+04,5.120000000000000000e+02,-7.840000000000000000e+02,-1.153000000000000000e+03,-6.220000000000000000e+02,-4.200000000000000000e+01
1.679988668057375193e+09,1.658400000000000000e+04,5.120000000000000000e+02,-7.840000000000000000e+02,-1.153000000000000000e+03,-6.220000000000000000e+02,-4.200000000000000000e+01
1.679988668057552338e+09,1.658400000000000000e+04,5.120000000000000000e+02,-7.840000000000000000e+02,-1.153000000000000000e+03,-6.220000000000000000e+02,-4.200000000000000000e+01
1.679988668057730198e+09,1.658400000000000000e+04,5.120000000000000000e+02,-7.840000000000000000e+02,-1.153000000000000000e+03,-6.220000000000000000e+02,-4.200000000000000000e+01
1.679988668057837486e+09,1.658400000000000000e+04,5.120000000000000000e+02,-7.840000000000000000e+02,-1.153000000000000000e+03,-6.220000000000000000e+02,-4.200000000000000000e+01
1.679988668058014154e+09,1.658400000000000000e+04,5.120000000000000000e+02,-7.840000000000000000e+02,-1.153000000000000000e+03,-6.220000000000000000e+02,-4.200000000000000000e+01
1.679988668058304548e+09,1.658400000000000000e+04,5.120000000000000000e+02,-7.840000000000000000e+02,-1.153000000000000000e+03,-6.220000000000000000e+02,-4.200000000000000000e+01
1.679988668058488131e+09,1.658400000000000000e+04,5.120000000000000000e+02,-7.840000000000000000e+02,-1.153000000000000000e+03,-6.220000000000000000e+02,-4.200000000000000000e+01
1.679988668058667660e+09,1.658400000000000000e+04,5.120000000000000000e+02,-7.840000000000000000e+02,-1.153000000000000000e+03,-6.220000000000000000e+02,-4.200000000000000000e+01
1.679988668058842897e+09,1.658400000000000000e+04,5.120000000000000000e+02,-7.840000000000000000e+02,-1.153000000000000000e+03,-6.220000000000000000e+02,-4.200000000000000000e+01
1.679988668058939934e+09,1.658400000000000000e+04,5.120000000000000000e+02,-7.840000000000000000e+02,-1.153000000000000000e+03,-6.220000000000000000e+02,-4.200000000000000000e+01
1.679988668059113741e+09,1.658400000000000000e+04,5.120000000000000000e+02,-7.840000000000000000e+02,-1.153000000000000000e+03,-6.220000000000000000e+02,-4.200000000000000000e+01
1.679988668059291363e+09,1.658400000000000000e+04,5.120000000000000000e+02,-7.840000000000000000e+02,-1.153000000000000000e+03,-6.220000000000000000e+02,-4.200000000000000000e+01
1.679988668059470415e+09,1.658400000000000000e+04,5.120000000000000000e+02,-7.840000000000000000e+02,-1.153000000000000000e+03,-6.220000000000000000e+02,-4.200000000000000000e+01
1.679988668059649944e+09,1.658400000000000000e+04,5.120000000000000000e+02,-7.840000000000000000e+02,-1.153000000000000000e+03,-6.220000000000000000e+02,-4.200000000000000000e+01
1.679988668059826851e+09,1.658400000000000000e+04,5.120000000000000000e+02,-7.840000000000000000e+02,-1.153000000000000000e+03,-6.220000000000000000e+02,-4.200000000000000000e+01
1.679988668059951067e+09,1.658400000000000000e+04,5.120000000000000000e+02,-7.840000000000000000e+02,-1.153000000000000000e+03,-6.220000000000000000e+02,-4.200000000000000000e+01
1.679988668060074329e+09,1.658400000000000000e+04,5.120000000000000000e+02,-7.840000000000000000e+02,-1.153000000000000000e+03,-6.220000000000000000e+02,-4.200000000000000000e+01
1.679988668060184717e+09,1.658400000000000000e+04,5.120000000000000000e+02,-7.840000000000000000e+02,-1.153000000000000000e+03,-6.220000000000000000e+02,-4.200000000000000000e+01
1.679988668060307026e+09,1.658400000000000000e+04,5.120000000000000000e+02,-7.840000000000000000e+02,-1.153000000000000000e+03,-6.220000000000000000e+02,-4.200000000000000000e+01
1.679988668060439587e+09,1.658400000000000000e+04,5.120000000000000000e+02,-7.840000000000000000e+02,-1.153000000000000000e+03,-6.220000000000000000e+02,-4.200000000000000000e+01
1.679988668060550451e+09,1.658400000000000000e+04,5.120000000000000000e+02,-7.840000000000000000e+02,-1.153000000000000000e+03,-6.220000000000000000e+02,-4.200000000000000000e+01
1.679988668060680628e+09,1.658400000000000000e+04,5.120000000000000000e+02,-7.840000000000000000e+02,-1.153000000000000000e+03,-6.220000000000000000e+02,-4.200000000000000000e+01
1.679988668060800791e+09,1.658400000000000000e+04,5.120000000000000000e+02,-7.840000000000000000e+02,-1.153000000000000000e+03,-6.220000000000000000e+02,-4.200000000000000000e+01
1.679988668060911655e+09,1.658400000000000000e+04,5.120000000000000000e+02,-7.840000000000000000e+02,-1.153000000000000000e+03,-6.220000000000000000e+02,-4.200000000000000000e+01
1.679988668061302423e+09,1.658400000000000000e+04,5.120000000000000000e+02,-7.840000000000000000e+02,-1.153000000000000000e+03,-6.220000000000000000e+02,-4.200000000000000000e+01
1.679988668061487913e+09,1.658400000000000000e+04,5.120000000000000000e+02,-7.840000000000000000e+02,-1.153000000000000000e+03,-6.220000000000000000e+02,-4.200000000000000000e+01
1.679988668061671495e+09,1.658400000000000000e+04,5.120000000000000000e+02,-7.840000000000000000e+02,-1.153000000000000000e+03,-6.220000000000000000e+02,-4.200000000000000000e+01
1.679988668061850548e+09,1.658400000000000000e+04,5.120000000000000000e+02,-7.840000000000000000e+02,-1.153000000000000000e+03,-6.220000000000000000e+02,-4.200000000000000000e+01
1.679988668062028646e+09,1.658400000000000000e+04,5.120000000000000000e+02,-7.840000000000000000e+02,-1.153000000000000000e+03,-6.220000000000000000e+02,-4.200000000000000000e+01
1.679988668062207699e+09,1.658400000000000000e+04,5.120000000000000000e+02,-7.840000000000000000e+02,-1.153000000000000000e+03,-6.220000000000000000e+02,-4.200000000000000000e+01
1.679988668062316179e+09,1.658400000000000000e+04,5.120000000000000000e+02,-7.840000000000000000e+02,-1.153000000000000000e+03,-6.220000000000000000e+02,-4.200000000000000000e+01
1.679988668062490940e+09,1.658400000000000000e+04,5.120000000000000000e+02,-7.840000000000000000e+02,-1.153000000000000000e+03,-6.220000000000000000e+02,-4.200000000000000000e+01
1.679988668062668562e+09,1.658400000000000000e+04,5.120000000000000000e+02,-7.840000000000000000e+02,-1.153000000000000000e+03,-6.220000000000000000e+02,-4.200000000000000000e+01
1.679988668062848568e+09,1.658400000000000000e+04,5.120000000000000000e+02,-7.840000000000000000e+02,-1.153000000000000000e+03,-6.220000000000000000e+02,-4.200000000000000000e+01
1.679988668063025475e+09,1.658400000000000000e+04,5.120000000000000000e+02,-7.840000000000000000e+02,-1.153000000000000000e+03,-6.220000000000000000e+02,-4.200000000000000000e+01
1.679988668063202858e+09,1.658400000000000000e+04,5.120000000000000000e+02,-7.840000000000000000e+02,-1.153000000000000000e+03,-6.220000000000000000e+02,-4.200000000000000000e+01
1.679988668063408613e+09,1.658400000000000000e+04,5.120000000000000000e+02,-7.840000000000000000e+02,-1.153000000000000000e+03,-6.220000000000000000e+02,-4.200000000000000000e+01
1.679988668063636065e+09,1.658400000000000000e+04,5.120000000000000000e+02,-7.840000000000000000e+02,-1.153000000000000000e+03,-6.220000000000000000e+02,-4.200000000000000000e+01
1.679988668063852072e+09,1.658400000000000000e+04,5.120000000000000000e+02,-7.840000000000000000e+02,-1.153000000000000000e+03,-6.220000000000000000e+02,-4.200000000000000000e+01
1.679988668064051628e+09,1.658400000000000000e+04,5.120000000000000000e+02,-7.840000000000000000e+02,-1.153000000000000000e+03,-6.220000000000000000e+02,-4.200000000000000000e+01
1.679988668064361572e+09,1.658400000000000000e+04,5.120000000000000000e+02,-7.840000000000000000e+02,-1.153000000000000000e+03,-6.220000000000000000e+02,-4.200000000000000000e+01
1.679988668064541578e+09,1.658400000000000000e+04,5.120000000000000000e+02,-7.840000000000000000e+02,-1.153000000000000000e+03,-6.220000000000000000e+02,-4.200000000000000000e+01
1.679988668064718485e+09,1.658400000000000000e+04,5.120000000000000000e+02,-7.840000000000000000e+02,-1.153000000000000000e+03,-6.220000000000000000e+02,-4.200000000000000000e+01
1.679988668064897060e+09,1.658400000000000000e+04,5.120000000000000000e+02,-7.840000000000000000e+02,-1.153000000000000000e+03,-6.220000000000000000e+02,-4.200000000000000000e+01
1.679988668065088272e+09,1.658400000000000000e+04,5.120000000000000000e+02,-7.840000000000000000e+02,-1.153000000000000000e+03,-6.220000000000000000e+02,-4.200000000000000000e+01
1.679988668065304756e+09,1.658400000000000000e+04,5.120000000000000000e+02,-7.840000000000000000e+02,-1.153000000000000000e+03,-6.220000000000000000e+02,-4.200000000000000000e+01
1.679988668065611362e+09,1.658400000000000000e+04,5.120000000000000000e+02,-7.840000000000000000e+02,-1.153000000000000000e+03,-6.220000000000000000e+02,-4.200000000000000000e+01
1.679988668065827370e+09,1.658400000000000000e+04,5.120000000000000000e+02,-7.840000000000000000e+02,-1.153000000000000000e+03,-6.220000000000000000e+02,-4.200000000000000000e+01
1.679988668066146612e+09,1.658400000000000000e+04,5.120000000000000000e+02,-7.840000000000000000e+02,-1.153000000000000000e+03,-6.220000000000000000e+02,-4.200000000000000000e+01
1.679988668066329002e+09,1.658400000000000000e+04,5.120000000000000000e+02,-7.840000000000000000e+02,-1.153000000000000000e+03,-6.220000000000000000e+02,-4.200000000000000000e+01
1.679988668066508532e+09,1.658400000000000000e+04,5.120000000000000000e+02,-7.840000000000000000e+02,-1.153000000000000000e+03,-6.220000000000000000e+02,-4.200000000000000000e+01
1.679988668066686392e+09,1.658400000000000000e+04,5.120000000000000000e+02,-7.840000000000000000e+02,-1.153000000000000000e+03,-6.220000000000000000e+02,-4.200000000000000000e+01
1.679988668066864729e+09,1.658400000000000000e+04,5.120000000000000000e+02,-7.840000000000000000e+02,-1.153000000000000000e+03,-6.220000000000000000e+02,-4.200000000000000000e+01
1.679988668067042589e+09,1.658400000000000000e+04,5.120000000000000000e+02,-7.840000000000000000e+02,-1.153000000000000000e+03,-6.220000000000000000e+02,-4.200000000000000000e+01
1.679988668067154884e+09,1.658400000000000000e+04,5.120000000000000000e+02,-7.840000000000000000e+02,-1.153000000000000000e+03,-6.220000000000000000e+02,-4.200000000000000000e+01
1.679988668067331076e+09,1.658400000000000000e+04,5.120000000000000000e+02,-7.840000000000000000e+02,-1.153000000000000000e+03,-6.220000000000000000e+02,-4.200000000000000000e+01
1.679988668067424536e+09,1.658400000000000000e+04,5.120000000000000000e+02,-7.840000000000000000e+02,-1.153000000000000000e+03,-6.220000000000000000e+02,-4.200000000000000000e+01
1.679988668067597389e+09,1.658400000000000000e+04,5.120000000000000000e+02,-7.840000000000000000e+02,-1.153000000000000000e+03,-6.220000000000000000e+02,-4.200000000000000000e+01
1.679988668067775011e+09,1.658400000000000000e+04,5.120000000000000000e+02,-7.840000000000000000e+02,-1.153000000000000000e+03,-6.220000000000000000e+02,-4.200000000000000000e+01
1.679988668067953587e+09,1.658400000000000000e+04,5.120000000000000000e+02,-7.840000000000000000e+02,-1.153000000000000000e+03,-6.220000000000000000e+02,-4.200000000000000000e+01
1.679988668068134069e+09,1.658400000000000000e+04,5.120000000000000000e+02,-7.840000000000000000e+02,-1.153000000000000000e+03,-6.220000000000000000e+02,-4.200000000000000000e+01
1.679988668068313360e+09,1.658400000000000000e+04,5.120000000000000000e+02,-7.840000000000000000e+02,-1.153000000000000000e+03,-6.220000000000000000e+02,-4.200000000000000000e+01
1.679988668068490982e+09,1.658400000000000000e+04,5.120000000000000000e+02,-7.840000000000000000e+02,-1.153000000000000000e+03,-6.220000000000000000e+02,-4.200000000000000000e+01
1.679988668068584204e+09,1.658400000000000000e+04,5.120000000000000000e+02,-7.840000000000000000e+02,-1.153000000000000000e+03,-6.220000000000000000e+02,-4.200000000000000000e+01
1.679988668068756819e+09,1.658400000000000000e+04,5.120000000000000000e+02,-7.840000000000000000e+02,-1.153000000000000000e+03,-6.220000000000000000e+02,-4.200000000000000000e+01
1.679988668068933964e+09,1.658400000000000000e+04,5.120000000000000000e+02,-7.840000000000000000e+02,-1.153000000000000000e+03,-6.220000000000000000e+02,-4.200000000000000000e+01
1.679988668069153547e+09,1.658400000000000000e+04,5.120000000000000000e+02,-7.840000000000000000e+02,-1.153000000000000000e+03,-6.220000000000000000e+02,-4.200000000000000000e+01
1.679988668069333076e+09,1.658400000000000000e+04,5.120000000000000000e+02,-7.840000000000000000e+02,-1.153000000000000000e+03,-6.220000000000000000e+02,-4.200000000000000000e+01
1.679988668069872141e+09,1.658400000000000000e+04,5.120000000000000000e+02,-7.840000000000000000e+02,-1.153000000000000000e+03,-6.220000000000000000e+02,-4.200000000000000000e+01
1.679988668070053577e+09,1.658400000000000000e+04,5.120000000000000000e+02,-7.840000000000000000e+02,-1.153000000000000000e+03,-6.220000000000000000e+02,-4.200000000000000000e+01
1.679988668070235968e+09,1.658400000000000000e+04,5.120000000000000000e+02,-7.840000000000000000e+02,-1.153000000000000000e+03,-6.220000000000000000e+02,-4.200000000000000000e+01
1.679988668070588827e+09,1.658400000000000000e+04,5.120000000000000000e+02,-7.840000000000000000e+02,-1.153000000000000000e+03,-6.220000000000000000e+02,-4.200000000000000000e+01
1.679988668070768595e+09,1.658400000000000000e+04,5.120000000000000000e+02,-7.840000000000000000e+02,-1.153000000000000000e+03,-6.220000000000000000e+02,-4.200000000000000000e+01
1.679988668070947170e+09,1.658400000000000000e+04,5.120000000000000000e+02,-7.840000000000000000e+02,-1.153000000000000000e+03,-6.220000000000000000e+02,-4.200000000000000000e+01
1.679988668071124792e+09,1.658400000000000000e+04,5.120000000000000000e+02,-7.840000000000000000e+02,-1.153000000000000000e+03,-6.220000000000000000e+02,-4.200000000000000000e+01
1.679988668071302414e+09,1.658400000000000000e+04,5.120000000000000000e+02,-7.840000000000000000e+02,-1.153000000000000000e+03,-6.220000000000000000e+02,-4.200000000000000000e+01
1.679988668071480513e+09,1.658400000000000000e+04,5.120000000000000000e+02,-7.840000000000000000e+02,-1.153000000000000000e+03,-6.220000000000000000e+02,-4.200000000000000000e+01
1.679988668071655989e+09,1.658400000000000000e+04,5.120000000000000000e+02,-7.840000000000000000e+02,-1.153000000000000000e+03,-6.220000000000000000e+02,-4.200000000000000000e+01
1.679988668071763992e+09,1.658400000000000000e+04,5.120000000000000000e+02,-7.840000000000000000e+02,-1.153000000000000000e+03,-6.220000000000000000e+02,-4.200000000000000000e+01
1.679988668071941614e+09,1.658400000000000000e+04,5.120000000000000000e+02,-7.840000000000000000e+02,-1.153000000000000000e+03,-6.220000000000000000e+02,-4.200000000000000000e+01
1.679988668072117805e+09,1.658400000000000000e+04,5.120000000000000000e+02,-7.840000000000000000e+02,-1.153000000000000000e+03,-6.220000000000000000e+02,-4.200000000000000000e+01
1.679988668072294950e+09,1.658400000000000000e+04,5.120000000000000000e+02,-7.840000000000000000e+02,-1.153000000000000000e+03,-6.220000000000000000e+02,-4.200000000000000000e+01
1.679988668072474718e+09,1.658400000000000000e+04,5.120000000000000000e+02,-7.840000000000000000e+02,-1.153000000000000000e+03,-6.220000000000000000e+02,-4.200000000000000000e+01
1.679988668072651863e+09,1.658400000000000000e+04,5.120000000000000000e+02,-7.840000000000000000e+02,-1.153000000000000000e+03,-6.220000000000000000e+02,-4.200000000000000000e+01
1.679988668072828770e+09,1.658400000000000000e+04,5.120000000000000000e+02,-7.840000000000000000e+02,-1.153000000000000000e+03,-6.220000000000000000e+02,-4.200000000000000000e+01
1.679988668073007584e+09,1.658400000000000000e+04,5.120000000000000000e+02,-7.840000000000000000e+02,-1.153000000000000000e+03,-6.220000000000000000e+02,-4.200000000000000000e+01
1.679988668073184013e+09,1.658400000000000000e+04,5.120000000000000000e+02,-7.840000000000000000e+02,-1.153000000000000000e+03,-6.220000000000000000e+02,-4.200000000000000000e+01
1.679988668073361397e+09,1.658400000000000000e+04,5.120000000000000000e+02,-7.840000000000000000e+02,-1.153000000000000000e+03,-6.220000000000000000e+02,-4.200000000000000000e+01
1.679988668073537827e+09,1.658400000000000000e+04,5.120000000000000000e+02,-7.840000000000000000e+02,-1.153000000000000000e+03,-6.220000000000000000e+02,-4.200000000000000000e+01
1.679988668073757172e+09,1.658400000000000000e+04,5.120000000000000000e+02,-7.840000000000000000e+02,-1.153000000000000000e+03,-6.220000000000000000e+02,-4.200000000000000000e+01
1.679988668074259281e+09,1.658400000000000000e+04,5.120000000000000000e+02,-7.840000000000000000e+02,-1.153000000000000000e+03,-6.220000000000000000e+02,-4.200000000000000000e+01
1.679988668074548960e+09,1.658400000000000000e+04,5.120000000000000000e+02,-7.840000000000000000e+02,-1.153000000000000000e+03,-6.220000000000000000e+02,-4.200000000000000000e+01
1.679988668074777126e+09,1.658400000000000000e+04,5.120000000000000000e+02,-7.840000000000000000e+02,-1.153000000000000000e+03,-6.220000000000000000e+02,-4.200000000000000000e+01
1.679988668074986696e+09,1.658400000000000000e+04,5.120000000000000000e+02,-7.840000000000000000e+02,-1.153000000000000000e+03,-6.220000000000000000e+02,-4.200000000000000000e+01
1.679988668075193644e+09,1.658400000000000000e+04,5.120000000000000000e+02,-7.840000000000000000e+02,-1.153000000000000000e+03,-6.220000000000000000e+02,-4.200000000000000000e+01
1.679988668075375557e+09,1.658400000000000000e+04,5.120000000000000000e+02,-7.840000000000000000e+02,-1.153000000000000000e+03,-6.220000000000000000e+02,-4.200000000000000000e+01
1.679988668075587273e+09,1.658400000000000000e+04,5.120000000000000000e+02,-7.840000000000000000e+02,-1.153000000000000000e+03,-6.220000000000000000e+02,-4.200000000000000000e+01
1.679988668075767279e+09,1.658400000000000000e+04,5.120000000000000000e+02,-7.840000000000000000e+02,-1.153000000000000000e+03,-6.220000000000000000e+02,-4.200000000000000000e+01
1.679988668075944424e+09,1.658400000000000000e+04,5.120000000000000000e+02,-7.840000000000000000e+02,-1.153000000000000000e+03,-6.220000000000000000e+02,-4.200000000000000000e+01
1.679988668076121807e+09,1.658400000000000000e+04,5.120000000000000000e+02,-7.840000000000000000e+02,-1.153000000000000000e+03,-6.220000000000000000e+02,-4.200000000000000000e+01
1.679988668076443672e+09,1.658400000000000000e+04,5.120000000000000000e+02,-7.840000000000000000e+02,-1.153000000000000000e+03,-6.220000000000000000e+02,-4.200000000000000000e+01
1.679988668076605797e+09,1.658400000000000000e+04,5.120000000000000000e+02,-7.840000000000000000e+02,-1.153000000000000000e+03,-6.220000000000000000e+02,-4.200000000000000000e+01
1.679988668076819420e+09,1.658400000000000000e+04,5.120000000000000000e+02,-7.840000000000000000e+02,-1.153000000000000000e+03,-6.220000000000000000e+02,-4.200000000000000000e+01
1.679988668077051640e+09,1.658400000000000000e+04,5.120000000000000000e+02,-7.840000000000000000e+02,-1.153000000000000000e+03,-6.220000000000000000e+02,-4.200000000000000000e+01
1.679988668077236652e+09,1.658400000000000000e+04,5.120000000000000000e+02,-7.840000000000000000e+02,-1.153000000000000000e+03,-6.220000000000000000e+02,-4.200000000000000000e+01
1.679988668077417135e+09,1.658400000000000000e+04,5.120000000000000000e+02,-7.840000000000000000e+02,-1.153000000000000000e+03,-6.220000000000000000e+02,-4.200000000000000000e+01
1.679988668077597141e+09,1.658400000000000000e+04,5.120000000000000000e+02,-7.840000000000000000e+02,-1.153000000000000000e+03,-6.220000000000000000e+02,-4.200000000000000000e+01
1.679988668077774763e+09,1.658400000000000000e+04,5.120000000000000000e+02,-7.840000000000000000e+02,-1.153000000000000000e+03,-6.220000000000000000e+02,-4.200000000000000000e+01
1.679988668077965975e+09,1.658400000000000000e+04,5.120000000000000000e+02,-7.840000000000000000e+02,-1.153000000000000000e+03,-6.220000000000000000e+02,-4.200000000000000000e+01
1.679988668078409672e+09,1.658400000000000000e+04,5.120000000000000000e+02,-7.840000000000000000e+02,-1.153000000000000000e+03,-6.220000000000000000e+02,-4.200000000000000000e+01
1.679988668078634262e+09,1.658400000000000000e+04,5.120000000000000000e+02,-7.840000000000000000e+02,-1.153000000000000000e+03,-6.220000000000000000e+02,-4.200000000000000000e+01
1.679988668078813553e+09,1.658400000000000000e+04,5.120000000000000000e+02,-7.840000000000000000e+02,-1.153000000000000000e+03,-6.220000000000000000e+02,-4.200000000000000000e+01
1.679988668078993082e+09,1.658400000000000000e+04,5.120000000000000000e+02,-7.840000000000000000e+02,-1.153000000000000000e+03,-6.220000000000000000e+02,-4.200000000000000000e+01
1.679988668079170227e+09,1.658400000000000000e+04,5.120000000000000000e+02,-7.840000000000000000e+02,-1.153000000000000000e+03,-6.220000000000000000e+02,-4.200000000000000000e+01
1.679988668079350233e+09,1.658400000000000000e+04,5.120000000000000000e+02,-7.840000000000000000e+02,-1.153000000000000000e+03,-6.220000000000000000e+02,-4.200000000000000000e+01
1.679988668079655647e+09,1.658400000000000000e+04,5.120000000000000000e+02,-7.840000000000000000e+02,-1.153000000000000000e+03,-6.220000000000000000e+02,-4.200000000000000000e+01
1.679988668079838037e+09,1.658400000000000000e+04,5.120000000000000000e+02,-7.840000000000000000e+02,-1.153000000000000000e+03,-6.220000000000000000e+02,-4.200000000000000000e+01
1.679988668080014706e+09,1.658400000000000000e+04,5.120000000000000000e+02,-7.840000000000000000e+02,-1.153000000000000000e+03,-6.220000000000000000e+02,-4.200000000000000000e+01
1.679988668080193758e+09,1.658400000000000000e+04,5.120000000000000000e+02,-7.840000000000000000e+02,-1.153000000000000000e+03,-6.220000000000000000e+02,-4.200000000000000000e+01
1.679988668080371380e+09,1.658400000000000000e+04,5.120000000000000000e+02,-7.840000000000000000e+02,-1.153000000000000000e+03,-6.220000000000000000e+02,-4.200000000000000000e+01
1.679988668080464125e+09,1.658400000000000000e+04,5.120000000000000000e+02,-7.840000000000000000e+02,-1.153000000000000000e+03,-6.220000000000000000e+02,-4.200000000000000000e+01
1.679988668080638885e+09,1.658400000000000000e+04,5.120000000000000000e+02,-7.840000000000000000e+02,-1.153000000000000000e+03,-6.220000000000000000e+02,-4.200000000000000000e+01
1.679988668080817223e+09,1.658400000000000000e+04,5.120000000000000000e+02,-7.840000000000000000e+02,-1.153000000000000000e+03,-6.220000000000000000e+02,-4.200000000000000000e+01
1.679988668080993891e+09,1.658400000000000000e+04,5.120000000000000000e+02,-7.840000000000000000e+02,-1.153000000000000000e+03,-6.220000000000000000e+02,-4.200000000000000000e+01
1.679988668081171274e+09,1.658400000000000000e+04,5.120000000000000000e+02,-7.840000000000000000e+02,-1.153000000000000000e+03,-6.220000000000000000e+02,-4.200000000000000000e+01
1.679988668081348419e+09,1.658400000000000000e+04,5.120000000000000000e+02,-7.840000000000000000e+02,-1.153000000000000000e+03,-6.220000000000000000e+02,-4.200000000000000000e+01
1.679988668081457853e+09,1.658400000000000000e+04,5.120000000000000000e+02,-7.840000000000000000e+02,-1.153000000000000000e+03,-6.220000000000000000e+02,-4.200000000000000000e+01
1.679988668081634045e+09,1.658400000000000000e+04,5.120000000000000000e+02,-7.840000000000000000e+02,-1.153000000000000000e+03,-6.220000000000000000e+02,-4.200000000000000000e+01
1.679988668081810474e+09,1.658400000000000000e+04,5.120000000000000000e+02,-7.840000000000000000e+02,-1.153000000000000000e+03,-6.220000000000000000e+02,-4.200000000000000000e+01
1.679988668081987619e+09,1.658400000000000000e+04,5.120000000000000000e+02,-7.840000000000000000e+02,-1.153000000000000000e+03,-6.220000000000000000e+02,-4.200000000000000000e+01
1.679988668082164049e+09,1.658400000000000000e+04,5.120000000000000000e+02,-7.840000000000000000e+02,-1.153000000000000000e+03,-6.220000000000000000e+02,-4.200000000000000000e+01
1.679988668082340240e+09,1.658400000000000000e+04,5.120000000000000000e+02,-7.840000000000000000e+02,-1.153000000000000000e+03,-6.220000000000000000e+02,-4.200000000000000000e+01
1.679988668082517862e+09,1.658400000000000000e+04,5.120000000000000000e+02,-7.840000000000000000e+02,-1.153000000000000000e+03,-6.220000000000000000e+02,-4.200000000000000000e+01
1.679988668082694292e+09,1.658400000000000000e+04,5.120000000000000000e+02,-7.840000000000000000e+02,-1.153000000000000000e+03,-6.220000000000000000e+02,-4.200000000000000000e+01
1.679988668082870483e+09,1.658400000000000000e+04,5.120000000000000000e+02,-7.840000000000000000e+02,-1.153000000000000000e+03,-6.220000000000000000e+02,-4.200000000000000000e+01
1.679988668083168030e+09,1.658400000000000000e+04,5.120000000000000000e+02,-7.840000000000000000e+02,-1.153000000000000000e+03,-6.220000000000000000e+02,-4.200000000000000000e+01
1.679988668083347082e+09,1.658400000000000000e+04,5.120000000000000000e+02,-7.840000000000000000e+02,-1.153000000000000000e+03,-6.220000000000000000e+02,-4.200000000000000000e+01
1.679988668083524704e+09,1.658400000000000000e+04,5.120000000000000000e+02,-7.840000000000000000e+02,-1.153000000000000000e+03,-6.220000000000000000e+02,-4.200000000000000000e+01
1.679988668083700418e+09,1.658400000000000000e+04,5.120000000000000000e+02,-7.840000000000000000e+02,-1.153000000000000000e+03,-6.220000000000000000e+02,-4.200000000000000000e+01
1.679988668083878994e+09,1.658400000000000000e+04,5.120000000000000000e+02,-7.840000000000000000e+02,-1.153000000000000000e+03,-6.220000000000000000e+02,-4.200000000000000000e+01
1.679988668084053993e+09,1.658400000000000000e+04,5.120000000000000000e+02,-7.840000000000000000e+02,-1.153000000000000000e+03,-6.220000000000000000e+02,-4.200000000000000000e+01
1.679988668084228754e+09,1.658400000000000000e+04,5.120000000000000000e+02,-7.840000000000000000e+02,-1.153000000000000000e+03,-6.220000000000000000e+02,-4.200000000000000000e+01
1.679988668084406614e+09,1.658400000000000000e+04,5.120000000000000000e+02,-7.840000000000000000e+02,-1.153000000000000000e+03,-6.220000000000000000e+02,-4.200000000000000000e+01
1.679988668084583759e+09,1.658400000000000000e+04,5.120000000000000000e+02,-7.840000000000000000e+02,-1.153000000000000000e+03,-6.220000000000000000e+02,-4.200000000000000000e+01
1.679988668084758997e+09,1.658400000000000000e+04,5.120000000000000000e+02,-7.840000000000000000e+02,-1.153000000000000000e+03,-6.220000000000000000e+02,-4.200000000000000000e+01
1.679988668084936857e+09,1.658400000000000000e+04,5.120000000000000000e+02,-7.840000000000000000e+02,-1.153000000000000000e+03,-6.220000000000000000e+02,-4.200000000000000000e+01
1.679988668085113525e+09,1.658400000000000000e+04,5.120000000000000000e+02,-7.840000000000000000e+02,-1.153000000000000000e+03,-6.220000000000000000e+02,-4.200000000000000000e+01
1.679988668085290194e+09,1.658400000000000000e+04,5.120000000000000000e+02,-7.840000000000000000e+02,-1.153000000000000000e+03,-6.220000000000000000e+02,-4.200000000000000000e+01
1.679988668085466862e+09,1.658400000000000000e+04,5.120000000000000000e+02,-7.840000000000000000e+02,-1.153000000000000000e+03,-6.220000000000000000e+02,-4.200000000000000000e+01
1.679988668085676908e+09,1.658400000000000000e+04,5.120000000000000000e+02,-7.840000000000000000e+02,-1.153000000000000000e+03,-6.220000000000000000e+02,-4.200000000000000000e+01
1.679988668085784435e+09,1.658400000000000000e+04,5.120000000000000000e+02,-7.840000000000000000e+02,-1.153000000000000000e+03,-6.220000000000000000e+02,-4.200000000000000000e+01
1.679988668085960388e+09,1.658400000000000000e+04,5.120000000000000000e+02,-7.840000000000000000e+02,-1.153000000000000000e+03,-6.220000000000000000e+02,-4.200000000000000000e+01
1.679988668086136818e+09,1.658400000000000000e+04,5.120000000000000000e+02,-7.840000000000000000e+02,-1.153000000000000000e+03,-6.220000000000000000e+02,-4.200000000000000000e+01
1.679988668086313486e+09,1.658400000000000000e+04,5.120000000000000000e+02,-7.840000000000000000e+02,-1.153000000000000000e+03,-6.220000000000000000e+02,-4.200000000000000000e+01
1.679988668086489916e+09,1.658400000000000000e+04,5.120000000000000000e+02,-7.840000000000000000e+02,-1.153000000000000000e+03,-6.220000000000000000e+02,-4.200000000000000000e+01
1.679988668087188482e+09,1.658400000000000000e+04,5.120000000000000000e+02,-7.840000000000000000e+02,-1.153000000000000000e+03,-6.220000000000000000e+02,-4.200000000000000000e+01
1.679988668087398767e+09,1.658400000000000000e+04,5.120000000000000000e+02,-7.840000000000000000e+02,-1.153000000000000000e+03,-6.220000000000000000e+02,-4.200000000000000000e+01
1.679988668087581873e+09,1.658400000000000000e+04,5.120000000000000000e+02,-7.840000000000000000e+02,-1.153000000000000000e+03,-6.220000000000000000e+02,-4.200000000000000000e+01
1.679988668087764025e+09,1.658400000000000000e+04,5.120000000000000000e+02,-7.840000000000000000e+02,-1.153000000000000000e+03,-6.220000000000000000e+02,-4.200000000000000000e+01
1.679988668087985039e+09,1.658400000000000000e+04,5.120000000000000000e+02,-7.840000000000000000e+02,-1.153000000000000000e+03,-6.220000000000000000e+02,-4.200000000000000000e+01
1.679988668088165045e+09,1.658400000000000000e+04,5.120000000000000000e+02,-7.840000000000000000e+02,-1.153000000000000000e+03,-6.220000000000000000e+02,-4.200000000000000000e+01
1.679988668088346004e+09,1.658400000000000000e+04,5.120000000000000000e+02,-7.840000000000000000e+02,-1.153000000000000000e+03,-6.220000000000000000e+02,-4.200000000000000000e+01
1.679988668088524103e+09,1.658400000000000000e+04,5.120000000000000000e+02,-7.840000000000000000e+02,-1.153000000000000000e+03,-6.220000000000000000e+02,-4.200000000000000000e+01
1.679988668088701487e+09,1.658400000000000000e+04,5.120000000000000000e+02,-7.840000000000000000e+02,-1.153000000000000000e+03,-6.220000000000000000e+02,-4.200000000000000000e+01
1.679988668088880062e+09,1.658400000000000000e+04,5.120000000000000000e+02,-7.840000000000000000e+02,-1.153000000000000000e+03,-6.220000000000000000e+02,-4.200000000000000000e+01
1.679988668089056969e+09,1.658400000000000000e+04,5.120000000000000000e+02,-7.840000000000000000e+02,-1.153000000000000000e+03,-6.220000000000000000e+02,-4.200000000000000000e+01
1.679988668089235544e+09,1.658400000000000000e+04,5.120000000000000000e+02,-7.840000000000000000e+02,-1.153000000000000000e+03,-6.220000000000000000e+02,-4.200000000000000000e+01
1.679988668089412689e+09,1.658400000000000000e+04,5.120000000000000000e+02,-7.840000000000000000e+02,-1.153000000000000000e+03,-6.220000000000000000e+02,-4.200000000000000000e+01
1.679988668089590073e+09,1.658400000000000000e+04,5.120000000000000000e+02,-7.840000000000000000e+02,-1.153000000000000000e+03,-6.220000000000000000e+02,-4.200000000000000000e+01
1.679988668089768410e+09,1.658400000000000000e+04,5.120000000000000000e+02,-7.840000000000000000e+02,-1.153000000000000000e+03,-6.220000000000000000e+02,-4.200000000000000000e+01
1.679988668089947701e+09,1.658400000000000000e+04,5.120000000000000000e+02,-7.840000000000000000e+02,-1.153000000000000000e+03,-6.220000000000000000e+02,-4.200000000000000000e+01
1.679988668090125799e+09,1.658400000000000000e+04,5.120000000000000000e+02,-7.840000000000000000e+02,-1.153000000000000000e+03,-6.220000000000000000e+02,-4.200000000000000000e+01
1.679988668090303659e+09,1.658400000000000000e+04,5.120000000000000000e+02,-7.840000000000000000e+02,-1.153000000000000000e+03,-6.220000000000000000e+02,-4.200000000000000000e+01
1.679988668090482235e+09,1.658400000000000000e+04,5.120000000000000000e+02,-7.840000000000000000e+02,-1.153000000000000000e+03,-6.220000000000000000e+02,-4.200000000000000000e+01
1.679988668090590715e+09,1.658400000000000000e+04,5.120000000000000000e+02,-7.840000000000000000e+02,-1.153000000000000000e+03,-6.220000000000000000e+02,-4.200000000000000000e+01
1.679988668090766907e+09,1.658400000000000000e+04,5.120000000000000000e+02,-7.840000000000000000e+02,-1.153000000000000000e+03,-6.220000000000000000e+02,-4.200000000000000000e+01
1.679988668090945959e+09,1.658400000000000000e+04,5.120000000000000000e+02,-7.840000000000000000e+02,-1.153000000000000000e+03,-6.220000000000000000e+02,-4.200000000000000000e+01
1.679988668091125011e+09,1.658400000000000000e+04,5.120000000000000000e+02,-7.840000000000000000e+02,-1.153000000000000000e+03,-6.220000000000000000e+02,-4.200000000000000000e+01
1.679988668091302156e+09,1.658400000000000000e+04,5.120000000000000000e+02,-7.840000000000000000e+02,-1.153000000000000000e+03,-6.220000000000000000e+02,-4.200000000000000000e+01
1.679988668091480017e+09,1.658400000000000000e+04,5.120000000000000000e+02,-7.840000000000000000e+02,-1.153000000000000000e+03,-6.220000000000000000e+02,-4.200000000000000000e+01
1.679988668091656923e+09,1.658400000000000000e+04,5.120000000000000000e+02,-7.840000000000000000e+02,-1.153000000000000000e+03,-6.220000000000000000e+02,-4.200000000000000000e+01
1.679988668091836691e+09,1.658400000000000000e+04,5.120000000000000000e+02,-7.840000000000000000e+02,-1.153000000000000000e+03,-6.220000000000000000e+02,-4.200000000000000000e+01
1.679988668092016459e+09,1.658400000000000000e+04,5.120000000000000000e+02,-7.840000000000000000e+02,-1.153000000000000000e+03,-6.220000000000000000e+02,-4.200000000000000000e+01
1.679988668092195272e+09,1.658400000000000000e+04,5.120000000000000000e+02,-7.840000000000000000e+02,-1.153000000000000000e+03,-6.220000000000000000e+02,-4.200000000000000000e+01
1.679988668092405796e+09,1.658400000000000000e+04,5.120000000000000000e+02,-7.840000000000000000e+02,-1.153000000000000000e+03,-6.220000000000000000e+02,-4.200000000000000000e+01
1.679988668092585325e+09,1.658400000000000000e+04,5.120000000000000000e+02,-7.840000000000000000e+02,-1.153000000000000000e+03,-6.220000000000000000e+02,-4.200000000000000000e+01
1.679988668092765331e+09,1.658400000000000000e+04,5.120000000000000000e+02,-7.840000000000000000e+02,-1.153000000000000000e+03,-6.220000000000000000e+02,-4.200000000000000000e+01
1.679988668092974424e+09,1.658400000000000000e+04,5.120000000000000000e+02,-7.840000000000000000e+02,-1.153000000000000000e+03,-6.220000000000000000e+02,-4.200000000000000000e+01
1.679988668093152523e+09,1.658400000000000000e+04,5.120000000000000000e+02,-7.840000000000000000e+02,-1.153000000000000000e+03,-6.220000000000000000e+02,-4.200000000000000000e+01
1.679988668093333483e+09,1.658400000000000000e+04,5.120000000000000000e+02,-7.840000000000000000e+02,-1.153000000000000000e+03,-6.220000000000000000e+02,-4.200000000000000000e+01
1.679988668093511343e+09,1.658400000000000000e+04,5.120000000000000000e+02,-7.840000000000000000e+02,-1.153000000000000000e+03,-6.220000000000000000e+02,-4.200000000000000000e+01
1.679988668093689680e+09,1.658400000000000000e+04,5.120000000000000000e+02,-7.840000000000000000e+02,-1.153000000000000000e+03,-6.220000000000000000e+02,-4.200000000000000000e+01
1.679988668093868017e+09,1.658400000000000000e+04,5.120000000000000000e+02,-7.840000000000000000e+02,-1.153000000000000000e+03,-6.220000000000000000e+02,-4.200000000000000000e+01
1.679988668094047546e+09,1.658400000000000000e+04,5.120000000000000000e+02,-7.840000000000000000e+02,-1.153000000000000000e+03,-6.220000000000000000e+02,-4.200000000000000000e+01
1.679988668094227314e+09,1.658400000000000000e+04,5.120000000000000000e+02,-7.840000000000000000e+02,-1.153000000000000000e+03,-6.220000000000000000e+02,-4.200000000000000000e+01
1.679988668094406605e+09,1.658400000000000000e+04,5.120000000000000000e+02,-7.840000000000000000e+02,-1.153000000000000000e+03,-6.220000000000000000e+02,-4.200000000000000000e+01
1.679988668094586611e+09,1.658400000000000000e+04,5.120000000000000000e+02,-7.840000000000000000e+02,-1.153000000000000000e+03,-6.220000000000000000e+02,-4.200000000000000000e+01
1.679988668094765663e+09,1.658400000000000000e+04,5.120000000000000000e+02,-7.840000000000000000e+02,-1.153000000000000000e+03,-6.220000000000000000e+02,-4.200000000000000000e+01
1.679988668094942808e+09,1.658400000000000000e+04,5.120000000000000000e+02,-7.840000000000000000e+02,-1.153000000000000000e+03,-6.220000000000000000e+02,-4.200000000000000000e+01
1.679988668095122576e+09,1.658400000000000000e+04,5.120000000000000000e+02,-7.840000000000000000e+02,-1.153000000000000000e+03,-6.220000000000000000e+02,-4.200000000000000000e+01
1.679988668095303774e+09,1.658400000000000000e+04,5.120000000000000000e+02,-7.840000000000000000e+02,-1.153000000000000000e+03,-6.220000000000000000e+02,-4.200000000000000000e+01
1.679988668095423698e+09,1.658400000000000000e+04,5.120000000000000000e+02,-7.840000000000000000e+02,-1.153000000000000000e+03,-6.220000000000000000e+02,-4.200000000000000000e+01
1.679988668095637798e+09,1.658400000000000000e+04,5.120000000000000000e+02,-7.840000000000000000e+02,-1.153000000000000000e+03,-6.220000000000000000e+02,-4.200000000000000000e+01
1.679988668095816612e+09,1.658400000000000000e+04,5.120000000000000000e+02,-7.840000000000000000e+02,-1.153000000000000000e+03,-6.220000000000000000e+02,-4.200000000000000000e+01
1.679988668095995426e+09,1.658400000000000000e+04,5.120000000000000000e+02,-7.840000000000000000e+02,-1.153000000000000000e+03,-6.220000000000000000e+02,-4.200000000000000000e+01
1.679988668096175671e+09,1.658400000000000000e+04,5.120000000000000000e+02,-7.840000000000000000e+02,-1.153000000000000000e+03,-6.220000000000000000e+02,-4.200000000000000000e+01
1.679988668096354723e+09,1.658400000000000000e+04,5.120000000000000000e+02,-7.840000000000000000e+02,-1.153000000000000000e+03,-6.220000000000000000e+02,-4.200000000000000000e+01
1.679988668096533060e+09,1.658400000000000000e+04,5.120000000000000000e+02,-7.840000000000000000e+02,-1.153000000000000000e+03,-6.220000000000000000e+02,-4.200000000000000000e+01
1.679988668096712351e+09,1.658400000000000000e+04,5.120000000000000000e+02,-7.840000000000000000e+02,-1.153000000000000000e+03,-6.220000000000000000e+02,-4.200000000000000000e+01
1.679988668096890926e+09,1.658400000000000000e+04,5.120000000000000000e+02,-7.840000000000000000e+02,-1.153000000000000000e+03,-6.220000000000000000e+02,-4.200000000000000000e+01
1.679988668097067833e+09,1.658400000000000000e+04,5.120000000000000000e+02,-7.840000000000000000e+02,-1.153000000000000000e+03,-6.220000000000000000e+02,-4.200000000000000000e+01
1.679988668097247601e+09,1.658400000000000000e+04,5.120000000000000000e+02,-7.840000000000000000e+02,-1.153000000000000000e+03,-6.220000000000000000e+02,-4.200000000000000000e+01
1.679988668097464561e+09,1.658400000000000000e+04,5.120000000000000000e+02,-7.840000000000000000e+02,-1.153000000000000000e+03,-6.220000000000000000e+02,-4.200000000000000000e+01
1.679988668097642422e+09,1.658400000000000000e+04,5.120000000000000000e+02,-7.840000000000000000e+02,-1.153000000000000000e+03,-6.220000000000000000e+02,-4.200000000000000000e+01
1.679988668097822428e+09,1.658400000000000000e+04,5.120000000000000000e+02,-7.840000000000000000e+02,-1.153000000000000000e+03,-6.220000000000000000e+02,-4.200000000000000000e+01
1.679988668097999811e+09,1.658400000000000000e+04,5.120000000000000000e+02,-7.840000000000000000e+02,-1.153000000000000000e+03,-6.220000000000000000e+02,-4.200000000000000000e+01
1.679988668098178148e+09,1.658400000000000000e+04,5.120000000000000000e+02,-7.840000000000000000e+02,-1.153000000000000000e+03,-6.220000000000000000e+02,-4.200000000000000000e+01
1.679988668098357677e+09,1.658400000000000000e+04,5.120000000000000000e+02,-7.840000000000000000e+02,-1.153000000000000000e+03,-6.220000000000000000e+02,-4.200000000000000000e+01
1.679988668098536015e+09,1.658400000000000000e+04,5.120000000000000000e+02,-7.840000000000000000e+02,-1.153000000000000000e+03,-6.220000000000000000e+02,-4.200000000000000000e+01
1.679988668098714113e+09,1.658400000000000000e+04,5.120000000000000000e+02,-7.840000000000000000e+02,-1.153000000000000000e+03,-6.220000000000000000e+02,-4.200000000000000000e+01
1.679988668098892689e+09,1.658400000000000000e+04,5.120000000000000000e+02,-7.840000000000000000e+02,-1.153000000000000000e+03,-6.220000000000000000e+02,-4.200000000000000000e+01
1.679988668099069118e+09,1.658400000000000000e+04,5.120000000000000000e+02,-7.840000000000000000e+02,-1.153000000000000000e+03,-6.220000000000000000e+02,-4.200000000000000000e+01
1.679988668099248409e+09,1.658400000000000000e+04,5.120000000000000000e+02,-7.840000000000000000e+02,-1.153000000000000000e+03,-6.220000000000000000e+02,-4.200000000000000000e+01
1.679988668099426746e+09,1.658400000000000000e+04,5.120000000000000000e+02,-7.840000000000000000e+02,-1.153000000000000000e+03,-6.220000000000000000e+02,-4.200000000000000000e+01
1.679988668099605560e+09,1.658400000000000000e+04,5.120000000000000000e+02,-7.840000000000000000e+02,-1.153000000000000000e+03,-6.220000000000000000e+02,-4.200000000000000000e+01
1.679988668099716187e+09,1.658400000000000000e+04,5.120000000000000000e+02,-7.840000000000000000e+02,-1.153000000000000000e+03,-6.220000000000000000e+02,-4.200000000000000000e+01
1.679988668099893332e+09,1.658400000000000000e+04,5.120000000000000000e+02,-7.840000000000000000e+02,-1.153000000000000000e+03,-6.220000000000000000e+02,-4.200000000000000000e+01
1.679988668100071669e+09,1.658400000000000000e+04,5.120000000000000000e+02,-7.840000000000000000e+02,-1.153000000000000000e+03,-6.220000000000000000e+02,-4.200000000000000000e+01
1.679988668100249767e+09,1.658400000000000000e+04,5.120000000000000000e+02,-7.840000000000000000e+02,-1.153000000000000000e+03,-6.220000000000000000e+02,-4.200000000000000000e+01
1.679988668100428581e+09,1.658400000000000000e+04,5.120000000000000000e+02,-7.840000000000000000e+02,-1.153000000000000000e+03,-6.220000000000000000e+02,-4.200000000000000000e+01
1.679988668100607157e+09,1.658400000000000000e+04,5.120000000000000000e+02,-7.840000000000000000e+02,-1.153000000000000000e+03,-6.220000000000000000e+02,-4.200000000000000000e+01
1.679988668100783825e+09,1.658400000000000000e+04,5.120000000000000000e+02,-7.840000000000000000e+02,-1.153000000000000000e+03,-6.220000000000000000e+02,-4.200000000000000000e+01
1.679988668100963116e+09,1.658400000000000000e+04,5.120000000000000000e+02,-7.840000000000000000e+02,-1.153000000000000000e+03,-6.220000000000000000e+02,-4.200000000000000000e+01
1.679988668101140499e+09,1.658400000000000000e+04,5.120000000000000000e+02,-7.840000000000000000e+02,-1.153000000000000000e+03,-6.220000000000000000e+02,-4.200000000000000000e+01
1.679988668101318598e+09,1.658400000000000000e+04,5.120000000000000000e+02,-7.840000000000000000e+02,-1.153000000000000000e+03,-6.220000000000000000e+02,-4.200000000000000000e+01
1.679988668101496935e+09,1.658400000000000000e+04,5.120000000000000000e+02,-7.840000000000000000e+02,-1.153000000000000000e+03,-6.220000000000000000e+02,-4.200000000000000000e+01
1.679988668101672888e+09,1.658400000000000000e+04,5.120000000000000000e+02,-7.840000000000000000e+02,-1.153000000000000000e+03,-6.220000000000000000e+02,-4.200000000000000000e+01
1.679988668101886988e+09,1.658400000000000000e+04,5.120000000000000000e+02,-7.840000000000000000e+02,-1.153000000000000000e+03,-6.220000000000000000e+02,-4.200000000000000000e+01
1.679988668102064610e+09,1.658400000000000000e+04,5.120000000000000000e+02,-7.840000000000000000e+02,-1.153000000000000000e+03,-6.220000000000000000e+02,-4.200000000000000000e+01
1.679988668102243423e+09,1.658400000000000000e+04,5.120000000000000000e+02,-7.840000000000000000e+02,-1.153000000000000000e+03,-6.220000000000000000e+02,-4.200000000000000000e+01
1.679988668102420568e+09,1.658400000000000000e+04,5.120000000000000000e+02,-7.840000000000000000e+02,-1.153000000000000000e+03,-6.220000000000000000e+02,-4.200000000000000000e+01
1.679988668102598429e+09,1.658400000000000000e+04,5.120000000000000000e+02,-7.840000000000000000e+02,-1.153000000000000000e+03,-6.220000000000000000e+02,-4.200000000000000000e+01
1.679988668102776289e+09,1.658400000000000000e+04,5.120000000000000000e+02,-7.840000000000000000e+02,-1.153000000000000000e+03,-6.220000000000000000e+02,-4.200000000000000000e+01
1.679988668102952719e+09,1.658400000000000000e+04,5.120000000000000000e+02,-7.840000000000000000e+02,-1.153000000000000000e+03,-6.220000000000000000e+02,-4.200000000000000000e+01
1.679988668103130817e+09,1.658400000000000000e+04,5.120000000000000000e+02,-7.840000000000000000e+02,-1.153000000000000000e+03,-6.220000000000000000e+02,-4.200000000000000000e+01
1.679988668103307724e+09,1.658400000000000000e+04,5.120000000000000000e+02,-7.840000000000000000e+02,-1.153000000000000000e+03,-6.220000000000000000e+02,-4.200000000000000000e+01
1.679988668103484869e+09,1.658400000000000000e+04,5.120000000000000000e+02,-7.840000000000000000e+02,-1.153000000000000000e+03,-6.220000000000000000e+02,-4.200000000000000000e+01
1.679988668103663206e+09,1.658400000000000000e+04,5.120000000000000000e+02,-7.840000000000000000e+02,-1.153000000000000000e+03,-6.220000000000000000e+02,-4.200000000000000000e+01
1.679988668103841543e+09,1.658400000000000000e+04,5.120000000000000000e+02,-7.840000000000000000e+02,-1.153000000000000000e+03,-6.220000000000000000e+02,-4.200000000000000000e+01
1.679988668103950024e+09,1.658400000000000000e+04,5.120000000000000000e+02,-7.840000000000000000e+02,-1.153000000000000000e+03,-6.220000000000000000e+02,-4.200000000000000000e+01
1.679988668104126692e+09,1.658400000000000000e+04,5.120000000000000000e+02,-7.840000000000000000e+02,-1.153000000000000000e+03,-6.220000000000000000e+02,-4.200000000000000000e+01
1.679988668104306221e+09,1.658400000000000000e+04,5.120000000000000000e+02,-7.840000000000000000e+02,-1.153000000000000000e+03,-6.220000000000000000e+02,-4.200000000000000000e+01
1.679988668104485035e+09,1.658400000000000000e+04,5.120000000000000000e+02,-7.840000000000000000e+02,-1.153000000000000000e+03,-6.220000000000000000e+02,-4.200000000000000000e+01
1.679988668104661942e+09,1.658400000000000000e+04,5.120000000000000000e+02,-7.840000000000000000e+02,-1.153000000000000000e+03,-6.220000000000000000e+02,-4.200000000000000000e+01
1.679988668104840517e+09,1.658400000000000000e+04,5.120000000000000000e+02,-7.840000000000000000e+02,-1.153000000000000000e+03,-6.220000000000000000e+02,-4.200000000000000000e+01
1.679988668105018854e+09,1.658400000000000000e+04,5.120000000000000000e+02,-7.840000000000000000e+02,-1.153000000000000000e+03,-6.220000000000000000e+02,-4.200000000000000000e+01
1.679988668105196953e+09,1.658400000000000000e+04,5.120000000000000000e+02,-7.840000000000000000e+02,-1.153000000000000000e+03,-6.220000000000000000e+02,-4.200000000000000000e+01
1.679988668105375051e+09,1.658400000000000000e+04,5.120000000000000000e+02,-7.840000000000000000e+02,-1.153000000000000000e+03,-6.220000000000000000e+02,-4.200000000000000000e+01
1.679988668105576515e+09,1.658400000000000000e+04,5.120000000000000000e+02,-7.840000000000000000e+02,-1.153000000000000000e+03,-6.220000000000000000e+02,-4.200000000000000000e+01
1.679988668105755568e+09,1.658400000000000000e+04,5.120000000000000000e+02,-7.840000000000000000e+02,-1.153000000000000000e+03,-6.220000000000000000e+02,-4.200000000000000000e+01
1.679988668105933905e+09,1.658400000000000000e+04,5.120000000000000000e+02,-7.840000000000000000e+02,-1.153000000000000000e+03,-6.220000000000000000e+02,-4.200000000000000000e+01
1.679988668106110573e+09,1.658400000000000000e+04,5.120000000000000000e+02,-7.840000000000000000e+02,-1.153000000000000000e+03,-6.220000000000000000e+02,-4.200000000000000000e+01
1.679988668106324434e+09,1.658400000000000000e+04,5.120000000000000000e+02,-7.840000000000000000e+02,-1.153000000000000000e+03,-6.220000000000000000e+02,-4.200000000000000000e+01
1.679988668106504679e+09,1.658400000000000000e+04,5.120000000000000000e+02,-7.840000000000000000e+02,-1.153000000000000000e+03,-6.220000000000000000e+02,-4.200000000000000000e+01
1.679988668106683493e+09,1.658400000000000000e+04,5.120000000000000000e+02,-7.840000000000000000e+02,-1.153000000000000000e+03,-6.220000000000000000e+02,-4.200000000000000000e+01
1.679988668106861830e+09,1.658400000000000000e+04,5.120000000000000000e+02,-7.840000000000000000e+02,-1.153000000000000000e+03,-6.220000000000000000e+02,-4.200000000000000000e+01
1.679988668107039690e+09,1.658400000000000000e+04,5.120000000000000000e+02,-7.840000000000000000e+02,-1.153000000000000000e+03,-6.220000000000000000e+02,-4.200000000000000000e+01
1.679988668107216597e+09,1.658400000000000000e+04,5.120000000000000000e+02,-7.840000000000000000e+02,-1.153000000000000000e+03,-6.220000000000000000e+02,-4.200000000000000000e+01
1.679988668107393980e+09,1.658400000000000000e+04,5.120000000000000000e+02,-7.840000000000000000e+02,-1.153000000000000000e+03,-6.220000000000000000e+02,-4.200000000000000000e+01
1.679988668107570648e+09,1.658400000000000000e+04,5.120000000000000000e+02,-7.840000000000000000e+02,-1.153000000000000000e+03,-6.220000000000000000e+02,-4.200000000000000000e+01
1.679988668107747078e+09,1.658400000000000000e+04,5.120000000000000000e+02,-7.840000000000000000e+02,-1.153000000000000000e+03,-6.220000000000000000e+02,-4.200000000000000000e+01
1.679988668107925177e+09,1.658400000000000000e+04,5.120000000000000000e+02,-7.840000000000000000e+02,-1.153000000000000000e+03,-6.220000000000000000e+02,-4.200000000000000000e+01
1.679988668108102798e+09,1.658400000000000000e+04,5.120000000000000000e+02,-7.840000000000000000e+02,-1.153000000000000000e+03,-6.220000000000000000e+02,-4.200000000000000000e+01
1.679988668108212233e+09,1.658400000000000000e+04,5.120000000000000000e+02,-7.840000000000000000e+02,-1.153000000000000000e+03,-6.220000000000000000e+02,-4.200000000000000000e+01
1.679988668108388662e+09,1.658400000000000000e+04,5.120000000000000000e+02,-7.840000000000000000e+02,-1.153000000000000000e+03,-6.220000000000000000e+02,-4.200000000000000000e+01
1.679988668108567953e+09,1.658400000000000000e+04,5.120000000000000000e+02,-7.840000000000000000e+02,-1.153000000000000000e+03,-6.220000000000000000e+02,-4.200000000000000000e+01
1.679988668108745813e+09,1.658400000000000000e+04,5.120000000000000000e+02,-7.840000000000000000e+02,-1.153000000000000000e+03,-6.220000000000000000e+02,-4.200000000000000000e+01
1.679988668108925581e+09,1.658400000000000000e+04,5.120000000000000000e+02,-7.840000000000000000e+02,-1.153000000000000000e+03,-6.220000000000000000e+02,-4.200000000000000000e+01
1.679988668109103918e+09,1.658400000000000000e+04,5.120000000000000000e+02,-7.840000000000000000e+02,-1.153000000000000000e+03,-6.220000000000000000e+02,-4.200000000000000000e+01
1.679988668109281301e+09,1.658400000000000000e+04,5.120000000000000000e+02,-7.840000000000000000e+02,-1.153000000000000000e+03,-6.220000000000000000e+02,-4.200000000000000000e+01
1.679988668109459162e+09,1.658400000000000000e+04,5.120000000000000000e+02,-7.840000000000000000e+02,-1.153000000000000000e+03,-6.220000000000000000e+02,-4.200000000000000000e+01
1.679988668109636545e+09,1.658400000000000000e+04,5.120000000000000000e+02,-7.840000000000000000e+02,-1.153000000000000000e+03,-6.220000000000000000e+02,-4.200000000000000000e+01
1.679988668109815359e+09,1.658400000000000000e+04,5.120000000000000000e+02,-7.840000000000000000e+02,-1.153000000000000000e+03,-6.220000000000000000e+02,-4.200000000000000000e+01
1.679988668109993935e+09,1.658400000000000000e+04,5.120000000000000000e+02,-7.840000000000000000e+02,-1.153000000000000000e+03,-6.220000000000000000e+02,-4.200000000000000000e+01
1.679988668110170841e+09,1.658400000000000000e+04,5.120000000000000000e+02,-7.840000000000000000e+02,-1.153000000000000000e+03,-6.220000000000000000e+02,-4.200000000000000000e+01
1.679988668110347748e+09,1.658400000000000000e+04,5.120000000000000000e+02,-7.840000000000000000e+02,-1.153000000000000000e+03,-6.220000000000000000e+02,-4.200000000000000000e+01
1.679988668110527992e+09,1.658400000000000000e+04,5.120000000000000000e+02,-7.840000000000000000e+02,-1.153000000000000000e+03,-6.220000000000000000e+02,-4.200000000000000000e+01
1.679988668110739708e+09,1.658400000000000000e+04,5.120000000000000000e+02,-7.840000000000000000e+02,-1.153000000000000000e+03,-6.220000000000000000e+02,-4.200000000000000000e+01
1.679988668110917807e+09,1.658400000000000000e+04,5.120000000000000000e+02,-7.840000000000000000e+02,-1.153000000000000000e+03,-6.220000000000000000e+02,-4.200000000000000000e+01
1.679988668111096144e+09,1.658400000000000000e+04,5.120000000000000000e+02,-7.840000000000000000e+02,-1.153000000000000000e+03,-6.220000000000000000e+02,-4.200000000000000000e+01
1.679988668111298084e+09,1.658400000000000000e+04,5.120000000000000000e+02,-7.840000000000000000e+02,-1.153000000000000000e+03,-6.220000000000000000e+02,-4.200000000000000000e+01
1.679988668111474514e+09,1.658400000000000000e+04,5.120000000000000000e+02,-7.840000000000000000e+02,-1.153000000000000000e+03,-6.220000000000000000e+02,-4.200000000000000000e+01
1.679988668111652851e+09,1.658400000000000000e+04,5.120000000000000000e+02,-7.840000000000000000e+02,-1.153000000000000000e+03,-6.220000000000000000e+02,-4.200000000000000000e+01
1.679988668111829281e+09,1.658400000000000000e+04,5.120000000000000000e+02,-7.840000000000000000e+02,-1.153000000000000000e+03,-6.220000000000000000e+02,-4.200000000000000000e+01
1.679988668112009287e+09,1.658400000000000000e+04,5.120000000000000000e+02,-7.840000000000000000e+02,-1.153000000000000000e+03,-6.220000000000000000e+02,-4.200000000000000000e+01
1.679988668112187862e+09,1.658400000000000000e+04,5.120000000000000000e+02,-7.840000000000000000e+02,-1.153000000000000000e+03,-6.220000000000000000e+02,-4.200000000000000000e+01
1.679988668112366915e+09,1.658400000000000000e+04,5.120000000000000000e+02,-7.840000000000000000e+02,-1.153000000000000000e+03,-6.220000000000000000e+02,-4.200000000000000000e+01
1.679988668112474918e+09,1.658400000000000000e+04,5.120000000000000000e+02,-7.840000000000000000e+02,-1.153000000000000000e+03,-6.220000000000000000e+02,-4.200000000000000000e+01
1.679988668112652302e+09,1.658400000000000000e+04,5.120000000000000000e+02,-7.840000000000000000e+02,-1.153000000000000000e+03,-6.220000000000000000e+02,-4.200000000000000000e+01
1.679988668112831831e+09,1.658400000000000000e+04,5.120000000000000000e+02,-7.840000000000000000e+02,-1.153000000000000000e+03,-6.220000000000000000e+02,-4.200000000000000000e+01
1.679988668113010883e+09,1.658400000000000000e+04,5.120000000000000000e+02,-7.840000000000000000e+02,-1.153000000000000000e+03,-6.220000000000000000e+02,-4.200000000000000000e+01
1.679988668113188028e+09,1.658400000000000000e+04,5.120000000000000000e+02,-7.840000000000000000e+02,-1.153000000000000000e+03,-6.220000000000000000e+02,-4.200000000000000000e+01
1.679988668113365650e+09,1.658400000000000000e+04,5.120000000000000000e+02,-7.840000000000000000e+02,-1.153000000000000000e+03,-6.220000000000000000e+02,-4.200000000000000000e+01
1.679988668113543272e+09,1.658400000000000000e+04,5.120000000000000000e+02,-7.840000000000000000e+02,-1.153000000000000000e+03,-6.220000000000000000e+02,-4.200000000000000000e+01
1.679988668113722086e+09,1.658400000000000000e+04,5.120000000000000000e+02,-7.840000000000000000e+02,-1.153000000000000000e+03,-6.220000000000000000e+02,-4.200000000000000000e+01
1.679988668113899469e+09,1.658400000000000000e+04,5.120000000000000000e+02,-7.840000000000000000e+02,-1.153000000000000000e+03,-6.220000000000000000e+02,-4.200000000000000000e+01
1.679988668114077806e+09,1.658400000000000000e+04,5.120000000000000000e+02,-7.840000000000000000e+02,-1.153000000000000000e+03,-6.220000000000000000e+02,-4.200000000000000000e+01
1.679988668114257336e+09,1.658400000000000000e+04,5.120000000000000000e+02,-7.840000000000000000e+02,-1.153000000000000000e+03,-6.220000000000000000e+02,-4.200000000000000000e+01
1.679988668114434004e+09,1.658400000000000000e+04,5.120000000000000000e+02,-7.840000000000000000e+02,-1.153000000000000000e+03,-6.220000000000000000e+02,-4.200000000000000000e+01
1.679988668114610434e+09,1.658400000000000000e+04,5.120000000000000000e+02,-7.840000000000000000e+02,-1.153000000000000000e+03,-6.220000000000000000e+02,-4.200000000000000000e+01
1.679988668114789009e+09,1.658400000000000000e+04,5.120000000000000000e+02,-7.840000000000000000e+02,-1.153000000000000000e+03,-6.220000000000000000e+02,-4.200000000000000000e+01
1.679988668114966631e+09,1.658400000000000000e+04,5.120000000000000000e+02,-7.840000000000000000e+02,-1.153000000000000000e+03,-6.220000000000000000e+02,-4.200000000000000000e+01
1.679988668115263700e+09,1.658400000000000000e+04,5.120000000000000000e+02,-7.840000000000000000e+02,-1.153000000000000000e+03,-6.220000000000000000e+02,-4.200000000000000000e+01
1.679988668115443945e+09,1.658400000000000000e+04,5.120000000000000000e+02,-7.840000000000000000e+02,-1.153000000000000000e+03,-6.220000000000000000e+02,-4.200000000000000000e+01
1.679988668115662813e+09,1.658400000000000000e+04,5.120000000000000000e+02,-7.840000000000000000e+02,-1.153000000000000000e+03,-6.220000000000000000e+02,-4.200000000000000000e+01
1.679988668115845203e+09,1.658400000000000000e+04,5.120000000000000000e+02,-7.840000000000000000e+02,-1.153000000000000000e+03,-6.220000000000000000e+02,-4.200000000000000000e+01
1.679988668116026163e+09,1.658400000000000000e+04,5.120000000000000000e+02,-7.840000000000000000e+02,-1.153000000000000000e+03,-6.220000000000000000e+02,-4.200000000000000000e+01
1.679988668116205215e+09,1.658400000000000000e+04,5.120000000000000000e+02,-7.840000000000000000e+02,-1.153000000000000000e+03,-6.220000000000000000e+02,-4.200000000000000000e+01
1.679988668116384745e+09,1.658400000000000000e+04,5.120000000000000000e+02,-7.840000000000000000e+02,-1.153000000000000000e+03,-6.220000000000000000e+02,-4.200000000000000000e+01
1.679988668116563082e+09,1.658400000000000000e+04,5.120000000000000000e+02,-7.840000000000000000e+02,-1.153000000000000000e+03,-6.220000000000000000e+02,-4.200000000000000000e+01
1.679988668116740942e+09,1.658400000000000000e+04,5.120000000000000000e+02,-7.840000000000000000e+02,-1.153000000000000000e+03,-6.220000000000000000e+02,-4.200000000000000000e+01
1.679988668116852522e+09,1.658400000000000000e+04,5.120000000000000000e+02,-7.840000000000000000e+02,-1.153000000000000000e+03,-6.220000000000000000e+02,-4.200000000000000000e+01
1.679988668117030859e+09,1.658400000000000000e+04,5.120000000000000000e+02,-7.840000000000000000e+02,-1.153000000000000000e+03,-6.220000000000000000e+02,-4.200000000000000000e+01
1.679988668117209673e+09,1.658400000000000000e+04,5.120000000000000000e+02,-7.840000000000000000e+02,-1.153000000000000000e+03,-6.220000000000000000e+02,-4.200000000000000000e+01
1.679988668117388010e+09,1.658400000000000000e+04,5.120000000000000000e+02,-7.840000000000000000e+02,-1.153000000000000000e+03,-6.220000000000000000e+02,-4.200000000000000000e+01
1.679988668117568016e+09,1.658400000000000000e+04,5.120000000000000000e+02,-7.840000000000000000e+02,-1.153000000000000000e+03,-6.220000000000000000e+02,-4.200000000000000000e+01
1.679988668117746592e+09,1.658400000000000000e+04,5.120000000000000000e+02,-7.840000000000000000e+02,-1.153000000000000000e+03,-6.220000000000000000e+02,-4.200000000000000000e+01
1.679988668117925167e+09,1.658400000000000000e+04,5.120000000000000000e+02,-7.840000000000000000e+02,-1.153000000000000000e+03,-6.220000000000000000e+02,-4.200000000000000000e+01
1.679988668118105412e+09,1.658400000000000000e+04,5.120000000000000000e+02,-7.840000000000000000e+02,-1.153000000000000000e+03,-6.220000000000000000e+02,-4.200000000000000000e+01
1.679988668118283272e+09,1.658400000000000000e+04,5.120000000000000000e+02,-7.840000000000000000e+02,-1.153000000000000000e+03,-6.220000000000000000e+02,-4.200000000000000000e+01
1.679988668118461609e+09,1.658400000000000000e+04,5.120000000000000000e+02,-7.840000000000000000e+02,-1.153000000000000000e+03,-6.220000000000000000e+02,-4.200000000000000000e+01
1.679988668118641853e+09,1.658400000000000000e+04,5.120000000000000000e+02,-7.840000000000000000e+02,-1.153000000000000000e+03,-6.220000000000000000e+02,-4.200000000000000000e+01
1.679988668118820190e+09,1.658400000000000000e+04,5.120000000000000000e+02,-7.840000000000000000e+02,-1.153000000000000000e+03,-6.220000000000000000e+02,-4.200000000000000000e+01
1.679988668118999720e+09,1.658400000000000000e+04,5.120000000000000000e+02,-7.840000000000000000e+02,-1.153000000000000000e+03,-6.220000000000000000e+02,-4.200000000000000000e+01
1.679988668119179964e+09,1.658400000000000000e+04,5.120000000000000000e+02,-7.840000000000000000e+02,-1.153000000000000000e+03,-6.220000000000000000e+02,-4.200000000000000000e+01
1.679988668119358778e+09,1.658400000000000000e+04,5.120000000000000000e+02,-7.840000000000000000e+02,-1.153000000000000000e+03,-6.220000000000000000e+02,-4.200000000000000000e+01
1.679988668119571924e+09,1.658400000000000000e+04,5.120000000000000000e+02,-7.840000000000000000e+02,-1.153000000000000000e+03,-6.220000000000000000e+02,-4.200000000000000000e+01
1.679988668119751930e+09,1.658400000000000000e+04,5.120000000000000000e+02,-7.840000000000000000e+02,-1.153000000000000000e+03,-6.220000000000000000e+02,-4.200000000000000000e+01
1.679988668119931936e+09,1.658400000000000000e+04,5.120000000000000000e+02,-7.840000000000000000e+02,-1.153000000000000000e+03,-6.220000000000000000e+02,-4.200000000000000000e+01
1.679988668120110989e+09,1.658400000000000000e+04,5.120000000000000000e+02,-7.840000000000000000e+02,-1.153000000000000000e+03,-6.220000000000000000e+02,-4.200000000000000000e+01
1.679988668120290279e+09,1.658400000000000000e+04,5.120000000000000000e+02,-7.840000000000000000e+02,-1.153000000000000000e+03,-6.220000000000000000e+02,-4.200000000000000000e+01
1.679988668120470047e+09,1.658400000000000000e+04,5.120000000000000000e+02,-7.840000000000000000e+02,-1.153000000000000000e+03,-6.220000000000000000e+02,-4.200000000000000000e+01
1.679988668120647669e+09,1.658400000000000000e+04,5.120000000000000000e+02,-7.840000000000000000e+02,-1.153000000000000000e+03,-6.220000000000000000e+02,-4.200000000000000000e+01
1.679988668120825529e+09,1.658400000000000000e+04,5.120000000000000000e+02,-7.840000000000000000e+02,-1.153000000000000000e+03,-6.220000000000000000e+02,-4.200000000000000000e+01
1.679988668121002436e+09,1.658400000000000000e+04,5.120000000000000000e+02,-7.840000000000000000e+02,-1.153000000000000000e+03,-6.220000000000000000e+02,-4.200000000000000000e+01
1.679988668121116161e+09,1.658400000000000000e+04,5.120000000000000000e+02,-7.840000000000000000e+02,-1.153000000000000000e+03,-6.220000000000000000e+02,-4.200000000000000000e+01
1.679988668121292830e+09,1.658400000000000000e+04,5.120000000000000000e+02,-7.840000000000000000e+02,-1.153000000000000000e+03,-6.220000000000000000e+02,-4.200000000000000000e+01
1.679988668121470451e+09,1.658400000000000000e+04,5.120000000000000000e+02,-7.840000000000000000e+02,-1.153000000000000000e+03,-6.220000000000000000e+02,-4.200000000000000000e+01
1.679988668121649981e+09,1.658400000000000000e+04,5.120000000000000000e+02,-7.840000000000000000e+02,-1.153000000000000000e+03,-6.220000000000000000e+02,-4.200000000000000000e+01
1.679988668121828794e+09,1.658400000000000000e+04,5.120000000000000000e+02,-7.840000000000000000e+02,-1.153000000000000000e+03,-6.220000000000000000e+02,-4.200000000000000000e+01
1.679988668122006893e+09,1.658400000000000000e+04,5.120000000000000000e+02,-7.840000000000000000e+02,-1.153000000000000000e+03,-6.220000000000000000e+02,-4.200000000000000000e+01
1.679988668122184515e+09,1.658400000000000000e+04,5.120000000000000000e+02,-7.840000000000000000e+02,-1.153000000000000000e+03,-6.220000000000000000e+02,-4.200000000000000000e+01
1.679988668122363091e+09,1.658400000000000000e+04,5.120000000000000000e+02,-7.840000000000000000e+02,-1.153000000000000000e+03,-6.220000000000000000e+02,-4.200000000000000000e+01
1.679988668122540951e+09,1.658400000000000000e+04,5.120000000000000000e+02,-7.840000000000000000e+02,-1.153000000000000000e+03,-6.220000000000000000e+02,-4.200000000000000000e+01
1.679988668122719526e+09,1.658400000000000000e+04,5.120000000000000000e+02,-7.840000000000000000e+02,-1.153000000000000000e+03,-6.220000000000000000e+02,-4.200000000000000000e+01
1.679988668122898102e+09,1.658400000000000000e+04,5.120000000000000000e+02,-7.840000000000000000e+02,-1.153000000000000000e+03,-6.220000000000000000e+02,-4.200000000000000000e+01
1.679988668123077393e+09,1.658400000000000000e+04,5.120000000000000000e+02,-7.840000000000000000e+02,-1.153000000000000000e+03,-6.220000000000000000e+02,-4.200000000000000000e+01
1.679988668123255491e+09,1.658400000000000000e+04,5.120000000000000000e+02,-7.840000000000000000e+02,-1.153000000000000000e+03,-6.220000000000000000e+02,-4.200000000000000000e+01
1.679988668123433828e+09,1.658400000000000000e+04,5.120000000000000000e+02,-7.840000000000000000e+02,-1.153000000000000000e+03,-6.220000000000000000e+02,-4.200000000000000000e+01
1.679988668123612165e+09,1.658400000000000000e+04,5.120000000000000000e+02,-7.840000000000000000e+02,-1.153000000000000000e+03,-6.220000000000000000e+02,-4.200000000000000000e+01
1.679988668123790741e+09,1.658400000000000000e+04,5.120000000000000000e+02,-7.840000000000000000e+02,-1.153000000000000000e+03,-6.220000000000000000e+02,-4.200000000000000000e+01
1.679988668124014854e+09,1.658400000000000000e+04,5.120000000000000000e+02,-7.840000000000000000e+02,-1.153000000000000000e+03,-6.220000000000000000e+02,-4.200000000000000000e+01
1.679988668124193907e+09,1.658400000000000000e+04,5.120000000000000000e+02,-7.840000000000000000e+02,-1.153000000000000000e+03,-6.220000000000000000e+02,-4.200000000000000000e+01
1.679988668124373436e+09,1.658400000000000000e+04,5.120000000000000000e+02,-7.840000000000000000e+02,-1.153000000000000000e+03,-6.220000000000000000e+02,-4.200000000000000000e+01
1.679988668124552488e+09,1.658400000000000000e+04,5.120000000000000000e+02,-7.840000000000000000e+02,-1.153000000000000000e+03,-6.220000000000000000e+02,-4.200000000000000000e+01
1.679988668124729633e+09,1.658400000000000000e+04,5.120000000000000000e+02,-7.840000000000000000e+02,-1.153000000000000000e+03,-6.220000000000000000e+02,-4.200000000000000000e+01
1.679988668124906778e+09,1.658400000000000000e+04,5.120000000000000000e+02,-7.840000000000000000e+02,-1.153000000000000000e+03,-6.220000000000000000e+02,-4.200000000000000000e+01
1.679988668125085592e+09,1.658400000000000000e+04,5.120000000000000000e+02,-7.840000000000000000e+02,-1.153000000000000000e+03,-6.220000000000000000e+02,-4.200000000000000000e+01
1.679988668125263929e+09,1.658400000000000000e+04,5.120000000000000000e+02,-7.840000000000000000e+02,-1.153000000000000000e+03,-6.220000000000000000e+02,-4.200000000000000000e+01
1.679988668125383377e+09,1.658400000000000000e+04,5.120000000000000000e+02,-7.840000000000000000e+02,-1.153000000000000000e+03,-6.220000000000000000e+02,-4.200000000000000000e+01
1.679988668125588179e+09,1.658400000000000000e+04,5.120000000000000000e+02,-7.840000000000000000e+02,-1.153000000000000000e+03,-6.220000000000000000e+02,-4.200000000000000000e+01
1.679988668125769615e+09,1.658400000000000000e+04,5.120000000000000000e+02,-7.840000000000000000e+02,-1.153000000000000000e+03,-6.220000000000000000e+02,-4.200000000000000000e+01
1.679988668125949860e+09,1.658400000000000000e+04,5.120000000000000000e+02,-7.840000000000000000e+02,-1.153000000000000000e+03,-6.220000000000000000e+02,-4.200000000000000000e+01
1.679988668126129866e+09,1.658400000000000000e+04,5.120000000000000000e+02,-7.840000000000000000e+02,-1.153000000000000000e+03,-6.220000000000000000e+02,-4.200000000000000000e+01
1.679988668126308680e+09,1.658400000000000000e+04,5.120000000000000000e+02,-7.840000000000000000e+02,-1.153000000000000000e+03,-6.220000000000000000e+02,-4.200000000000000000e+01
1.679988668126487732e+09,1.658400000000000000e+04,5.120000000000000000e+02,-7.840000000000000000e+02,-1.153000000000000000e+03,-6.220000000000000000e+02,-4.200000000000000000e+01
1.679988668126667023e+09,1.658400000000000000e+04,5.120000000000000000e+02,-7.840000000000000000e+02,-1.153000000000000000e+03,-6.220000000000000000e+02,-4.200000000000000000e+01
1.679988668126845837e+09,1.658400000000000000e+04,5.120000000000000000e+02,-7.840000000000000000e+02,-1.153000000000000000e+03,-6.220000000000000000e+02,-4.200000000000000000e+01
1.679988668127025127e+09,1.658400000000000000e+04,5.120000000000000000e+02,-7.840000000000000000e+02,-1.153000000000000000e+03,-6.220000000000000000e+02,-4.200000000000000000e+01
1.679988668127204180e+09,1.658400000000000000e+04,5.120000000000000000e+02,-7.840000000000000000e+02,-1.153000000000000000e+03,-6.220000000000000000e+02,-4.200000000000000000e+01
1.679988668127382994e+09,1.658400000000000000e+04,5.120000000000000000e+02,-7.840000000000000000e+02,-1.153000000000000000e+03,-6.220000000000000000e+02,-4.200000000000000000e+01
1.679988668127562046e+09,1.658400000000000000e+04,5.120000000000000000e+02,-7.840000000000000000e+02,-1.153000000000000000e+03,-6.220000000000000000e+02,-4.200000000000000000e+01
1.679988668127740383e+09,1.658400000000000000e+04,5.120000000000000000e+02,-7.840000000000000000e+02,-1.153000000000000000e+03,-6.220000000000000000e+02,-4.200000000000000000e+01
1.679988668127918482e+09,1.658400000000000000e+04,5.120000000000000000e+02,-7.840000000000000000e+02,-1.153000000000000000e+03,-6.220000000000000000e+02,-4.200000000000000000e+01
1.679988668128096581e+09,1.658400000000000000e+04,5.120000000000000000e+02,-7.840000000000000000e+02,-1.153000000000000000e+03,-6.220000000000000000e+02,-4.200000000000000000e+01
1.679988668128275394e+09,1.658400000000000000e+04,5.120000000000000000e+02,-7.840000000000000000e+02,-1.153000000000000000e+03,-6.220000000000000000e+02,-4.200000000000000000e+01
1.679988668128454685e+09,1.658400000000000000e+04,5.120000000000000000e+02,-7.840000000000000000e+02,-1.153000000000000000e+03,-6.220000000000000000e+02,-4.200000000000000000e+01
1.679988668128634691e+09,1.658400000000000000e+04,5.120000000000000000e+02,-7.840000000000000000e+02,-1.153000000000000000e+03,-6.220000000000000000e+02,-4.200000000000000000e+01
1.679988668128813982e+09,1.658400000000000000e+04,5.120000000000000000e+02,-7.840000000000000000e+02,-1.153000000000000000e+03,-6.220000000000000000e+02,-4.200000000000000000e+01
1.679988668129025936e+09,1.658400000000000000e+04,5.120000000000000000e+02,-7.840000000000000000e+02,-1.153000000000000000e+03,-6.220000000000000000e+02,-4.200000000000000000e+01
1.679988668129207850e+09,1.658400000000000000e+04,5.120000000000000000e+02,-7.840000000000000000e+02,-1.153000000000000000e+03,-6.220000000000000000e+02,-4.200000000000000000e+01
1.679988668129387379e+09,1.658400000000000000e+04,5.120000000000000000e+02,-7.840000000000000000e+02,-1.153000000000000000e+03,-6.220000000000000000e+02,-4.200000000000000000e+01
1.679988668129565477e+09,1.658400000000000000e+04,5.120000000000000000e+02,-7.840000000000000000e+02,-1.153000000000000000e+03,-6.220000000000000000e+02,-4.200000000000000000e+01
1.679988668129744530e+09,1.658400000000000000e+04,5.120000000000000000e+02,-7.840000000000000000e+02,-1.153000000000000000e+03,-6.220000000000000000e+02,-4.200000000000000000e+01
1.679988668129924297e+09,1.658400000000000000e+04,5.120000000000000000e+02,-7.840000000000000000e+02,-1.153000000000000000e+03,-6.220000000000000000e+02,-4.200000000000000000e+01
1.679988668130103350e+09,1.658400000000000000e+04,5.120000000000000000e+02,-7.840000000000000000e+02,-1.153000000000000000e+03,-6.220000000000000000e+02,-4.200000000000000000e+01
1.679988668130223274e+09,1.658400000000000000e+04,5.120000000000000000e+02,-7.840000000000000000e+02,-1.153000000000000000e+03,-6.220000000000000000e+02,-4.200000000000000000e+01
1.679988668130400419e+09,1.658400000000000000e+04,5.120000000000000000e+02,-7.840000000000000000e+02,-1.153000000000000000e+03,-6.220000000000000000e+02,-4.200000000000000000e+01
1.679988668130579710e+09,1.658400000000000000e+04,5.120000000000000000e+02,-7.840000000000000000e+02,-1.153000000000000000e+03,-6.220000000000000000e+02,-4.200000000000000000e+01
1.679988668130759716e+09,1.658400000000000000e+04,5.120000000000000000e+02,-7.840000000000000000e+02,-1.153000000000000000e+03,-6.220000000000000000e+02,-4.200000000000000000e+01
1.679988668130940199e+09,1.658400000000000000e+04,5.120000000000000000e+02,-7.840000000000000000e+02,-1.153000000000000000e+03,-6.220000000000000000e+02,-4.200000000000000000e+01
1.679988668131118059e+09,1.658400000000000000e+04,5.120000000000000000e+02,-7.840000000000000000e+02,-1.153000000000000000e+03,-6.220000000000000000e+02,-4.200000000000000000e+01
1.679988668131296873e+09,1.658400000000000000e+04,5.120000000000000000e+02,-7.840000000000000000e+02,-1.153000000000000000e+03,-6.220000000000000000e+02,-4.200000000000000000e+01
1.679988668131475210e+09,1.658400000000000000e+04,5.120000000000000000e+02,-7.840000000000000000e+02,-1.153000000000000000e+03,-6.220000000000000000e+02,-4.200000000000000000e+01
1.679988668131653786e+09,1.658400000000000000e+04,5.120000000000000000e+02,-7.840000000000000000e+02,-1.153000000000000000e+03,-6.220000000000000000e+02,-4.200000000000000000e+01
1.679988668131833315e+09,1.658400000000000000e+04,5.120000000000000000e+02,-7.840000000000000000e+02,-1.153000000000000000e+03,-6.220000000000000000e+02,-4.200000000000000000e+01
1.679988668132014275e+09,1.658400000000000000e+04,5.120000000000000000e+02,-7.840000000000000000e+02,-1.153000000000000000e+03,-6.220000000000000000e+02,-4.200000000000000000e+01
1.679988668132191896e+09,1.658400000000000000e+04,5.120000000000000000e+02,-7.840000000000000000e+02,-1.153000000000000000e+03,-6.220000000000000000e+02,-4.200000000000000000e+01
1.679988668132369757e+09,1.658400000000000000e+04,5.120000000000000000e+02,-7.840000000000000000e+02,-1.153000000000000000e+03,-6.220000000000000000e+02,-4.200000000000000000e+01
1.679988668132549047e+09,1.658400000000000000e+04,5.120000000000000000e+02,-7.840000000000000000e+02,-1.153000000000000000e+03,-6.220000000000000000e+02,-4.200000000000000000e+01
1.679988668132726192e+09,1.658400000000000000e+04,5.120000000000000000e+02,-7.840000000000000000e+02,-1.153000000000000000e+03,-6.220000000000000000e+02,-4.200000000000000000e+01
1.679988668132904291e+09,1.658400000000000000e+04,5.120000000000000000e+02,-7.840000000000000000e+02,-1.153000000000000000e+03,-6.220000000000000000e+02,-4.200000000000000000e+01
1.679988668133082628e+09,1.658400000000000000e+04,5.120000000000000000e+02,-7.840000000000000000e+02,-1.153000000000000000e+03,-6.220000000000000000e+02,-4.200000000000000000e+01
1.679988668133260250e+09,1.658400000000000000e+04,5.120000000000000000e+02,-7.840000000000000000e+02,-1.153000000000000000e+03,-6.220000000000000000e+02,-4.200000000000000000e+01
1.679988668133472443e+09,1.658400000000000000e+04,5.120000000000000000e+02,-7.840000000000000000e+02,-1.153000000000000000e+03,-6.220000000000000000e+02,-4.200000000000000000e+01
1.679988668133651733e+09,1.658400000000000000e+04,5.120000000000000000e+02,-7.840000000000000000e+02,-1.153000000000000000e+03,-6.220000000000000000e+02,-4.200000000000000000e+01
1.679988668133831501e+09,1.658400000000000000e+04,5.120000000000000000e+02,-7.840000000000000000e+02,-1.153000000000000000e+03,-6.220000000000000000e+02,-4.200000000000000000e+01
1.679988668134011030e+09,1.658400000000000000e+04,5.120000000000000000e+02,-7.840000000000000000e+02,-1.153000000000000000e+03,-6.220000000000000000e+02,-4.200000000000000000e+01
1.679988668134190321e+09,1.658400000000000000e+04,5.120000000000000000e+02,-7.840000000000000000e+02,-1.153000000000000000e+03,-6.220000000000000000e+02,-4.200000000000000000e+01
1.679988668134367943e+09,1.658400000000000000e+04,5.120000000000000000e+02,-7.840000000000000000e+02,-1.153000000000000000e+03,-6.220000000000000000e+02,-4.200000000000000000e+01
1.679988668134509563e+09,1.658400000000000000e+04,5.120000000000000000e+02,-7.840000000000000000e+02,-1.153000000000000000e+03,-6.220000000000000000e+02,-4.200000000000000000e+01
1.679988668134688616e+09,1.658400000000000000e+04,5.120000000000000000e+02,-7.840000000000000000e+02,-1.153000000000000000e+03,-6.220000000000000000e+02,-4.200000000000000000e+01
1.679988668134869099e+09,1.658400000000000000e+04,5.120000000000000000e+02,-7.840000000000000000e+02,-1.153000000000000000e+03,-6.220000000000000000e+02,-4.200000000000000000e+01
1.679988668135047913e+09,1.658400000000000000e+04,5.120000000000000000e+02,-7.840000000000000000e+02,-1.153000000000000000e+03,-6.220000000000000000e+02,-4.200000000000000000e+01
1.679988668135228634e+09,1.658400000000000000e+04,5.120000000000000000e+02,-7.840000000000000000e+02,-1.153000000000000000e+03,-6.220000000000000000e+02,-4.200000000000000000e+01
1.679988668135408640e+09,1.658400000000000000e+04,5.120000000000000000e+02,-7.840000000000000000e+02,-1.153000000000000000e+03,-6.220000000000000000e+02,-4.200000000000000000e+01
1.679988668135624170e+09,1.658400000000000000e+04,5.120000000000000000e+02,-7.840000000000000000e+02,-1.153000000000000000e+03,-6.220000000000000000e+02,-4.200000000000000000e+01
1.679988668135807514e+09,1.658400000000000000e+04,5.120000000000000000e+02,-7.840000000000000000e+02,-1.153000000000000000e+03,-6.220000000000000000e+02,-4.200000000000000000e+01
1.679988668135988235e+09,1.658400000000000000e+04,5.120000000000000000e+02,-7.840000000000000000e+02,-1.153000000000000000e+03,-6.220000000000000000e+02,-4.200000000000000000e+01
1.679988668136166573e+09,1.658400000000000000e+04,5.120000000000000000e+02,-7.840000000000000000e+02,-1.153000000000000000e+03,-6.220000000000000000e+02,-4.200000000000000000e+01
1.679988668136347055e+09,1.658400000000000000e+04,5.120000000000000000e+02,-7.840000000000000000e+02,-1.153000000000000000e+03,-6.220000000000000000e+02,-4.200000000000000000e+01
1.679988668136525631e+09,1.658400000000000000e+04,5.120000000000000000e+02,-7.840000000000000000e+02,-1.153000000000000000e+03,-6.220000000000000000e+02,-4.200000000000000000e+01
1.679988668136704445e+09,1.658400000000000000e+04,5.120000000000000000e+02,-7.840000000000000000e+02,-1.153000000000000000e+03,-6.220000000000000000e+02,-4.200000000000000000e+01
1.679988668136883736e+09,1.658400000000000000e+04,5.120000000000000000e+02,-7.840000000000000000e+02,-1.153000000000000000e+03,-6.220000000000000000e+02,-4.200000000000000000e+01
1.679988668137062311e+09,1.658400000000000000e+04,5.120000000000000000e+02,-7.840000000000000000e+02,-1.153000000000000000e+03,-6.220000000000000000e+02,-4.200000000000000000e+01
1.679988668137242079e+09,1.658400000000000000e+04,5.120000000000000000e+02,-7.840000000000000000e+02,-1.153000000000000000e+03,-6.220000000000000000e+02,-4.200000000000000000e+01
1.679988668137421131e+09,1.658400000000000000e+04,5.120000000000000000e+02,-7.840000000000000000e+02,-1.153000000000000000e+03,-6.220000000000000000e+02,-4.200000000000000000e+01
1.679988668137599945e+09,1.658400000000000000e+04,5.120000000000000000e+02,-7.840000000000000000e+02,-1.153000000000000000e+03,-6.220000000000000000e+02,-4.200000000000000000e+01
1.679988668137778521e+09,1.658400000000000000e+04,5.120000000000000000e+02,-7.840000000000000000e+02,-1.153000000000000000e+03,-6.220000000000000000e+02,-4.200000000000000000e+01
1.679988668137990475e+09,1.658400000000000000e+04,5.120000000000000000e+02,-7.840000000000000000e+02,-1.153000000000000000e+03,-6.220000000000000000e+02,-4.200000000000000000e+01
1.679988668138171196e+09,1.658400000000000000e+04,5.120000000000000000e+02,-7.840000000000000000e+02,-1.153000000000000000e+03,-6.220000000000000000e+02,-4.200000000000000000e+01
1.679988668138352394e+09,1.658400000000000000e+04,5.120000000000000000e+02,-7.840000000000000000e+02,-1.153000000000000000e+03,-6.220000000000000000e+02,-4.200000000000000000e+01
1.679988668138532400e+09,1.658400000000000000e+04,5.120000000000000000e+02,-7.840000000000000000e+02,-1.153000000000000000e+03,-6.220000000000000000e+02,-4.200000000000000000e+01
1.679988668138710737e+09,1.658400000000000000e+04,5.120000000000000000e+02,-7.840000000000000000e+02,-1.153000000000000000e+03,-6.220000000000000000e+02,-4.200000000000000000e+01
1.679988668138924599e+09,1.658400000000000000e+04,5.120000000000000000e+02,-7.840000000000000000e+02,-1.153000000000000000e+03,-6.220000000000000000e+02,-4.200000000000000000e+01
1.679988668139108896e+09,1.658400000000000000e+04,5.120000000000000000e+02,-7.840000000000000000e+02,-1.153000000000000000e+03,-6.220000000000000000e+02,-4.200000000000000000e+01
1.679988668139288425e+09,1.658400000000000000e+04,5.120000000000000000e+02,-7.840000000000000000e+02,-1.153000000000000000e+03,-6.220000000000000000e+02,-4.200000000000000000e+01
1.679988668139468431e+09,1.658400000000000000e+04,5.120000000000000000e+02,-7.840000000000000000e+02,-1.153000000000000000e+03,-6.220000000000000000e+02,-4.200000000000000000e+01
1.679988668139648438e+09,1.658400000000000000e+04,5.120000000000000000e+02,-7.840000000000000000e+02,-1.153000000000000000e+03,-6.220000000000000000e+02,-4.200000000000000000e+01
1.679988668139828444e+09,1.658400000000000000e+04,5.120000000000000000e+02,-7.840000000000000000e+02,-1.153000000000000000e+03,-6.220000000000000000e+02,-4.200000000000000000e+01
1.679988668140007257e+09,1.658400000000000000e+04,5.120000000000000000e+02,-7.840000000000000000e+02,-1.153000000000000000e+03,-6.220000000000000000e+02,-4.200000000000000000e+01
1.679988668140188217e+09,1.658400000000000000e+04,5.120000000000000000e+02,-7.840000000000000000e+02,-1.153000000000000000e+03,-6.220000000000000000e+02,-4.200000000000000000e+01
1.679988668140367031e+09,1.658400000000000000e+04,5.120000000000000000e+02,-7.840000000000000000e+02,-1.153000000000000000e+03,-6.220000000000000000e+02,-4.200000000000000000e+01
1.679988668140546322e+09,1.658400000000000000e+04,5.120000000000000000e+02,-7.840000000000000000e+02,-1.153000000000000000e+03,-6.220000000000000000e+02,-4.200000000000000000e+01
1.679988668140726328e+09,1.658400000000000000e+04,5.120000000000000000e+02,-7.840000000000000000e+02,-1.153000000000000000e+03,-6.220000000000000000e+02,-4.200000000000000000e+01
1.679988668140903711e+09,1.658400000000000000e+04,5.120000000000000000e+02,-7.840000000000000000e+02,-1.153000000000000000e+03,-6.220000000000000000e+02,-4.200000000000000000e+01
1.679988668141082287e+09,1.658400000000000000e+04,5.120000000000000000e+02,-7.840000000000000000e+02,-1.153000000000000000e+03,-6.220000000000000000e+02,-4.200000000000000000e+01
1.679988668141261816e+09,1.658400000000000000e+04,5.120000000000000000e+02,-7.840000000000000000e+02,-1.153000000000000000e+03,-6.220000000000000000e+02,-4.200000000000000000e+01
1.679988668141440630e+09,1.658400000000000000e+04,5.120000000000000000e+02,-7.840000000000000000e+02,-1.153000000000000000e+03,-6.220000000000000000e+02,-4.200000000000000000e+01
1.679988668141619444e+09,1.658400000000000000e+04,5.120000000000000000e+02,-7.840000000000000000e+02,-1.153000000000000000e+03,-6.220000000000000000e+02,-4.200000000000000000e+01
1.679988668141798735e+09,1.658400000000000000e+04,5.120000000000000000e+02,-7.840000000000000000e+02,-1.153000000000000000e+03,-6.220000000000000000e+02,-4.200000000000000000e+01
1.679988668141976833e+09,1.658400000000000000e+04,5.120000000000000000e+02,-7.840000000000000000e+02,-1.153000000000000000e+03,-6.220000000000000000e+02,-4.200000000000000000e+01
1.679988668142155886e+09,1.658400000000000000e+04,5.120000000000000000e+02,-7.840000000000000000e+02,-1.153000000000000000e+03,-6.220000000000000000e+02,-4.200000000000000000e+01
1.679988668142369032e+09,1.658400000000000000e+04,5.120000000000000000e+02,-7.840000000000000000e+02,-1.153000000000000000e+03,-6.220000000000000000e+02,-4.200000000000000000e+01
1.679988668142548800e+09,1.658400000000000000e+04,5.120000000000000000e+02,-7.840000000000000000e+02,-1.153000000000000000e+03,-6.220000000000000000e+02,-4.200000000000000000e+01
1.679988668142728567e+09,1.658400000000000000e+04,5.120000000000000000e+02,-7.840000000000000000e+02,-1.153000000000000000e+03,-6.220000000000000000e+02,-4.200000000000000000e+01
1.679988668142908335e+09,1.658400000000000000e+04,5.120000000000000000e+02,-7.840000000000000000e+02,-1.153000000000000000e+03,-6.220000000000000000e+02,-4.200000000000000000e+01
1.679988668143086672e+09,1.658400000000000000e+04,5.120000000000000000e+02,-7.840000000000000000e+02,-1.153000000000000000e+03,-6.220000000000000000e+02,-4.200000000000000000e+01
1.679988668143297911e+09,1.658400000000000000e+04,5.120000000000000000e+02,-7.840000000000000000e+02,-1.153000000000000000e+03,-6.220000000000000000e+02,-4.200000000000000000e+01
1.679988668143480062e+09,1.658400000000000000e+04,5.120000000000000000e+02,-7.840000000000000000e+02,-1.153000000000000000e+03,-6.220000000000000000e+02,-4.200000000000000000e+01
1.679988668143659353e+09,1.658400000000000000e+04,5.120000000000000000e+02,-7.840000000000000000e+02,-1.153000000000000000e+03,-6.220000000000000000e+02,-4.200000000000000000e+01
1.679988668143838406e+09,1.658400000000000000e+04,5.120000000000000000e+02,-7.840000000000000000e+02,-1.153000000000000000e+03,-6.220000000000000000e+02,-4.200000000000000000e+01
1.679988668144017458e+09,1.658400000000000000e+04,5.120000000000000000e+02,-7.840000000000000000e+02,-1.153000000000000000e+03,-6.220000000000000000e+02,-4.200000000000000000e+01
1.679988668144194841e+09,1.658400000000000000e+04,5.120000000000000000e+02,-7.840000000000000000e+02,-1.153000000000000000e+03,-6.220000000000000000e+02,-4.200000000000000000e+01
1.679988668144372940e+09,1.658400000000000000e+04,5.120000000000000000e+02,-7.840000000000000000e+02,-1.153000000000000000e+03,-6.220000000000000000e+02,-4.200000000000000000e+01
1.679988668144553423e+09,1.658400000000000000e+04,5.120000000000000000e+02,-7.840000000000000000e+02,-1.153000000000000000e+03,-6.220000000000000000e+02,-4.200000000000000000e+01
1.679988668144732237e+09,1.658400000000000000e+04,5.120000000000000000e+02,-7.840000000000000000e+02,-1.153000000000000000e+03,-6.220000000000000000e+02,-4.200000000000000000e+01
1.679988668144911766e+09,1.658400000000000000e+04,5.120000000000000000e+02,-7.840000000000000000e+02,-1.153000000000000000e+03,-6.220000000000000000e+02,-4.200000000000000000e+01
1.679988668145090580e+09,1.658400000000000000e+04,5.120000000000000000e+02,-7.840000000000000000e+02,-1.153000000000000000e+03,-6.220000000000000000e+02,-4.200000000000000000e+01
1.679988668145268917e+09,1.658400000000000000e+04,5.120000000000000000e+02,-7.840000000000000000e+02,-1.153000000000000000e+03,-6.220000000000000000e+02,-4.200000000000000000e+01
1.679988668145447969e+09,1.658400000000000000e+04,5.120000000000000000e+02,-7.840000000000000000e+02,-1.153000000000000000e+03,-6.220000000000000000e+02,-4.200000000000000000e+01
1.679988668145653725e+09,1.658400000000000000e+04,5.120000000000000000e+02,-7.840000000000000000e+02,-1.153000000000000000e+03,-6.220000000000000000e+02,-4.200000000000000000e+01
1.679988668145833254e+09,1.658400000000000000e+04,5.120000000000000000e+02,-7.840000000000000000e+02,-1.153000000000000000e+03,-6.220000000000000000e+02,-4.200000000000000000e+01
1.679988668146014214e+09,1.658400000000000000e+04,5.120000000000000000e+02,-7.840000000000000000e+02,-1.153000000000000000e+03,-6.220000000000000000e+02,-4.200000000000000000e+01
1.679988668146194220e+09,1.658400000000000000e+04,5.120000000000000000e+02,-7.840000000000000000e+02,-1.153000000000000000e+03,-6.220000000000000000e+02,-4.200000000000000000e+01
1.679988668146372795e+09,1.658400000000000000e+04,5.120000000000000000e+02,-7.840000000000000000e+02,-1.153000000000000000e+03,-6.220000000000000000e+02,-4.200000000000000000e+01
1.679988668146552324e+09,1.658400000000000000e+04,5.120000000000000000e+02,-7.840000000000000000e+02,-1.153000000000000000e+03,-6.220000000000000000e+02,-4.200000000000000000e+01
1.679988668146766424e+09,1.658400000000000000e+04,5.120000000000000000e+02,-7.840000000000000000e+02,-1.153000000000000000e+03,-6.220000000000000000e+02,-4.200000000000000000e+01
1.679988668146947622e+09,1.658400000000000000e+04,5.120000000000000000e+02,-7.840000000000000000e+02,-1.153000000000000000e+03,-6.220000000000000000e+02,-4.200000000000000000e+01
1.679988668147128105e+09,1.658400000000000000e+04,5.120000000000000000e+02,-7.840000000000000000e+02,-1.153000000000000000e+03,-6.220000000000000000e+02,-4.200000000000000000e+01
1.679988668147308111e+09,1.658400000000000000e+04,5.120000000000000000e+02,-7.840000000000000000e+02,-1.153000000000000000e+03,-6.220000000000000000e+02,-4.200000000000000000e+01
1.679988668147487402e+09,1.658400000000000000e+04,5.120000000000000000e+02,-7.840000000000000000e+02,-1.153000000000000000e+03,-6.220000000000000000e+02,-4.200000000000000000e+01
1.679988668147701025e+09,1.658400000000000000e+04,5.120000000000000000e+02,-7.840000000000000000e+02,-1.153000000000000000e+03,-6.220000000000000000e+02,-4.200000000000000000e+01
1.679988668147884130e+09,1.658400000000000000e+04,5.120000000000000000e+02,-7.840000000000000000e+02,-1.153000000000000000e+03,-6.220000000000000000e+02,-4.200000000000000000e+01
1.679988668148064613e+09,1.658400000000000000e+04,5.120000000000000000e+02,-7.840000000000000000e+02,-1.153000000000000000e+03,-6.220000000000000000e+02,-4.200000000000000000e+01
1.679988668148243904e+09,1.658400000000000000e+04,5.120000000000000000e+02,-7.840000000000000000e+02,-1.153000000000000000e+03,-6.220000000000000000e+02,-4.200000000000000000e+01
1.679988668148424149e+09,1.658400000000000000e+04,5.120000000000000000e+02,-7.840000000000000000e+02,-1.153000000000000000e+03,-6.220000000000000000e+02,-4.200000000000000000e+01
1.679988668148604393e+09,1.658400000000000000e+04,5.120000000000000000e+02,-7.840000000000000000e+02,-1.153000000000000000e+03,-6.220000000000000000e+02,-4.200000000000000000e+01
1.679988668148784399e+09,1.658400000000000000e+04,5.120000000000000000e+02,-7.840000000000000000e+02,-1.153000000000000000e+03,-6.220000000000000000e+02,-4.200000000000000000e+01
1.679988668148963928e+09,1.658400000000000000e+04,5.120000000000000000e+02,-7.840000000000000000e+02,-1.153000000000000000e+03,-6.220000000000000000e+02,-4.200000000000000000e+01
1.679988668149143457e+09,1.658400000000000000e+04,5.120000000000000000e+02,-7.840000000000000000e+02,-1.153000000000000000e+03,-6.220000000000000000e+02,-4.200000000000000000e+01
1.679988668149322987e+09,1.658400000000000000e+04,5.120000000000000000e+02,-7.840000000000000000e+02,-1.153000000000000000e+03,-6.220000000000000000e+02,-4.200000000000000000e+01
1.679988668149502993e+09,1.658400000000000000e+04,5.120000000000000000e+02,-7.840000000000000000e+02,-1.153000000000000000e+03,-6.220000000000000000e+02,-4.200000000000000000e+01
1.679988668149681330e+09,1.658400000000000000e+04,5.120000000000000000e+02,-7.840000000000000000e+02,-1.153000000000000000e+03,-6.220000000000000000e+02,-4.200000000000000000e+01
1.679988668149860620e+09,1.658400000000000000e+04,5.120000000000000000e+02,-7.840000000000000000e+02,-1.153000000000000000e+03,-6.220000000000000000e+02,-4.200000000000000000e+01
1.679988668150040865e+09,1.658400000000000000e+04,5.120000000000000000e+02,-7.840000000000000000e+02,-1.153000000000000000e+03,-6.220000000000000000e+02,-4.200000000000000000e+01
1.679988668150219679e+09,1.658400000000000000e+04,5.120000000000000000e+02,-7.840000000000000000e+02,-1.153000000000000000e+03,-6.220000000000000000e+02,-4.200000000000000000e+01
1.679988668150399923e+09,1.658400000000000000e+04,5.120000000000000000e+02,-7.840000000000000000e+02,-1.153000000000000000e+03,-6.220000000000000000e+02,-4.200000000000000000e+01
1.679988668150579453e+09,1.658400000000000000e+04,5.120000000000000000e+02,-7.840000000000000000e+02,-1.153000000000000000e+03,-6.220000000000000000e+02,-4.200000000000000000e+01
1.679988668150759220e+09,1.658400000000000000e+04,5.120000000000000000e+02,-7.840000000000000000e+02,-1.153000000000000000e+03,-6.220000000000000000e+02,-4.200000000000000000e+01
1.679988668150939226e+09,1.658400000000000000e+04,5.120000000000000000e+02,-7.840000000000000000e+02,-1.153000000000000000e+03,-6.220000000000000000e+02,-4.200000000000000000e+01
1.679988668151151419e+09,1.658400000000000000e+04,5.120000000000000000e+02,-7.840000000000000000e+02,-1.153000000000000000e+03,-6.220000000000000000e+02,-4.200000000000000000e+01
1.679988668151330471e+09,1.658400000000000000e+04,5.120000000000000000e+02,-7.840000000000000000e+02,-1.153000000000000000e+03,-6.220000000000000000e+02,-4.200000000000000000e+01
1.679988668151510239e+09,1.658400000000000000e+04,5.120000000000000000e+02,-7.840000000000000000e+02,-1.153000000000000000e+03,-6.220000000000000000e+02,-4.200000000000000000e+01
1.679988668151690483e+09,1.658400000000000000e+04,5.120000000000000000e+02,-7.840000000000000000e+02,-1.153000000000000000e+03,-6.220000000000000000e+02,-4.200000000000000000e+01
1.679988668151870251e+09,1.658400000000000000e+04,5.120000000000000000e+02,-7.840000000000000000e+02,-1.153000000000000000e+03,-6.220000000000000000e+02,-4.200000000000000000e+01
1.679988668152081013e+09,1.658400000000000000e+04,5.120000000000000000e+02,-7.840000000000000000e+02,-1.153000000000000000e+03,-6.220000000000000000e+02,-4.200000000000000000e+01
1.679988668152262211e+09,1.658400000000000000e+04,5.120000000000000000e+02,-7.840000000000000000e+02,-1.153000000000000000e+03,-6.220000000000000000e+02,-4.200000000000000000e+01
1.679988668152441025e+09,1.658400000000000000e+04,5.120000000000000000e+02,-7.840000000000000000e+02,-1.153000000000000000e+03,-6.220000000000000000e+02,-4.200000000000000000e+01
1.679988668152620316e+09,1.658400000000000000e+04,5.120000000000000000e+02,-7.840000000000000000e+02,-1.153000000000000000e+03,-6.220000000000000000e+02,-4.200000000000000000e+01
1.679988668152799606e+09,1.658400000000000000e+04,5.120000000000000000e+02,-7.840000000000000000e+02,-1.153000000000000000e+03,-6.220000000000000000e+02,-4.200000000000000000e+01
1.679988668152978659e+09,1.658400000000000000e+04,5.120000000000000000e+02,-7.840000000000000000e+02,-1.153000000000000000e+03,-6.220000000000000000e+02,-4.200000000000000000e+01
1.679988668153156757e+09,1.658400000000000000e+04,5.120000000000000000e+02,-7.840000000000000000e+02,-1.153000000000000000e+03,-6.220000000000000000e+02,-4.200000000000000000e+01
1.679988668153335810e+09,1.658400000000000000e+04,5.120000000000000000e+02,-7.840000000000000000e+02,-1.153000000000000000e+03,-6.220000000000000000e+02,-4.200000000000000000e+01
1.679988668153513908e+09,1.658400000000000000e+04,5.120000000000000000e+02,-7.840000000000000000e+02,-1.153000000000000000e+03,-6.220000000000000000e+02,-4.200000000000000000e+01
1.679988668153692484e+09,1.658400000000000000e+04,5.120000000000000000e+02,-7.840000000000000000e+02,-1.153000000000000000e+03,-6.220000000000000000e+02,-4.200000000000000000e+01
1.679988668153870821e+09,1.658400000000000000e+04,5.120000000000000000e+02,-7.840000000000000000e+02,-1.153000000000000000e+03,-6.220000000000000000e+02,-4.200000000000000000e+01
1.679988668154049635e+09,1.658400000000000000e+04,5.120000000000000000e+02,-7.840000000000000000e+02,-1.153000000000000000e+03,-6.220000000000000000e+02,-4.200000000000000000e+01
1.679988668154227972e+09,1.658400000000000000e+04,5.120000000000000000e+02,-7.840000000000000000e+02,-1.153000000000000000e+03,-6.220000000000000000e+02,-4.200000000000000000e+01
1.679988668154406548e+09,1.658400000000000000e+04,5.120000000000000000e+02,-7.840000000000000000e+02,-1.153000000000000000e+03,-6.220000000000000000e+02,-4.200000000000000000e+01
1.679988668154586554e+09,1.658400000000000000e+04,5.120000000000000000e+02,-7.840000000000000000e+02,-1.153000000000000000e+03,-6.220000000000000000e+02,-4.200000000000000000e+01
1.679988668154765606e+09,1.658400000000000000e+04,5.120000000000000000e+02,-7.840000000000000000e+02,-1.153000000000000000e+03,-6.220000000000000000e+02,-4.200000000000000000e+01
1.679988668154944181e+09,1.658400000000000000e+04,5.120000000000000000e+02,-7.840000000000000000e+02,-1.153000000000000000e+03,-6.220000000000000000e+02,-4.200000000000000000e+01
1.679988668155123472e+09,1.658400000000000000e+04,5.120000000000000000e+02,-7.840000000000000000e+02,-1.153000000000000000e+03,-6.220000000000000000e+02,-4.200000000000000000e+01
1.679988668155301571e+09,1.658400000000000000e+04,5.120000000000000000e+02,-7.840000000000000000e+02,-1.153000000000000000e+03,-6.220000000000000000e+02,-4.200000000000000000e+01
1.679988668155540466e+09,1.658400000000000000e+04,5.120000000000000000e+02,-7.840000000000000000e+02,-1.153000000000000000e+03,-6.220000000000000000e+02,-4.200000000000000000e+01
1.679988668155724525e+09,1.658400000000000000e+04,5.120000000000000000e+02,-7.840000000000000000e+02,-1.153000000000000000e+03,-6.220000000000000000e+02,-4.200000000000000000e+01
1.679988668155907154e+09,1.658400000000000000e+04,5.120000000000000000e+02,-7.840000000000000000e+02,-1.153000000000000000e+03,-6.220000000000000000e+02,-4.200000000000000000e+01
1.679988668156088114e+09,1.658400000000000000e+04,5.120000000000000000e+02,-7.840000000000000000e+02,-1.153000000000000000e+03,-6.220000000000000000e+02,-4.200000000000000000e+01
1.679988668156267405e+09,1.658400000000000000e+04,5.120000000000000000e+02,-7.840000000000000000e+02,-1.153000000000000000e+03,-6.220000000000000000e+02,-4.200000000000000000e+01
1.679988668156481266e+09,1.658400000000000000e+04,5.120000000000000000e+02,-7.840000000000000000e+02,-1.153000000000000000e+03,-6.220000000000000000e+02,-4.200000000000000000e+01
1.679988668156664371e+09,1.658400000000000000e+04,5.120000000000000000e+02,-7.840000000000000000e+02,-1.153000000000000000e+03,-6.220000000000000000e+02,-4.200000000000000000e+01
1.679988668156842947e+09,1.658400000000000000e+04,5.120000000000000000e+02,-7.840000000000000000e+02,-1.153000000000000000e+03,-6.220000000000000000e+02,-4.200000000000000000e+01
1.679988668157023668e+09,1.658400000000000000e+04,5.120000000000000000e+02,-7.840000000000000000e+02,-1.153000000000000000e+03,-6.220000000000000000e+02,-4.200000000000000000e+01
1.679988668157205582e+09,1.658400000000000000e+04,5.120000000000000000e+02,-7.840000000000000000e+02,-1.153000000000000000e+03,-6.220000000000000000e+02,-4.200000000000000000e+01
1.679988668157385111e+09,1.658400000000000000e+04,5.120000000000000000e+02,-7.840000000000000000e+02,-1.153000000000000000e+03,-6.220000000000000000e+02,-4.200000000000000000e+01
1.679988668157566547e+09,1.658400000000000000e+04,5.120000000000000000e+02,-7.840000000000000000e+02,-1.153000000000000000e+03,-6.220000000000000000e+02,-4.200000000000000000e+01
1.679988668157745361e+09,1.658400000000000000e+04,5.120000000000000000e+02,-7.840000000000000000e+02,-1.153000000000000000e+03,-6.220000000000000000e+02,-4.200000000000000000e+01
1.679988668157924414e+09,1.658400000000000000e+04,5.120000000000000000e+02,-7.840000000000000000e+02,-1.153000000000000000e+03,-6.220000000000000000e+02,-4.200000000000000000e+01
1.679988668158104420e+09,1.658400000000000000e+04,5.120000000000000000e+02,-7.840000000000000000e+02,-1.153000000000000000e+03,-6.220000000000000000e+02,-4.200000000000000000e+01
1.679988668158283472e+09,1.658400000000000000e+04,5.120000000000000000e+02,-7.840000000000000000e+02,-1.153000000000000000e+03,-6.220000000000000000e+02,-4.200000000000000000e+01
1.679988668158462286e+09,1.658400000000000000e+04,5.120000000000000000e+02,-7.840000000000000000e+02,-1.153000000000000000e+03,-6.220000000000000000e+02,-4.200000000000000000e+01
1.679988668158641577e+09,1.658400000000000000e+04,5.120000000000000000e+02,-7.840000000000000000e+02,-1.153000000000000000e+03,-6.220000000000000000e+02,-4.200000000000000000e+01
1.679988668158822298e+09,1.658400000000000000e+04,5.120000000000000000e+02,-7.840000000000000000e+02,-1.153000000000000000e+03,-6.220000000000000000e+02,-4.200000000000000000e+01
1.679988668159000397e+09,1.658400000000000000e+04,5.120000000000000000e+02,-7.840000000000000000e+02,-1.153000000000000000e+03,-6.220000000000000000e+02,-4.200000000000000000e+01
1.679988668159179688e+09,1.658400000000000000e+04,5.120000000000000000e+02,-7.840000000000000000e+02,-1.153000000000000000e+03,-6.220000000000000000e+02,-4.200000000000000000e+01
1.679988668159359455e+09,1.658400000000000000e+04,5.120000000000000000e+02,-7.840000000000000000e+02,-1.153000000000000000e+03,-6.220000000000000000e+02,-4.200000000000000000e+01
1.679988668159539461e+09,1.658400000000000000e+04,5.120000000000000000e+02,-7.840000000000000000e+02,-1.153000000000000000e+03,-6.220000000000000000e+02,-4.200000000000000000e+01
1.679988668159719229e+09,1.658400000000000000e+04,5.120000000000000000e+02,-7.840000000000000000e+02,-1.153000000000000000e+03,-6.220000000000000000e+02,-4.200000000000000000e+01
1.679988668159933090e+09,1.658400000000000000e+04,5.120000000000000000e+02,-7.840000000000000000e+02,-1.153000000000000000e+03,-6.220000000000000000e+02,-4.200000000000000000e+01
1.679988668160113335e+09,1.658400000000000000e+04,5.120000000000000000e+02,-7.840000000000000000e+02,-1.153000000000000000e+03,-6.220000000000000000e+02,-4.200000000000000000e+01
1.679988668160295963e+09,1.658400000000000000e+04,5.120000000000000000e+02,-7.840000000000000000e+02,-1.153000000000000000e+03,-6.220000000000000000e+02,-4.200000000000000000e+01
1.679988668160475969e+09,1.658400000000000000e+04,5.120000000000000000e+02,-7.840000000000000000e+02,-1.153000000000000000e+03,-6.220000000000000000e+02,-4.200000000000000000e+01
1.679988668160653353e+09,1.658400000000000000e+04,5.120000000000000000e+02,-7.840000000000000000e+02,-1.153000000000000000e+03,-6.220000000000000000e+02,-4.200000000000000000e+01
1.679988668160874844e+09,1.658400000000000000e+04,5.120000000000000000e+02,-7.840000000000000000e+02,-1.153000000000000000e+03,-6.220000000000000000e+02,-4.200000000000000000e+01
1.679988668161055326e+09,1.658400000000000000e+04,5.120000000000000000e+02,-7.840000000000000000e+02,-1.153000000000000000e+03,-6.220000000000000000e+02,-4.200000000000000000e+01
1.679988668161234140e+09,1.658400000000000000e+04,5.120000000000000000e+02,-7.840000000000000000e+02,-1.153000000000000000e+03,-6.220000000000000000e+02,-4.200000000000000000e+01
1.679988668161413908e+09,1.658400000000000000e+04,5.120000000000000000e+02,-7.840000000000000000e+02,-1.153000000000000000e+03,-6.220000000000000000e+02,-4.200000000000000000e+01
1.679988668161593199e+09,1.658400000000000000e+04,5.120000000000000000e+02,-7.840000000000000000e+02,-1.153000000000000000e+03,-6.220000000000000000e+02,-4.200000000000000000e+01
1.679988668161772251e+09,1.658400000000000000e+04,5.120000000000000000e+02,-7.840000000000000000e+02,-1.153000000000000000e+03,-6.220000000000000000e+02,-4.200000000000000000e+01
1.679988668161951065e+09,1.658400000000000000e+04,5.120000000000000000e+02,-7.840000000000000000e+02,-1.153000000000000000e+03,-6.220000000000000000e+02,-4.200000000000000000e+01
1.679988668162130833e+09,1.658400000000000000e+04,5.120000000000000000e+02,-7.840000000000000000e+02,-1.153000000000000000e+03,-6.220000000000000000e+02,-4.200000000000000000e+01
1.679988668162310362e+09,1.658400000000000000e+04,5.120000000000000000e+02,-7.840000000000000000e+02,-1.153000000000000000e+03,-6.220000000000000000e+02,-4.200000000000000000e+01
1.679988668162492275e+09,1.658400000000000000e+04,5.120000000000000000e+02,-7.840000000000000000e+02,-1.153000000000000000e+03,-6.220000000000000000e+02,-4.200000000000000000e+01
1.679988668162672043e+09,1.658400000000000000e+04,5.120000000000000000e+02,-7.840000000000000000e+02,-1.153000000000000000e+03,-6.220000000000000000e+02,-4.200000000000000000e+01
1.679988668162851810e+09,1.658400000000000000e+04,5.120000000000000000e+02,-7.840000000000000000e+02,-1.153000000000000000e+03,-6.220000000000000000e+02,-4.200000000000000000e+01
1.679988668163030863e+09,1.658400000000000000e+04,5.120000000000000000e+02,-7.840000000000000000e+02,-1.153000000000000000e+03,-6.220000000000000000e+02,-4.200000000000000000e+01
1.679988668163211107e+09,1.658400000000000000e+04,5.120000000000000000e+02,-7.840000000000000000e+02,-1.153000000000000000e+03,-6.220000000000000000e+02,-4.200000000000000000e+01
1.679988668163389921e+09,1.658400000000000000e+04,5.120000000000000000e+02,-7.840000000000000000e+02,-1.153000000000000000e+03,-6.220000000000000000e+02,-4.200000000000000000e+01
1.679988668163569212e+09,1.658400000000000000e+04,5.120000000000000000e+02,-7.840000000000000000e+02,-1.153000000000000000e+03,-6.220000000000000000e+02,-4.200000000000000000e+01
1.679988668163749218e+09,1.658400000000000000e+04,5.120000000000000000e+02,-7.840000000000000000e+02,-1.153000000000000000e+03,-6.220000000000000000e+02,-4.200000000000000000e+01
1.679988668163927794e+09,1.658400000000000000e+04,5.120000000000000000e+02,-7.840000000000000000e+02,-1.153000000000000000e+03,-6.220000000000000000e+02,-4.200000000000000000e+01
1.679988668164106607e+09,1.658400000000000000e+04,5.120000000000000000e+02,-7.840000000000000000e+02,-1.153000000000000000e+03,-6.220000000000000000e+02,-4.200000000000000000e+01
1.679988668164285898e+09,1.658400000000000000e+04,5.120000000000000000e+02,-7.840000000000000000e+02,-1.153000000000000000e+03,-6.220000000000000000e+02,-4.200000000000000000e+01
1.679988668164464951e+09,1.658400000000000000e+04,5.120000000000000000e+02,-7.840000000000000000e+02,-1.153000000000000000e+03,-6.220000000000000000e+02,-4.200000000000000000e+01
1.679988668164644241e+09,1.658400000000000000e+04,5.120000000000000000e+02,-7.840000000000000000e+02,-1.153000000000000000e+03,-6.220000000000000000e+02,-4.200000000000000000e+01
1.679988668164855719e+09,1.658400000000000000e+04,5.120000000000000000e+02,-7.840000000000000000e+02,-1.153000000000000000e+03,-6.220000000000000000e+02,-4.200000000000000000e+01
1.679988668165035963e+09,1.658400000000000000e+04,5.120000000000000000e+02,-7.840000000000000000e+02,-1.153000000000000000e+03,-6.220000000000000000e+02,-4.200000000000000000e+01
1.679988668165215254e+09,1.658400000000000000e+04,5.120000000000000000e+02,-7.840000000000000000e+02,-1.153000000000000000e+03,-6.220000000000000000e+02,-4.200000000000000000e+01
1.679988668165395975e+09,1.658400000000000000e+04,5.120000000000000000e+02,-7.840000000000000000e+02,-1.153000000000000000e+03,-6.220000000000000000e+02,-4.200000000000000000e+01
1.679988668165597200e+09,1.658400000000000000e+04,5.120000000000000000e+02,-7.840000000000000000e+02,-1.153000000000000000e+03,-6.220000000000000000e+02,-4.200000000000000000e+01
1.679988668165812254e+09,1.658400000000000000e+04,5.120000000000000000e+02,-7.840000000000000000e+02,-1.153000000000000000e+03,-6.220000000000000000e+02,-4.200000000000000000e+01
1.679988668165993214e+09,1.658400000000000000e+04,5.120000000000000000e+02,-7.840000000000000000e+02,-1.153000000000000000e+03,-6.220000000000000000e+02,-4.200000000000000000e+01
1.679988668166173220e+09,1.658400000000000000e+04,5.120000000000000000e+02,-7.840000000000000000e+02,-1.153000000000000000e+03,-6.220000000000000000e+02,-4.200000000000000000e+01
1.679988668166354656e+09,1.658400000000000000e+04,5.120000000000000000e+02,-7.840000000000000000e+02,-1.153000000000000000e+03,-6.220000000000000000e+02,-4.200000000000000000e+01
1.679988668166535616e+09,1.658400000000000000e+04,5.120000000000000000e+02,-7.840000000000000000e+02,-1.153000000000000000e+03,-6.220000000000000000e+02,-4.200000000000000000e+01
1.679988668166715622e+09,1.658400000000000000e+04,5.120000000000000000e+02,-7.840000000000000000e+02,-1.153000000000000000e+03,-6.220000000000000000e+02,-4.200000000000000000e+01
1.679988668166896343e+09,1.658400000000000000e+04,5.120000000000000000e+02,-7.840000000000000000e+02,-1.153000000000000000e+03,-6.220000000000000000e+02,-4.200000000000000000e+01
1.679988668167076349e+09,1.658400000000000000e+04,5.120000000000000000e+02,-7.840000000000000000e+02,-1.153000000000000000e+03,-6.220000000000000000e+02,-4.200000000000000000e+01
1.679988668167256117e+09,1.658400000000000000e+04,5.120000000000000000e+02,-7.840000000000000000e+02,-1.153000000000000000e+03,-6.220000000000000000e+02,-4.200000000000000000e+01
1.679988668167436600e+09,1.658400000000000000e+04,5.120000000000000000e+02,-7.840000000000000000e+02,-1.153000000000000000e+03,-6.220000000000000000e+02,-4.200000000000000000e+01
1.679988668167615652e+09,1.658400000000000000e+04,5.120000000000000000e+02,-7.840000000000000000e+02,-1.153000000000000000e+03,-6.220000000000000000e+02,-4.200000000000000000e+01
1.679988668167793989e+09,1.658400000000000000e+04,5.120000000000000000e+02,-7.840000000000000000e+02,-1.153000000000000000e+03,-6.220000000000000000e+02,-4.200000000000000000e+01
1.679988668167973280e+09,1.658400000000000000e+04,5.120000000000000000e+02,-7.840000000000000000e+02,-1.153000000000000000e+03,-6.220000000000000000e+02,-4.200000000000000000e+01
1.679988668168154478e+09,1.658400000000000000e+04,5.120000000000000000e+02,-7.840000000000000000e+02,-1.153000000000000000e+03,-6.220000000000000000e+02,-4.200000000000000000e+01
1.679988668168333292e+09,1.658400000000000000e+04,5.120000000000000000e+02,-7.840000000000000000e+02,-1.153000000000000000e+03,-6.220000000000000000e+02,-4.200000000000000000e+01
1.679988668168513536e+09,1.658400000000000000e+04,5.120000000000000000e+02,-7.840000000000000000e+02,-1.153000000000000000e+03,-6.220000000000000000e+02,-4.200000000000000000e+01
1.679988668168695211e+09,1.658400000000000000e+04,5.120000000000000000e+02,-7.840000000000000000e+02,-1.153000000000000000e+03,-6.220000000000000000e+02,-4.200000000000000000e+01
1.679988668168874502e+09,1.658400000000000000e+04,5.120000000000000000e+02,-7.840000000000000000e+02,-1.153000000000000000e+03,-6.220000000000000000e+02,-4.200000000000000000e+01
1.679988668169054508e+09,1.658400000000000000e+04,5.120000000000000000e+02,-7.840000000000000000e+02,-1.153000000000000000e+03,-6.220000000000000000e+02,-4.200000000000000000e+01
1.679988668169270039e+09,1.658400000000000000e+04,5.120000000000000000e+02,-7.840000000000000000e+02,-1.153000000000000000e+03,-6.220000000000000000e+02,-4.200000000000000000e+01
1.679988668169450045e+09,1.658400000000000000e+04,5.120000000000000000e+02,-7.840000000000000000e+02,-1.153000000000000000e+03,-6.220000000000000000e+02,-4.200000000000000000e+01
1.679988668169630766e+09,1.658400000000000000e+04,5.120000000000000000e+02,-7.840000000000000000e+02,-1.153000000000000000e+03,-6.220000000000000000e+02,-4.200000000000000000e+01
1.679988668169810534e+09,1.658400000000000000e+04,5.120000000000000000e+02,-7.840000000000000000e+02,-1.153000000000000000e+03,-6.220000000000000000e+02,-4.200000000000000000e+01
1.679988668169991255e+09,1.658400000000000000e+04,5.120000000000000000e+02,-7.840000000000000000e+02,-1.153000000000000000e+03,-6.220000000000000000e+02,-4.200000000000000000e+01
1.679988668170201778e+09,1.658400000000000000e+04,5.120000000000000000e+02,-7.840000000000000000e+02,-1.153000000000000000e+03,-6.220000000000000000e+02,-4.200000000000000000e+01
1.679988668170382261e+09,1.658400000000000000e+04,5.120000000000000000e+02,-7.840000000000000000e+02,-1.153000000000000000e+03,-6.220000000000000000e+02,-4.200000000000000000e+01
1.679988668170562267e+09,1.658400000000000000e+04,5.120000000000000000e+02,-7.840000000000000000e+02,-1.153000000000000000e+03,-6.220000000000000000e+02,-4.200000000000000000e+01
1.679988668170743704e+09,1.658400000000000000e+04,5.120000000000000000e+02,-7.840000000000000000e+02,-1.153000000000000000e+03,-6.220000000000000000e+02,-4.200000000000000000e+01
1.679988668170924902e+09,1.658400000000000000e+04,5.120000000000000000e+02,-7.840000000000000000e+02,-1.153000000000000000e+03,-6.220000000000000000e+02,-4.200000000000000000e+01
1.679988668171104193e+09,1.658400000000000000e+04,5.120000000000000000e+02,-7.840000000000000000e+02,-1.153000000000000000e+03,-6.220000000000000000e+02,-4.200000000000000000e+01
1.679988668171283245e+09,1.658400000000000000e+04,5.120000000000000000e+02,-7.840000000000000000e+02,-1.153000000000000000e+03,-6.220000000000000000e+02,-4.200000000000000000e+01
1.679988668171463728e+09,1.658400000000000000e+04,5.120000000000000000e+02,-7.840000000000000000e+02,-1.153000000000000000e+03,-6.220000000000000000e+02,-4.200000000000000000e+01
1.679988668171642780e+09,1.658400000000000000e+04,5.120000000000000000e+02,-7.840000000000000000e+02,-1.153000000000000000e+03,-6.220000000000000000e+02,-4.200000000000000000e+01
1.679988668171822548e+09,1.658400000000000000e+04,5.120000000000000000e+02,-7.840000000000000000e+02,-1.153000000000000000e+03,-6.220000000000000000e+02,-4.200000000000000000e+01
1.679988668172002554e+09,1.658400000000000000e+04,5.120000000000000000e+02,-7.840000000000000000e+02,-1.153000000000000000e+03,-6.220000000000000000e+02,-4.200000000000000000e+01
1.679988668172182322e+09,1.658400000000000000e+04,5.120000000000000000e+02,-7.840000000000000000e+02,-1.153000000000000000e+03,-6.220000000000000000e+02,-4.200000000000000000e+01
1.679988668172362566e+09,1.658400000000000000e+04,5.120000000000000000e+02,-7.840000000000000000e+02,-1.153000000000000000e+03,-6.220000000000000000e+02,-4.200000000000000000e+01
1.679988668172542572e+09,1.658400000000000000e+04,5.120000000000000000e+02,-7.840000000000000000e+02,-1.153000000000000000e+03,-6.220000000000000000e+02,-4.200000000000000000e+01
1.679988668172722578e+09,1.658400000000000000e+04,5.120000000000000000e+02,-7.840000000000000000e+02,-1.153000000000000000e+03,-6.220000000000000000e+02,-4.200000000000000000e+01
1.679988668172903538e+09,1.658400000000000000e+04,5.120000000000000000e+02,-7.840000000000000000e+02,-1.153000000000000000e+03,-6.220000000000000000e+02,-4.200000000000000000e+01
1.679988668173084021e+09,1.658400000000000000e+04,5.120000000000000000e+02,-7.840000000000000000e+02,-1.153000000000000000e+03,-6.220000000000000000e+02,-4.200000000000000000e+01
1.679988668173262119e+09,1.658400000000000000e+04,5.120000000000000000e+02,-7.840000000000000000e+02,-1.153000000000000000e+03,-6.220000000000000000e+02,-4.200000000000000000e+01
1.679988668173440456e+09,1.658400000000000000e+04,5.120000000000000000e+02,-7.840000000000000000e+02,-1.153000000000000000e+03,-6.220000000000000000e+02,-4.200000000000000000e+01
1.679988668173656225e+09,1.658400000000000000e+04,5.120000000000000000e+02,-7.840000000000000000e+02,-1.153000000000000000e+03,-6.220000000000000000e+02,-4.200000000000000000e+01
1.679988668173838377e+09,1.658400000000000000e+04,5.120000000000000000e+02,-7.840000000000000000e+02,-1.153000000000000000e+03,-6.220000000000000000e+02,-4.200000000000000000e+01
1.679988668174019814e+09,1.658400000000000000e+04,5.120000000000000000e+02,-7.840000000000000000e+02,-1.153000000000000000e+03,-6.220000000000000000e+02,-4.200000000000000000e+01
1.679988668174199820e+09,1.658400000000000000e+04,5.120000000000000000e+02,-7.840000000000000000e+02,-1.153000000000000000e+03,-6.220000000000000000e+02,-4.200000000000000000e+01
1.679988668174380064e+09,1.658400000000000000e+04,5.120000000000000000e+02,-7.840000000000000000e+02,-1.153000000000000000e+03,-6.220000000000000000e+02,-4.200000000000000000e+01
1.679988668174592733e+09,1.658400000000000000e+04,5.120000000000000000e+02,-7.840000000000000000e+02,-1.153000000000000000e+03,-6.220000000000000000e+02,-4.200000000000000000e+01
1.679988668174774170e+09,1.658400000000000000e+04,5.120000000000000000e+02,-7.840000000000000000e+02,-1.153000000000000000e+03,-6.220000000000000000e+02,-4.200000000000000000e+01
1.679988668174953938e+09,1.658400000000000000e+04,5.120000000000000000e+02,-7.840000000000000000e+02,-1.153000000000000000e+03,-6.220000000000000000e+02,-4.200000000000000000e+01
1.679988668175135136e+09,1.658400000000000000e+04,5.120000000000000000e+02,-7.840000000000000000e+02,-1.153000000000000000e+03,-6.220000000000000000e+02,-4.200000000000000000e+01
1.679988668175315142e+09,1.658400000000000000e+04,5.120000000000000000e+02,-7.840000000000000000e+02,-1.153000000000000000e+03,-6.220000000000000000e+02,-4.200000000000000000e+01
1.679988668175528288e+09,1.658400000000000000e+04,5.120000000000000000e+02,-7.840000000000000000e+02,-1.153000000000000000e+03,-6.220000000000000000e+02,-4.200000000000000000e+01
1.679988668175717354e+09,1.658400000000000000e+04,5.120000000000000000e+02,-7.840000000000000000e+02,-1.153000000000000000e+03,-6.220000000000000000e+02,-4.200000000000000000e+01
1.679988668175901413e+09,1.658400000000000000e+04,5.120000000000000000e+02,-7.840000000000000000e+02,-1.153000000000000000e+03,-6.220000000000000000e+02,-4.200000000000000000e+01
1.679988668176083565e+09,1.658400000000000000e+04,5.120000000000000000e+02,-7.840000000000000000e+02,-1.153000000000000000e+03,-6.220000000000000000e+02,-4.200000000000000000e+01
1.679988668176264763e+09,1.658400000000000000e+04,5.120000000000000000e+02,-7.840000000000000000e+02,-1.153000000000000000e+03,-6.220000000000000000e+02,-4.200000000000000000e+01
1.679988668176446915e+09,1.658400000000000000e+04,5.120000000000000000e+02,-7.840000000000000000e+02,-1.153000000000000000e+03,-6.220000000000000000e+02,-4.200000000000000000e+01
1.679988668176628590e+09,1.658400000000000000e+04,5.120000000000000000e+02,-7.840000000000000000e+02,-1.153000000000000000e+03,-6.220000000000000000e+02,-4.200000000000000000e+01
1.679988668176810741e+09,1.658400000000000000e+04,5.120000000000000000e+02,-7.840000000000000000e+02,-1.153000000000000000e+03,-6.220000000000000000e+02,-4.200000000000000000e+01
1.679988668176992416e+09,1.658400000000000000e+04,5.120000000000000000e+02,-7.840000000000000000e+02,-1.153000000000000000e+03,-6.220000000000000000e+02,-4.200000000000000000e+01
1.679988668177172899e+09,1.658400000000000000e+04,5.120000000000000000e+02,-7.840000000000000000e+02,-1.153000000000000000e+03,-6.220000000000000000e+02,-4.200000000000000000e+01
1.679988668177353382e+09,1.658400000000000000e+04,5.120000000000000000e+02,-7.840000000000000000e+02,-1.153000000000000000e+03,-6.220000000000000000e+02,-4.200000000000000000e+01
1.679988668177535295e+09,1.658400000000000000e+04,5.120000000000000000e+02,-7.840000000000000000e+02,-1.153000000000000000e+03,-6.220000000000000000e+02,-4.200000000000000000e+01
1.679988668177715778e+09,1.658400000000000000e+04,5.120000000000000000e+02,-7.840000000000000000e+02,-1.153000000000000000e+03,-6.220000000000000000e+02,-4.200000000000000000e+01
1.679988668177897692e+09,1.658400000000000000e+04,5.120000000000000000e+02,-7.840000000000000000e+02,-1.153000000000000000e+03,-6.220000000000000000e+02,-4.200000000000000000e+01
1.679988668178117990e+09,1.658400000000000000e+04,5.120000000000000000e+02,-7.840000000000000000e+02,-1.153000000000000000e+03,-6.220000000000000000e+02,-4.200000000000000000e+01
1.679988668178302050e+09,1.658400000000000000e+04,5.120000000000000000e+02,-7.840000000000000000e+02,-1.153000000000000000e+03,-6.220000000000000000e+02,-4.200000000000000000e+01
1.679988668178484440e+09,1.658400000000000000e+04,5.120000000000000000e+02,-7.840000000000000000e+02,-1.153000000000000000e+03,-6.220000000000000000e+02,-4.200000000000000000e+01
1.679988668178665876e+09,1.658400000000000000e+04,5.120000000000000000e+02,-7.840000000000000000e+02,-1.153000000000000000e+03,-6.220000000000000000e+02,-4.200000000000000000e+01
1.679988668178848028e+09,1.658400000000000000e+04,5.120000000000000000e+02,-7.840000000000000000e+02,-1.153000000000000000e+03,-6.220000000000000000e+02,-4.200000000000000000e+01
1.679988668179066420e+09,1.658400000000000000e+04,5.120000000000000000e+02,-7.840000000000000000e+02,-1.153000000000000000e+03,-6.220000000000000000e+02,-4.200000000000000000e+01
1.679988668179249763e+09,1.658400000000000000e+04,5.120000000000000000e+02,-7.840000000000000000e+02,-1.153000000000000000e+03,-6.220000000000000000e+02,-4.200000000000000000e+01
1.679988668179431200e+09,1.658400000000000000e+04,5.120000000000000000e+02,-7.840000000000000000e+02,-1.153000000000000000e+03,-6.220000000000000000e+02,-4.200000000000000000e+01
1.679988668179612398e+09,1.658400000000000000e+04,5.120000000000000000e+02,-7.840000000000000000e+02,-1.153000000000000000e+03,-6.220000000000000000e+02,-4.200000000000000000e+01
1.679988668179792404e+09,1.658400000000000000e+04,5.120000000000000000e+02,-7.840000000000000000e+02,-1.153000000000000000e+03,-6.220000000000000000e+02,-4.200000000000000000e+01
1.679988668179973125e+09,1.658400000000000000e+04,5.120000000000000000e+02,-7.840000000000000000e+02,-1.153000000000000000e+03,-6.220000000000000000e+02,-4.200000000000000000e+01
1.679988668180154562e+09,1.658400000000000000e+04,5.120000000000000000e+02,-7.840000000000000000e+02,-1.153000000000000000e+03,-6.220000000000000000e+02,-4.200000000000000000e+01
1.679988668180335522e+09,1.658400000000000000e+04,5.120000000000000000e+02,-7.840000000000000000e+02,-1.153000000000000000e+03,-6.220000000000000000e+02,-4.200000000000000000e+01
1.679988668180514574e+09,1.658400000000000000e+04,5.120000000000000000e+02,-7.840000000000000000e+02,-1.153000000000000000e+03,-6.220000000000000000e+02,-4.200000000000000000e+01
1.679988668180694818e+09,1.658400000000000000e+04,5.120000000000000000e+02,-7.840000000000000000e+02,-1.153000000000000000e+03,-6.220000000000000000e+02,-4.200000000000000000e+01
1.679988668180874825e+09,1.658400000000000000e+04,5.120000000000000000e+02,-7.840000000000000000e+02,-1.153000000000000000e+03,-6.220000000000000000e+02,-4.200000000000000000e+01
1.679988668181055307e+09,1.658400000000000000e+04,5.120000000000000000e+02,-7.840000000000000000e+02,-1.153000000000000000e+03,-6.220000000000000000e+02,-4.200000000000000000e+01
1.679988668181236029e+09,1.658400000000000000e+04,5.120000000000000000e+02,-7.840000000000000000e+02,-1.153000000000000000e+03,-6.220000000000000000e+02,-4.200000000000000000e+01
1.679988668181417227e+09,1.658400000000000000e+04,5.120000000000000000e+02,-7.840000000000000000e+02,-1.153000000000000000e+03,-6.220000000000000000e+02,-4.200000000000000000e+01
1.679988668181595802e+09,1.658400000000000000e+04,5.120000000000000000e+02,-7.840000000000000000e+02,-1.153000000000000000e+03,-6.220000000000000000e+02,-4.200000000000000000e+01
1.679988668181777477e+09,1.658400000000000000e+04,5.120000000000000000e+02,-7.840000000000000000e+02,-1.153000000000000000e+03,-6.220000000000000000e+02,-4.200000000000000000e+01
1.679988668181957483e+09,1.658400000000000000e+04,5.120000000000000000e+02,-7.840000000000000000e+02,-1.153000000000000000e+03,-6.220000000000000000e+02,-4.200000000000000000e+01
1.679988668182138205e+09,1.658400000000000000e+04,5.120000000000000000e+02,-7.840000000000000000e+02,-1.153000000000000000e+03,-6.220000000000000000e+02,-4.200000000000000000e+01
1.679988668182318926e+09,1.658400000000000000e+04,5.120000000000000000e+02,-7.840000000000000000e+02,-1.153000000000000000e+03,-6.220000000000000000e+02,-4.200000000000000000e+01
1.679988668182533741e+09,1.658400000000000000e+04,5.120000000000000000e+02,-7.840000000000000000e+02,-1.153000000000000000e+03,-6.220000000000000000e+02,-4.200000000000000000e+01
1.679988668182716370e+09,1.658400000000000000e+04,5.120000000000000000e+02,-7.840000000000000000e+02,-1.153000000000000000e+03,-6.220000000000000000e+02,-4.200000000000000000e+01
1.679988668182896852e+09,1.658400000000000000e+04,5.120000000000000000e+02,-7.840000000000000000e+02,-1.153000000000000000e+03,-6.220000000000000000e+02,-4.200000000000000000e+01
1.679988668183078766e+09,1.658400000000000000e+04,5.120000000000000000e+02,-7.840000000000000000e+02,-1.153000000000000000e+03,-6.220000000000000000e+02,-4.200000000000000000e+01
1.679988668183258533e+09,1.658400000000000000e+04,5.120000000000000000e+02,-7.840000000000000000e+02,-1.153000000000000000e+03,-6.220000000000000000e+02,-4.200000000000000000e+01
1.679988668183473825e+09,1.658400000000000000e+04,5.120000000000000000e+02,-7.840000000000000000e+02,-1.153000000000000000e+03,-6.220000000000000000e+02,-4.200000000000000000e+01
1.679988668183654547e+09,1.658400000000000000e+04,5.120000000000000000e+02,-7.840000000000000000e+02,-1.153000000000000000e+03,-6.220000000000000000e+02,-4.200000000000000000e+01
1.679988668183837175e+09,1.658400000000000000e+04,5.120000000000000000e+02,-7.840000000000000000e+02,-1.153000000000000000e+03,-6.220000000000000000e+02,-4.200000000000000000e+01
1.679988668184018612e+09,1.658400000000000000e+04,5.120000000000000000e+02,-7.840000000000000000e+02,-1.153000000000000000e+03,-6.220000000000000000e+02,-4.200000000000000000e+01
1.679988668184198618e+09,1.658400000000000000e+04,5.120000000000000000e+02,-7.840000000000000000e+02,-1.153000000000000000e+03,-6.220000000000000000e+02,-4.200000000000000000e+01
1.679988668184380054e+09,1.658400000000000000e+04,5.120000000000000000e+02,-7.840000000000000000e+02,-1.153000000000000000e+03,-6.220000000000000000e+02,-4.200000000000000000e+01
1.679988668184560537e+09,1.658400000000000000e+04,5.120000000000000000e+02,-7.840000000000000000e+02,-1.153000000000000000e+03,-6.220000000000000000e+02,-4.200000000000000000e+01
1.679988668184740782e+09,1.658400000000000000e+04,5.120000000000000000e+02,-7.840000000000000000e+02,-1.153000000000000000e+03,-6.220000000000000000e+02,-4.200000000000000000e+01
1.679988668184920549e+09,1.658400000000000000e+04,5.120000000000000000e+02,-7.840000000000000000e+02,-1.153000000000000000e+03,-6.220000000000000000e+02,-4.200000000000000000e+01
1.679988668185100555e+09,1.658400000000000000e+04,5.120000000000000000e+02,-7.840000000000000000e+02,-1.153000000000000000e+03,-6.220000000000000000e+02,-4.200000000000000000e+01
1.679988668185280561e+09,1.658400000000000000e+04,5.120000000000000000e+02,-7.840000000000000000e+02,-1.153000000000000000e+03,-6.220000000000000000e+02,-4.200000000000000000e+01
1.679988668185462236e+09,1.658400000000000000e+04,5.120000000000000000e+02,-7.840000000000000000e+02,-1.153000000000000000e+03,-6.220000000000000000e+02,-4.200000000000000000e+01
1.679988668185671568e+09,1.658400000000000000e+04,5.120000000000000000e+02,-7.840000000000000000e+02,-1.153000000000000000e+03,-6.220000000000000000e+02,-4.200000000000000000e+01
1.679988668185855389e+09,1.658400000000000000e+04,5.120000000000000000e+02,-7.840000000000000000e+02,-1.153000000000000000e+03,-6.220000000000000000e+02,-4.200000000000000000e+01
1.679988668186038017e+09,1.658400000000000000e+04,5.120000000000000000e+02,-7.840000000000000000e+02,-1.153000000000000000e+03,-6.220000000000000000e+02,-4.200000000000000000e+01
1.679988668186219454e+09,1.658400000000000000e+04,5.120000000000000000e+02,-7.840000000000000000e+02,-1.153000000000000000e+03,-6.220000000000000000e+02,-4.200000000000000000e+01
1.679988668186400652e+09,1.658400000000000000e+04,5.120000000000000000e+02,-7.840000000000000000e+02,-1.153000000000000000e+03,-6.220000000000000000e+02,-4.200000000000000000e+01
1.679988668186582327e+09,1.658400000000000000e+04,5.120000000000000000e+02,-7.840000000000000000e+02,-1.153000000000000000e+03,-6.220000000000000000e+02,-4.200000000000000000e+01
1.679988668186763763e+09,1.658400000000000000e+04,5.120000000000000000e+02,-7.840000000000000000e+02,-1.153000000000000000e+03,-6.220000000000000000e+02,-4.200000000000000000e+01
1.679988668186979294e+09,1.658400000000000000e+04,5.120000000000000000e+02,-7.840000000000000000e+02,-1.153000000000000000e+03,-6.220000000000000000e+02,-4.200000000000000000e+01
1.679988668187162876e+09,1.658400000000000000e+04,5.120000000000000000e+02,-7.840000000000000000e+02,-1.153000000000000000e+03,-6.220000000000000000e+02,-4.200000000000000000e+01
1.679988668187344790e+09,1.658400000000000000e+04,5.120000000000000000e+02,-7.840000000000000000e+02,-1.153000000000000000e+03,-6.220000000000000000e+02,-4.200000000000000000e+01
1.679988668187525988e+09,1.658400000000000000e+04,5.120000000000000000e+02,-7.840000000000000000e+02,-1.153000000000000000e+03,-6.220000000000000000e+02,-4.200000000000000000e+01
1.679988668187706709e+09,1.658400000000000000e+04,5.120000000000000000e+02,-7.840000000000000000e+02,-1.153000000000000000e+03,-6.220000000000000000e+02,-4.200000000000000000e+01
1.679988668187922716e+09,1.658400000000000000e+04,5.120000000000000000e+02,-7.840000000000000000e+02,-1.153000000000000000e+03,-6.220000000000000000e+02,-4.200000000000000000e+01
1.679988668188105106e+09,1.658400000000000000e+04,5.120000000000000000e+02,-7.840000000000000000e+02,-1.153000000000000000e+03,-6.220000000000000000e+02,-4.200000000000000000e+01
1.679988668188285589e+09,1.658400000000000000e+04,5.120000000000000000e+02,-7.840000000000000000e+02,-1.153000000000000000e+03,-6.220000000000000000e+02,-4.200000000000000000e+01
1.679988668188468218e+09,1.658400000000000000e+04,5.120000000000000000e+02,-7.840000000000000000e+02,-1.153000000000000000e+03,-6.220000000000000000e+02,-4.200000000000000000e+01
1.679988668188649654e+09,1.658400000000000000e+04,5.120000000000000000e+02,-7.840000000000000000e+02,-1.153000000000000000e+03,-6.220000000000000000e+02,-4.200000000000000000e+01
1.679988668188829899e+09,1.658400000000000000e+04,5.120000000000000000e+02,-7.840000000000000000e+02,-1.153000000000000000e+03,-6.220000000000000000e+02,-4.200000000000000000e+01
1.679988668189010382e+09,1.658400000000000000e+04,5.120000000000000000e+02,-7.840000000000000000e+02,-1.153000000000000000e+03,-6.220000000000000000e+02,-4.200000000000000000e+01
1.679988668189190626e+09,1.658400000000000000e+04,5.120000000000000000e+02,-7.840000000000000000e+02,-1.153000000000000000e+03,-6.220000000000000000e+02,-4.200000000000000000e+01
1.679988668189371586e+09,1.658400000000000000e+04,5.120000000000000000e+02,-7.840000000000000000e+02,-1.153000000000000000e+03,-6.220000000000000000e+02,-4.200000000000000000e+01
1.679988668189552307e+09,1.658400000000000000e+04,5.120000000000000000e+02,-7.840000000000000000e+02,-1.153000000000000000e+03,-6.220000000000000000e+02,-4.200000000000000000e+01
1.679988668189733982e+09,1.658400000000000000e+04,5.120000000000000000e+02,-7.840000000000000000e+02,-1.153000000000000000e+03,-6.220000000000000000e+02,-4.200000000000000000e+01
1.679988668189914703e+09,1.658400000000000000e+04,5.120000000000000000e+02,-7.840000000000000000e+02,-1.153000000000000000e+03,-6.220000000000000000e+02,-4.200000000000000000e+01
1.679988668190095425e+09,1.658400000000000000e+04,5.120000000000000000e+02,-7.840000000000000000e+02,-1.153000000000000000e+03,-6.220000000000000000e+02,-4.200000000000000000e+01
1.679988668190277815e+09,1.658400000000000000e+04,5.120000000000000000e+02,-7.840000000000000000e+02,-1.153000000000000000e+03,-6.220000000000000000e+02,-4.200000000000000000e+01
1.679988668190460682e+09,1.658400000000000000e+04,5.120000000000000000e+02,-7.840000000000000000e+02,-1.153000000000000000e+03,-6.220000000000000000e+02,-4.200000000000000000e+01
1.679988668190642595e+09,1.658400000000000000e+04,5.120000000000000000e+02,-7.840000000000000000e+02,-1.153000000000000000e+03,-6.220000000000000000e+02,-4.200000000000000000e+01
1.679988668190825224e+09,1.658400000000000000e+04,5.120000000000000000e+02,-7.840000000000000000e+02,-1.153000000000000000e+03,-6.220000000000000000e+02,-4.200000000000000000e+01
1.679988668191005707e+09,1.658400000000000000e+04,5.120000000000000000e+02,-7.840000000000000000e+02,-1.153000000000000000e+03,-6.220000000000000000e+02,-4.200000000000000000e+01
1.679988668191186190e+09,1.658400000000000000e+04,5.120000000000000000e+02,-7.840000000000000000e+02,-1.153000000000000000e+03,-6.220000000000000000e+02,-4.200000000000000000e+01
1.679988668191410542e+09,1.658400000000000000e+04,5.120000000000000000e+02,-7.840000000000000000e+02,-1.153000000000000000e+03,-6.220000000000000000e+02,-4.200000000000000000e+01
1.679988668191593885e+09,1.658400000000000000e+04,5.120000000000000000e+02,-7.840000000000000000e+02,-1.153000000000000000e+03,-6.220000000000000000e+02,-4.200000000000000000e+01
1.679988668191775084e+09,1.658400000000000000e+04,5.120000000000000000e+02,-7.840000000000000000e+02,-1.153000000000000000e+03,-6.220000000000000000e+02,-4.200000000000000000e+01
1.679988668191956997e+09,1.658400000000000000e+04,5.120000000000000000e+02,-7.840000000000000000e+02,-1.153000000000000000e+03,-6.220000000000000000e+02,-4.200000000000000000e+01
1.679988668192137957e+09,1.658400000000000000e+04,5.120000000000000000e+02,-7.840000000000000000e+02,-1.153000000000000000e+03,-6.220000000000000000e+02,-4.200000000000000000e+01
1.679988668192352295e+09,1.658400000000000000e+04,5.120000000000000000e+02,-7.840000000000000000e+02,-1.153000000000000000e+03,-6.220000000000000000e+02,-4.200000000000000000e+01
1.679988668192536831e+09,1.658400000000000000e+04,5.120000000000000000e+02,-7.840000000000000000e+02,-1.153000000000000000e+03,-6.220000000000000000e+02,-4.200000000000000000e+01
1.679988668192718029e+09,1.658400000000000000e+04,5.120000000000000000e+02,-7.840000000000000000e+02,-1.153000000000000000e+03,-6.220000000000000000e+02,-4.200000000000000000e+01
1.679988668192900419e+09,1.658400000000000000e+04,5.120000000000000000e+02,-7.840000000000000000e+02,-1.153000000000000000e+03,-6.220000000000000000e+02,-4.200000000000000000e+01
1.679988668193084478e+09,1.658400000000000000e+04,5.120000000000000000e+02,-7.840000000000000000e+02,-1.153000000000000000e+03,-6.220000000000000000e+02,-4.200000000000000000e+01
1.679988668193266153e+09,1.658400000000000000e+04,5.120000000000000000e+02,-7.840000000000000000e+02,-1.153000000000000000e+03,-6.220000000000000000e+02,-4.200000000000000000e+01
1.679988668193448305e+09,1.658400000000000000e+04,5.120000000000000000e+02,-7.840000000000000000e+02,-1.153000000000000000e+03,-6.220000000000000000e+02,-4.200000000000000000e+01
1.679988668193630934e+09,1.658400000000000000e+04,5.120000000000000000e+02,-7.840000000000000000e+02,-1.153000000000000000e+03,-6.220000000000000000e+02,-4.200000000000000000e+01
1.679988668193811655e+09,1.658400000000000000e+04,5.120000000000000000e+02,-7.840000000000000000e+02,-1.153000000000000000e+03,-6.220000000000000000e+02,-4.200000000000000000e+01
1.679988668193993568e+09,1.658400000000000000e+04,5.120000000000000000e+02,-7.840000000000000000e+02,-1.153000000000000000e+03,-6.220000000000000000e+02,-4.200000000000000000e+01
1.679988668194175720e+09,1.658400000000000000e+04,5.120000000000000000e+02,-7.840000000000000000e+02,-1.153000000000000000e+03,-6.220000000000000000e+02,-4.200000000000000000e+01
1.679988668194356441e+09,1.658400000000000000e+04,5.120000000000000000e+02,-7.840000000000000000e+02,-1.153000000000000000e+03,-6.220000000000000000e+02,-4.200000000000000000e+01
1.679988668194536686e+09,1.658400000000000000e+04,5.120000000000000000e+02,-7.840000000000000000e+02,-1.153000000000000000e+03,-6.220000000000000000e+02,-4.200000000000000000e+01
1.679988668194718361e+09,1.658400000000000000e+04,5.120000000000000000e+02,-7.840000000000000000e+02,-1.153000000000000000e+03,-6.220000000000000000e+02,-4.200000000000000000e+01
1.679988668194900990e+09,1.658400000000000000e+04,5.120000000000000000e+02,-7.840000000000000000e+02,-1.153000000000000000e+03,-6.220000000000000000e+02,-4.200000000000000000e+01
1.679988668195081472e+09,1.658400000000000000e+04,5.120000000000000000e+02,-7.840000000000000000e+02,-1.153000000000000000e+03,-6.220000000000000000e+02,-4.200000000000000000e+01
1.679988668195262909e+09,1.658400000000000000e+04,5.120000000000000000e+02,-7.840000000000000000e+02,-1.153000000000000000e+03,-6.220000000000000000e+02,-4.200000000000000000e+01
1.679988668195442677e+09,1.658400000000000000e+04,5.120000000000000000e+02,-7.840000000000000000e+02,-1.153000000000000000e+03,-6.220000000000000000e+02,-4.200000000000000000e+01
1.679988668195652246e+09,1.658400000000000000e+04,5.120000000000000000e+02,-7.840000000000000000e+02,-1.153000000000000000e+03,-6.220000000000000000e+02,-4.200000000000000000e+01
1.679988668195871830e+09,1.658400000000000000e+04,5.120000000000000000e+02,-7.840000000000000000e+02,-1.153000000000000000e+03,-6.220000000000000000e+02,-4.200000000000000000e+01
1.679988668196056843e+09,1.658400000000000000e+04,5.120000000000000000e+02,-7.840000000000000000e+02,-1.153000000000000000e+03,-6.220000000000000000e+02,-4.200000000000000000e+01
1.679988668196238041e+09,1.658400000000000000e+04,5.120000000000000000e+02,-7.840000000000000000e+02,-1.153000000000000000e+03,-6.220000000000000000e+02,-4.200000000000000000e+01
1.679988668196422338e+09,1.658400000000000000e+04,5.120000000000000000e+02,-7.840000000000000000e+02,-1.153000000000000000e+03,-6.220000000000000000e+02,-4.200000000000000000e+01
1.679988668196603537e+09,1.658400000000000000e+04,5.120000000000000000e+02,-7.840000000000000000e+02,-1.153000000000000000e+03,-6.220000000000000000e+02,-4.200000000000000000e+01
1.679988668196816444e+09,1.658400000000000000e+04,5.120000000000000000e+02,-7.840000000000000000e+02,-1.153000000000000000e+03,-6.220000000000000000e+02,-4.200000000000000000e+01
1.679988668197001219e+09,1.658400000000000000e+04,5.120000000000000000e+02,-7.840000000000000000e+02,-1.153000000000000000e+03,-6.220000000000000000e+02,-4.200000000000000000e+01
1.679988668197182894e+09,1.658400000000000000e+04,5.120000000000000000e+02,-7.840000000000000000e+02,-1.153000000000000000e+03,-6.220000000000000000e+02,-4.200000000000000000e+01
1.679988668197364569e+09,1.658400000000000000e+04,5.120000000000000000e+02,-7.840000000000000000e+02,-1.153000000000000000e+03,-6.220000000000000000e+02,-4.200000000000000000e+01
1.679988668197545528e+09,1.658400000000000000e+04,5.120000000000000000e+02,-7.840000000000000000e+02,-1.153000000000000000e+03,-6.220000000000000000e+02,-4.200000000000000000e+01
1.679988668197726011e+09,1.658400000000000000e+04,5.120000000000000000e+02,-7.840000000000000000e+02,-1.153000000000000000e+03,-6.220000000000000000e+02,-4.200000000000000000e+01
1.679988668197906971e+09,1.658400000000000000e+04,5.120000000000000000e+02,-7.840000000000000000e+02,-1.153000000000000000e+03,-6.220000000000000000e+02,-4.200000000000000000e+01
1.679988668198090315e+09,1.658400000000000000e+04,5.120000000000000000e+02,-7.840000000000000000e+02,-1.153000000000000000e+03,-6.220000000000000000e+02,-4.200000000000000000e+01
1.679988668198270798e+09,1.658400000000000000e+04,5.120000000000000000e+02,-7.840000000000000000e+02,-1.153000000000000000e+03,-6.220000000000000000e+02,-4.200000000000000000e+01
1.679988668198452473e+09,1.658400000000000000e+04,5.120000000000000000e+02,-7.840000000000000000e+02,-1.153000000000000000e+03,-6.220000000000000000e+02,-4.200000000000000000e+01
1.679988668198635101e+09,1.658400000000000000e+04,5.120000000000000000e+02,-7.840000000000000000e+02,-1.153000000000000000e+03,-6.220000000000000000e+02,-4.200000000000000000e+01
1.679988668198813677e+09,1.658400000000000000e+04,5.120000000000000000e+02,-7.840000000000000000e+02,-1.153000000000000000e+03,-6.220000000000000000e+02,-4.200000000000000000e+01
1.679988668198993921e+09,1.658400000000000000e+04,5.120000000000000000e+02,-7.840000000000000000e+02,-1.153000000000000000e+03,-6.220000000000000000e+02,-4.200000000000000000e+01
1.679988668199176788e+09,1.658400000000000000e+04,5.120000000000000000e+02,-7.840000000000000000e+02,-1.153000000000000000e+03,-6.220000000000000000e+02,-4.200000000000000000e+01
1.679988668199358225e+09,1.658400000000000000e+04,5.120000000000000000e+02,-7.840000000000000000e+02,-1.153000000000000000e+03,-6.220000000000000000e+02,-4.200000000000000000e+01
1.679988668199537754e+09,1.658400000000000000e+04,5.120000000000000000e+02,-7.840000000000000000e+02,-1.153000000000000000e+03,-6.220000000000000000e+02,-4.200000000000000000e+01
1.679988668199718714e+09,1.658400000000000000e+04,5.120000000000000000e+02,-7.840000000000000000e+02,-1.153000000000000000e+03,-6.220000000000000000e+02,-4.200000000000000000e+01
1.679988668199899912e+09,1.658400000000000000e+04,5.120000000000000000e+02,-7.840000000000000000e+02,-1.153000000000000000e+03,-6.220000000000000000e+02,-4.200000000000000000e+01
1.679988668200079441e+09,1.658400000000000000e+04,5.120000000000000000e+02,-7.840000000000000000e+02,-1.153000000000000000e+03,-6.220000000000000000e+02,-4.200000000000000000e+01
1.679988668200261354e+09,1.658400000000000000e+04,5.120000000000000000e+02,-7.840000000000000000e+02,-1.153000000000000000e+03,-6.220000000000000000e+02,-4.200000000000000000e+01
1.679988668200441599e+09,1.658400000000000000e+04,5.120000000000000000e+02,-7.840000000000000000e+02,-1.153000000000000000e+03,-6.220000000000000000e+02,-4.200000000000000000e+01
1.679988668200621367e+09,1.658400000000000000e+04,5.120000000000000000e+02,-7.840000000000000000e+02,-1.153000000000000000e+03,-6.220000000000000000e+02,-4.200000000000000000e+01
1.679988668200837612e+09,1.658400000000000000e+04,5.120000000000000000e+02,-7.840000000000000000e+02,-1.153000000000000000e+03,-6.220000000000000000e+02,-4.200000000000000000e+01
1.679988668201017141e+09,1.658400000000000000e+04,5.120000000000000000e+02,-7.840000000000000000e+02,-1.153000000000000000e+03,-6.220000000000000000e+02,-4.200000000000000000e+01
1.679988668201201677e+09,1.658400000000000000e+04,5.120000000000000000e+02,-7.840000000000000000e+02,-1.153000000000000000e+03,-6.220000000000000000e+02,-4.200000000000000000e+01
1.679988668201384306e+09,1.658400000000000000e+04,5.120000000000000000e+02,-7.840000000000000000e+02,-1.153000000000000000e+03,-6.220000000000000000e+02,-4.200000000000000000e+01
1.679988668201564312e+09,1.658400000000000000e+04,5.120000000000000000e+02,-7.840000000000000000e+02,-1.153000000000000000e+03,-6.220000000000000000e+02,-4.200000000000000000e+01
1.679988668201777697e+09,1.658400000000000000e+04,5.120000000000000000e+02,-7.840000000000000000e+02,-1.153000000000000000e+03,-6.220000000000000000e+02,-4.200000000000000000e+01
1.679988668201962233e+09,1.658400000000000000e+04,5.120000000000000000e+02,-7.840000000000000000e+02,-1.153000000000000000e+03,-6.220000000000000000e+02,-4.200000000000000000e+01
1.679988668202143908e+09,1.658400000000000000e+04,5.120000000000000000e+02,-7.840000000000000000e+02,-1.153000000000000000e+03,-6.220000000000000000e+02,-4.200000000000000000e+01
1.679988668202325344e+09,1.658400000000000000e+04,5.120000000000000000e+02,-7.840000000000000000e+02,-1.153000000000000000e+03,-6.220000000000000000e+02,-4.200000000000000000e+01
1.679988668202508211e+09,1.658400000000000000e+04,5.120000000000000000e+02,-7.840000000000000000e+02,-1.153000000000000000e+03,-6.220000000000000000e+02,-4.200000000000000000e+01
1.679988668202689171e+09,1.658400000000000000e+04,5.120000000000000000e+02,-7.840000000000000000e+02,-1.153000000000000000e+03,-6.220000000000000000e+02,-4.200000000000000000e+01
1.679988668202870846e+09,1.658400000000000000e+04,5.120000000000000000e+02,-7.840000000000000000e+02,-1.153000000000000000e+03,-6.220000000000000000e+02,-4.200000000000000000e+01
1.679988668203052759e+09,1.658400000000000000e+04,5.120000000000000000e+02,-7.840000000000000000e+02,-1.153000000000000000e+03,-6.220000000000000000e+02,-4.200000000000000000e+01
1.679988668203234673e+09,1.658400000000000000e+04,5.120000000000000000e+02,-7.840000000000000000e+02,-1.153000000000000000e+03,-6.220000000000000000e+02,-4.200000000000000000e+01
1.679988668203415871e+09,1.658400000000000000e+04,5.120000000000000000e+02,-7.840000000000000000e+02,-1.153000000000000000e+03,-6.220000000000000000e+02,-4.200000000000000000e+01
1.679988668203597307e+09,1.658400000000000000e+04,5.120000000000000000e+02,-7.840000000000000000e+02,-1.153000000000000000e+03,-6.220000000000000000e+02,-4.200000000000000000e+01
1.679988668203778028e+09,1.658400000000000000e+04,5.120000000000000000e+02,-7.840000000000000000e+02,-1.153000000000000000e+03,-6.220000000000000000e+02,-4.200000000000000000e+01
1.679988668203960896e+09,1.658400000000000000e+04,5.120000000000000000e+02,-7.840000000000000000e+02,-1.153000000000000000e+03,-6.220000000000000000e+02,-4.200000000000000000e+01
1.679988668204144716e+09,1.658400000000000000e+04,5.120000000000000000e+02,-7.840000000000000000e+02,-1.153000000000000000e+03,-6.220000000000000000e+02,-4.200000000000000000e+01
1.679988668204324722e+09,1.658400000000000000e+04,5.120000000000000000e+02,-7.840000000000000000e+02,-1.153000000000000000e+03,-6.220000000000000000e+02,-4.200000000000000000e+01
1.679988668204506159e+09,1.658400000000000000e+04,5.120000000000000000e+02,-7.840000000000000000e+02,-1.153000000000000000e+03,-6.220000000000000000e+02,-4.200000000000000000e+01
1.679988668204686642e+09,1.658400000000000000e+04,5.120000000000000000e+02,-7.840000000000000000e+02,-1.153000000000000000e+03,-6.220000000000000000e+02,-4.200000000000000000e+01
1.679988668204869270e+09,1.658400000000000000e+04,5.120000000000000000e+02,-7.840000000000000000e+02,-1.153000000000000000e+03,-6.220000000000000000e+02,-4.200000000000000000e+01
1.679988668205048800e+09,1.658400000000000000e+04,5.120000000000000000e+02,-7.840000000000000000e+02,-1.153000000000000000e+03,-6.220000000000000000e+02,-4.200000000000000000e+01
1.679988668205266953e+09,1.658400000000000000e+04,5.120000000000000000e+02,-7.840000000000000000e+02,-1.153000000000000000e+03,-6.220000000000000000e+02,-4.200000000000000000e+01
1.679988668205451250e+09,1.658400000000000000e+04,5.120000000000000000e+02,-7.840000000000000000e+02,-1.153000000000000000e+03,-6.220000000000000000e+02,-4.200000000000000000e+01
1.679988668205657482e+09,1.658400000000000000e+04,5.120000000000000000e+02,-7.840000000000000000e+02,-1.153000000000000000e+03,-6.220000000000000000e+02,-4.200000000000000000e+01
1.679988668205842972e+09,1.658400000000000000e+04,5.120000000000000000e+02,-7.840000000000000000e+02,-1.153000000000000000e+03,-6.220000000000000000e+02,-4.200000000000000000e+01
1.679988668206025362e+09,1.658400000000000000e+04,5.120000000000000000e+02,-7.840000000000000000e+02,-1.153000000000000000e+03,-6.220000000000000000e+02,-4.200000000000000000e+01
1.679988668206240416e+09,1.658400000000000000e+04,5.120000000000000000e+02,-7.840000000000000000e+02,-1.153000000000000000e+03,-6.220000000000000000e+02,-4.200000000000000000e+01
1.679988668206424713e+09,1.658400000000000000e+04,5.120000000000000000e+02,-7.840000000000000000e+02,-1.153000000000000000e+03,-6.220000000000000000e+02,-4.200000000000000000e+01
1.679988668206605673e+09,1.658400000000000000e+04,5.120000000000000000e+02,-7.840000000000000000e+02,-1.153000000000000000e+03,-6.220000000000000000e+02,-4.200000000000000000e+01
1.679988668206786633e+09,1.658400000000000000e+04,5.120000000000000000e+02,-7.840000000000000000e+02,-1.153000000000000000e+03,-6.220000000000000000e+02,-4.200000000000000000e+01
1.679988668206968546e+09,1.658400000000000000e+04,5.120000000000000000e+02,-7.840000000000000000e+02,-1.153000000000000000e+03,-6.220000000000000000e+02,-4.200000000000000000e+01
1.679988668207151175e+09,1.658400000000000000e+04,5.120000000000000000e+02,-7.840000000000000000e+02,-1.153000000000000000e+03,-6.220000000000000000e+02,-4.200000000000000000e+01
1.679988668207332134e+09,1.658400000000000000e+04,5.120000000000000000e+02,-7.840000000000000000e+02,-1.153000000000000000e+03,-6.220000000000000000e+02,-4.200000000000000000e+01
1.679988668207516193e+09,1.658400000000000000e+04,5.120000000000000000e+02,-7.840000000000000000e+02,-1.153000000000000000e+03,-6.220000000000000000e+02,-4.200000000000000000e+01
1.679988668207696199e+09,1.658400000000000000e+04,5.120000000000000000e+02,-7.840000000000000000e+02,-1.153000000000000000e+03,-6.220000000000000000e+02,-4.200000000000000000e+01
1.679988668207876444e+09,1.658400000000000000e+04,5.120000000000000000e+02,-7.840000000000000000e+02,-1.153000000000000000e+03,-6.220000000000000000e+02,-4.200000000000000000e+01
1.679988668208057404e+09,1.658400000000000000e+04,5.120000000000000000e+02,-7.840000000000000000e+02,-1.153000000000000000e+03,-6.220000000000000000e+02,-4.200000000000000000e+01
1.679988668208236217e+09,1.658400000000000000e+04,5.120000000000000000e+02,-7.840000000000000000e+02,-1.153000000000000000e+03,-6.220000000000000000e+02,-4.200000000000000000e+01
1.679988668208416462e+09,1.658400000000000000e+04,5.120000000000000000e+02,-7.840000000000000000e+02,-1.153000000000000000e+03,-6.220000000000000000e+02,-4.200000000000000000e+01
1.679988668208598375e+09,1.658400000000000000e+04,5.120000000000000000e+02,-7.840000000000000000e+02,-1.153000000000000000e+03,-6.220000000000000000e+02,-4.200000000000000000e+01
1.679988668208778381e+09,1.658400000000000000e+04,5.120000000000000000e+02,-7.840000000000000000e+02,-1.153000000000000000e+03,-6.220000000000000000e+02,-4.200000000000000000e+01
1.679988668208959341e+09,1.658400000000000000e+04,5.120000000000000000e+02,-7.840000000000000000e+02,-1.153000000000000000e+03,-6.220000000000000000e+02,-4.200000000000000000e+01
1.679988668209141016e+09,1.658400000000000000e+04,5.120000000000000000e+02,-7.840000000000000000e+02,-1.153000000000000000e+03,-6.220000000000000000e+02,-4.200000000000000000e+01
1.679988668209321499e+09,1.658400000000000000e+04,5.120000000000000000e+02,-7.840000000000000000e+02,-1.153000000000000000e+03,-6.220000000000000000e+02,-4.200000000000000000e+01
1.679988668209502220e+09,1.658400000000000000e+04,5.120000000000000000e+02,-7.840000000000000000e+02,-1.153000000000000000e+03,-6.220000000000000000e+02,-4.200000000000000000e+01
1.679988668209718943e+09,1.658400000000000000e+04,5.120000000000000000e+02,-7.840000000000000000e+02,-1.153000000000000000e+03,-6.220000000000000000e+02,-4.200000000000000000e+01
1.679988668209900856e+09,1.658400000000000000e+04,5.120000000000000000e+02,-7.840000000000000000e+02,-1.153000000000000000e+03,-6.220000000000000000e+02,-4.200000000000000000e+01
1.679988668210082054e+09,1.658400000000000000e+04,5.120000000000000000e+02,-7.840000000000000000e+02,-1.153000000000000000e+03,-6.220000000000000000e+02,-4.200000000000000000e+01
1.679988668210263968e+09,1.658400000000000000e+04,5.120000000000000000e+02,-7.840000000000000000e+02,-1.153000000000000000e+03,-6.220000000000000000e+02,-4.200000000000000000e+01
1.679988668210444450e+09,1.658400000000000000e+04,5.120000000000000000e+02,-7.840000000000000000e+02,-1.153000000000000000e+03,-6.220000000000000000e+02,-4.200000000000000000e+01
1.679988668210660934e+09,1.658400000000000000e+04,5.120000000000000000e+02,-7.840000000000000000e+02,-1.153000000000000000e+03,-6.220000000000000000e+02,-4.200000000000000000e+01
1.679988668210845232e+09,1.658400000000000000e+04,5.120000000000000000e+02,-7.840000000000000000e+02,-1.153000000000000000e+03,-6.220000000000000000e+02,-4.200000000000000000e+01
1.679988668211027145e+09,1.658400000000000000e+04,5.120000000000000000e+02,-7.840000000000000000e+02,-1.153000000000000000e+03,-6.220000000000000000e+02,-4.200000000000000000e+01
1.679988668211207628e+09,1.658400000000000000e+04,5.120000000000000000e+02,-7.840000000000000000e+02,-1.153000000000000000e+03,-6.220000000000000000e+02,-4.200000000000000000e+01
1.679988668211390018e+09,1.658400000000000000e+04,5.120000000000000000e+02,-7.840000000000000000e+02,-1.153000000000000000e+03,-6.220000000000000000e+02,-4.200000000000000000e+01
1.679988668211571455e+09,1.658400000000000000e+04,5.120000000000000000e+02,-7.840000000000000000e+02,-1.153000000000000000e+03,-6.220000000000000000e+02,-4.200000000000000000e+01
1.679988668211753368e+09,1.658400000000000000e+04,5.120000000000000000e+02,-7.840000000000000000e+02,-1.153000000000000000e+03,-6.220000000000000000e+02,-4.200000000000000000e+01
1.679988668211936474e+09,1.658400000000000000e+04,5.120000000000000000e+02,-7.840000000000000000e+02,-1.153000000000000000e+03,-6.220000000000000000e+02,-4.200000000000000000e+01
1.679988668212116718e+09,1.658400000000000000e+04,5.120000000000000000e+02,-7.840000000000000000e+02,-1.153000000000000000e+03,-6.220000000000000000e+02,-4.200000000000000000e+01
1.679988668212297678e+09,1.658400000000000000e+04,5.120000000000000000e+02,-7.840000000000000000e+02,-1.153000000000000000e+03,-6.220000000000000000e+02,-4.200000000000000000e+01
1.679988668212481022e+09,1.658400000000000000e+04,5.120000000000000000e+02,-7.840000000000000000e+02,-1.153000000000000000e+03,-6.220000000000000000e+02,-4.200000000000000000e+01
1.679988668212661743e+09,1.658400000000000000e+04,5.120000000000000000e+02,-7.840000000000000000e+02,-1.153000000000000000e+03,-6.220000000000000000e+02,-4.200000000000000000e+01
1.679988668212841988e+09,1.658400000000000000e+04,5.120000000000000000e+02,-7.840000000000000000e+02,-1.153000000000000000e+03,-6.220000000000000000e+02,-4.200000000000000000e+01
1.679988668213023901e+09,1.658400000000000000e+04,5.120000000000000000e+02,-7.840000000000000000e+02,-1.153000000000000000e+03,-6.220000000000000000e+02,-4.200000000000000000e+01
1.679988668213204384e+09,1.658400000000000000e+04,5.120000000000000000e+02,-7.840000000000000000e+02,-1.153000000000000000e+03,-6.220000000000000000e+02,-4.200000000000000000e+01
1.679988668213386059e+09,1.658400000000000000e+04,5.120000000000000000e+02,-7.840000000000000000e+02,-1.153000000000000000e+03,-6.220000000000000000e+02,-4.200000000000000000e+01
1.679988668213567734e+09,1.658400000000000000e+04,5.120000000000000000e+02,-7.840000000000000000e+02,-1.153000000000000000e+03,-6.220000000000000000e+02,-4.200000000000000000e+01
1.679988668213750362e+09,1.658400000000000000e+04,5.120000000000000000e+02,-7.840000000000000000e+02,-1.153000000000000000e+03,-6.220000000000000000e+02,-4.200000000000000000e+01
1.679988668213932276e+09,1.658400000000000000e+04,5.120000000000000000e+02,-7.840000000000000000e+02,-1.153000000000000000e+03,-6.220000000000000000e+02,-4.200000000000000000e+01
1.679988668214147806e+09,1.658400000000000000e+04,5.120000000000000000e+02,-7.840000000000000000e+02,-1.153000000000000000e+03,-6.220000000000000000e+02,-4.200000000000000000e+01
1.679988668214330435e+09,1.658400000000000000e+04,5.120000000000000000e+02,-7.840000000000000000e+02,-1.153000000000000000e+03,-6.220000000000000000e+02,-4.200000000000000000e+01
1.679988668214511633e+09,1.658400000000000000e+04,5.120000000000000000e+02,-7.840000000000000000e+02,-1.153000000000000000e+03,-6.220000000000000000e+02,-4.200000000000000000e+01
1.679988668214696646e+09,1.658400000000000000e+04,5.120000000000000000e+02,-7.840000000000000000e+02,-1.153000000000000000e+03,-6.220000000000000000e+02,-4.200000000000000000e+01
1.679988668214878321e+09,1.658400000000000000e+04,5.120000000000000000e+02,-7.840000000000000000e+02,-1.153000000000000000e+03,-6.220000000000000000e+02,-4.200000000000000000e+01
1.679988668215094090e+09,1.658400000000000000e+04,5.120000000000000000e+02,-7.840000000000000000e+02,-1.153000000000000000e+03,-6.220000000000000000e+02,-4.200000000000000000e+01
1.679988668215278625e+09,1.658400000000000000e+04,5.120000000000000000e+02,-7.840000000000000000e+02,-1.153000000000000000e+03,-6.220000000000000000e+02,-4.200000000000000000e+01
1.679988668215460300e+09,1.658400000000000000e+04,5.120000000000000000e+02,-7.840000000000000000e+02,-1.153000000000000000e+03,-6.220000000000000000e+02,-4.200000000000000000e+01
1.679988668215669155e+09,1.658400000000000000e+04,5.120000000000000000e+02,-7.840000000000000000e+02,-1.153000000000000000e+03,-6.220000000000000000e+02,-4.200000000000000000e+01
1.679988668215857506e+09,1.658400000000000000e+04,5.120000000000000000e+02,-7.840000000000000000e+02,-1.153000000000000000e+03,-6.220000000000000000e+02,-4.200000000000000000e+01
1.679988668216039658e+09,1.658400000000000000e+04,5.120000000000000000e+02,-7.840000000000000000e+02,-1.153000000000000000e+03,-6.220000000000000000e+02,-4.200000000000000000e+01
1.679988668216223001e+09,1.658400000000000000e+04,5.120000000000000000e+02,-7.840000000000000000e+02,-1.153000000000000000e+03,-6.220000000000000000e+02,-4.200000000000000000e+01
1.679988668216408014e+09,1.658400000000000000e+04,5.120000000000000000e+02,-7.840000000000000000e+02,-1.153000000000000000e+03,-6.220000000000000000e+02,-4.200000000000000000e+01
1.679988668216590643e+09,1.658400000000000000e+04,5.120000000000000000e+02,-7.840000000000000000e+02,-1.153000000000000000e+03,-6.220000000000000000e+02,-4.200000000000000000e+01
1.679988668216771603e+09,1.658400000000000000e+04,5.120000000000000000e+02,-7.840000000000000000e+02,-1.153000000000000000e+03,-6.220000000000000000e+02,-4.200000000000000000e+01
1.679988668216955185e+09,1.658400000000000000e+04,5.120000000000000000e+02,-7.840000000000000000e+02,-1.153000000000000000e+03,-6.220000000000000000e+02,-4.200000000000000000e+01
1.679988668217135668e+09,1.658400000000000000e+04,5.120000000000000000e+02,-7.840000000000000000e+02,-1.153000000000000000e+03,-6.220000000000000000e+02,-4.200000000000000000e+01
1.679988668217318773e+09,1.658400000000000000e+04,5.120000000000000000e+02,-7.840000000000000000e+02,-1.153000000000000000e+03,-6.220000000000000000e+02,-4.200000000000000000e+01
1.679988668217504025e+09,1.658400000000000000e+04,5.120000000000000000e+02,-7.840000000000000000e+02,-1.153000000000000000e+03,-6.220000000000000000e+02,-4.200000000000000000e+01
1.679988668217685938e+09,1.658400000000000000e+04,5.120000000000000000e+02,-7.840000000000000000e+02,-1.153000000000000000e+03,-6.220000000000000000e+02,-4.200000000000000000e+01
1.679988668217868805e+09,1.658400000000000000e+04,5.120000000000000000e+02,-7.840000000000000000e+02,-1.153000000000000000e+03,-6.220000000000000000e+02,-4.200000000000000000e+01
1.679988668218052626e+09,1.658400000000000000e+04,5.120000000000000000e+02,-7.840000000000000000e+02,-1.153000000000000000e+03,-6.220000000000000000e+02,-4.200000000000000000e+01
1.679988668218235493e+09,1.658400000000000000e+04,5.120000000000000000e+02,-7.840000000000000000e+02,-1.153000000000000000e+03,-6.220000000000000000e+02,-4.200000000000000000e+01
1.679988668218418598e+09,1.658400000000000000e+04,5.120000000000000000e+02,-7.840000000000000000e+02,-1.153000000000000000e+03,-6.220000000000000000e+02,-4.200000000000000000e+01
1.679988668218637705e+09,1.658400000000000000e+04,5.120000000000000000e+02,-7.840000000000000000e+02,-1.153000000000000000e+03,-6.220000000000000000e+02,-4.200000000000000000e+01
1.679988668218821287e+09,1.658400000000000000e+04,5.120000000000000000e+02,-7.840000000000000000e+02,-1.153000000000000000e+03,-6.220000000000000000e+02,-4.200000000000000000e+01
1.679988668219004869e+09,1.658400000000000000e+04,5.120000000000000000e+02,-7.840000000000000000e+02,-1.153000000000000000e+03,-6.220000000000000000e+02,-4.200000000000000000e+01
1.679988668219188690e+09,1.658400000000000000e+04,5.120000000000000000e+02,-7.840000000000000000e+02,-1.153000000000000000e+03,-6.220000000000000000e+02,-4.200000000000000000e+01
1.679988668219371080e+09,1.658400000000000000e+04,5.120000000000000000e+02,-7.840000000000000000e+02,-1.153000000000000000e+03,-6.220000000000000000e+02,-4.200000000000000000e+01
1.679988668219589710e+09,1.658400000000000000e+04,5.120000000000000000e+02,-7.840000000000000000e+02,-1.153000000000000000e+03,-6.220000000000000000e+02,-4.200000000000000000e+01
1.679988668219774008e+09,1.658400000000000000e+04,5.120000000000000000e+02,-7.840000000000000000e+02,-1.153000000000000000e+03,-6.220000000000000000e+02,-4.200000000000000000e+01
1.679988668219956875e+09,1.658400000000000000e+04,5.120000000000000000e+02,-7.840000000000000000e+02,-1.153000000000000000e+03,-6.220000000000000000e+02,-4.200000000000000000e+01
1.679988668220140219e+09,1.658400000000000000e+04,5.120000000000000000e+02,-7.840000000000000000e+02,-1.153000000000000000e+03,-6.220000000000000000e+02,-4.200000000000000000e+01
1.679988668220323324e+09,1.658400000000000000e+04,5.120000000000000000e+02,-7.840000000000000000e+02,-1.153000000000000000e+03,-6.220000000000000000e+02,-4.200000000000000000e+01
1.679988668220504761e+09,1.658400000000000000e+04,5.120000000000000000e+02,-7.840000000000000000e+02,-1.153000000000000000e+03,-6.220000000000000000e+02,-4.200000000000000000e+01
1.679988668220687389e+09,1.658400000000000000e+04,5.120000000000000000e+02,-7.840000000000000000e+02,-1.153000000000000000e+03,-6.220000000000000000e+02,-4.200000000000000000e+01
1.679988668220871687e+09,1.658400000000000000e+04,5.120000000000000000e+02,-7.840000000000000000e+02,-1.153000000000000000e+03,-6.220000000000000000e+02,-4.200000000000000000e+01
1.679988668221054316e+09,1.658400000000000000e+04,5.120000000000000000e+02,-7.840000000000000000e+02,-1.153000000000000000e+03,-6.220000000000000000e+02,-4.200000000000000000e+01
1.679988668221235752e+09,1.658400000000000000e+04,5.120000000000000000e+02,-7.840000000000000000e+02,-1.153000000000000000e+03,-6.220000000000000000e+02,-4.200000000000000000e+01
1.679988668221417665e+09,1.658400000000000000e+04,5.120000000000000000e+02,-7.840000000000000000e+02,-1.153000000000000000e+03,-6.220000000000000000e+02,-4.200000000000000000e+01
1.679988668221598625e+09,1.658400000000000000e+04,5.120000000000000000e+02,-7.840000000000000000e+02,-1.153000000000000000e+03,-6.220000000000000000e+02,-4.200000000000000000e+01
1.679988668221779346e+09,1.658400000000000000e+04,5.120000000000000000e+02,-7.840000000000000000e+02,-1.153000000000000000e+03,-6.220000000000000000e+02,-4.200000000000000000e+01
1.679988668221961498e+09,1.658400000000000000e+04,5.120000000000000000e+02,-7.840000000000000000e+02,-1.153000000000000000e+03,-6.220000000000000000e+02,-4.200000000000000000e+01
1.679988668222141504e+09,1.658400000000000000e+04,5.120000000000000000e+02,-7.840000000000000000e+02,-1.153000000000000000e+03,-6.220000000000000000e+02,-4.200000000000000000e+01
1.679988668222323418e+09,1.658400000000000000e+04,5.120000000000000000e+02,-7.840000000000000000e+02,-1.153000000000000000e+03,-6.220000000000000000e+02,-4.200000000000000000e+01
1.679988668222506285e+09,1.658400000000000000e+04,5.120000000000000000e+02,-7.840000000000000000e+02,-1.153000000000000000e+03,-6.220000000000000000e+02,-4.200000000000000000e+01
1.679988668222687483e+09,1.658400000000000000e+04,5.120000000000000000e+02,-7.840000000000000000e+02,-1.153000000000000000e+03,-6.220000000000000000e+02,-4.200000000000000000e+01
1.679988668222868204e+09,1.658400000000000000e+04,5.120000000000000000e+02,-7.840000000000000000e+02,-1.153000000000000000e+03,-6.220000000000000000e+02,-4.200000000000000000e+01
1.679988668223086596e+09,1.658400000000000000e+04,5.120000000000000000e+02,-7.840000000000000000e+02,-1.153000000000000000e+03,-6.220000000000000000e+02,-4.200000000000000000e+01
1.679988668223271847e+09,1.658400000000000000e+04,5.120000000000000000e+02,-7.840000000000000000e+02,-1.153000000000000000e+03,-6.220000000000000000e+02,-4.200000000000000000e+01
1.679988668223455191e+09,1.658400000000000000e+04,5.120000000000000000e+02,-7.840000000000000000e+02,-1.153000000000000000e+03,-6.220000000000000000e+02,-4.200000000000000000e+01
1.679988668223638535e+09,1.658400000000000000e+04,5.120000000000000000e+02,-7.840000000000000000e+02,-1.153000000000000000e+03,-6.220000000000000000e+02,-4.200000000000000000e+01
1.679988668223819971e+09,1.658400000000000000e+04,5.120000000000000000e+02,-7.840000000000000000e+02,-1.153000000000000000e+03,-6.220000000000000000e+02,-4.200000000000000000e+01
1.679988668224038839e+09,1.658400000000000000e+04,5.120000000000000000e+02,-7.840000000000000000e+02,-1.153000000000000000e+03,-6.220000000000000000e+02,-4.200000000000000000e+01
1.679988668224224567e+09,1.658400000000000000e+04,5.120000000000000000e+02,-7.840000000000000000e+02,-1.153000000000000000e+03,-6.220000000000000000e+02,-4.200000000000000000e+01
1.679988668224407196e+09,1.658400000000000000e+04,5.120000000000000000e+02,-7.840000000000000000e+02,-1.153000000000000000e+03,-6.220000000000000000e+02,-4.200000000000000000e+01
1.679988668224590778e+09,1.658400000000000000e+04,5.120000000000000000e+02,-7.840000000000000000e+02,-1.153000000000000000e+03,-6.220000000000000000e+02,-4.200000000000000000e+01
1.679988668224774599e+09,1.658400000000000000e+04,5.120000000000000000e+02,-7.840000000000000000e+02,-1.153000000000000000e+03,-6.220000000000000000e+02,-4.200000000000000000e+01
1.679988668224955797e+09,1.658400000000000000e+04,5.120000000000000000e+02,-7.840000000000000000e+02,-1.153000000000000000e+03,-6.220000000000000000e+02,-4.200000000000000000e+01
1.679988668225138664e+09,1.658400000000000000e+04,5.120000000000000000e+02,-7.840000000000000000e+02,-1.153000000000000000e+03,-6.220000000000000000e+02,-4.200000000000000000e+01
1.679988668225325108e+09,1.658400000000000000e+04,5.120000000000000000e+02,-7.840000000000000000e+02,-1.153000000000000000e+03,-6.220000000000000000e+02,-4.200000000000000000e+01
1.679988668225534916e+09,1.658400000000000000e+04,5.120000000000000000e+02,-7.840000000000000000e+02,-1.153000000000000000e+03,-6.220000000000000000e+02,-4.200000000000000000e+01
1.679988668225722790e+09,1.658400000000000000e+04,5.120000000000000000e+02,-7.840000000000000000e+02,-1.153000000000000000e+03,-6.220000000000000000e+02,-4.200000000000000000e+01
1.679988668225906610e+09,1.658400000000000000e+04,5.120000000000000000e+02,-7.840000000000000000e+02,-1.153000000000000000e+03,-6.220000000000000000e+02,-4.200000000000000000e+01
1.679988668226092577e+09,1.658400000000000000e+04,5.120000000000000000e+02,-7.840000000000000000e+02,-1.153000000000000000e+03,-6.220000000000000000e+02,-4.200000000000000000e+01
1.679988668226276159e+09,1.658400000000000000e+04,5.120000000000000000e+02,-7.840000000000000000e+02,-1.153000000000000000e+03,-6.220000000000000000e+02,-4.200000000000000000e+01
1.679988668226459742e+09,1.658400000000000000e+04,5.120000000000000000e+02,-7.840000000000000000e+02,-1.153000000000000000e+03,-6.220000000000000000e+02,-4.200000000000000000e+01
1.679988668226642847e+09,1.658400000000000000e+04,5.120000000000000000e+02,-7.840000000000000000e+02,-1.153000000000000000e+03,-6.220000000000000000e+02,-4.200000000000000000e+01
1.679988668226822853e+09,1.658400000000000000e+04,5.120000000000000000e+02,-7.840000000000000000e+02,-1.153000000000000000e+03,-6.220000000000000000e+02,-4.200000000000000000e+01
1.679988668227006674e+09,1.658400000000000000e+04,5.120000000000000000e+02,-7.840000000000000000e+02,-1.153000000000000000e+03,-6.220000000000000000e+02,-4.200000000000000000e+01
1.679988668227188587e+09,1.658400000000000000e+04,5.120000000000000000e+02,-7.840000000000000000e+02,-1.153000000000000000e+03,-6.220000000000000000e+02,-4.200000000000000000e+01
1.679988668227370739e+09,1.658400000000000000e+04,5.120000000000000000e+02,-7.840000000000000000e+02,-1.153000000000000000e+03,-6.220000000000000000e+02,-4.200000000000000000e+01
1.679988668227590799e+09,1.658400000000000000e+04,5.120000000000000000e+02,-7.840000000000000000e+02,-1.153000000000000000e+03,-6.220000000000000000e+02,-4.200000000000000000e+01
1.679988668227774143e+09,1.658400000000000000e+04,5.120000000000000000e+02,-7.840000000000000000e+02,-1.153000000000000000e+03,-6.220000000000000000e+02,-4.200000000000000000e+01
1.679988668227961540e+09,1.658400000000000000e+04,5.120000000000000000e+02,-7.840000000000000000e+02,-1.153000000000000000e+03,-6.220000000000000000e+02,-4.200000000000000000e+01
1.679988668228145838e+09,1.658400000000000000e+04,5.120000000000000000e+02,-7.840000000000000000e+02,-1.153000000000000000e+03,-6.220000000000000000e+02,-4.200000000000000000e+01
1.679988668228327990e+09,1.658400000000000000e+04,5.120000000000000000e+02,-7.840000000000000000e+02,-1.153000000000000000e+03,-6.220000000000000000e+02,-4.200000000000000000e+01
1.679988668228558540e+09,1.658400000000000000e+04,5.120000000000000000e+02,-7.840000000000000000e+02,-1.153000000000000000e+03,-6.220000000000000000e+02,-4.200000000000000000e+01
1.679988668228743792e+09,1.658400000000000000e+04,5.120000000000000000e+02,-7.840000000000000000e+02,-1.153000000000000000e+03,-6.220000000000000000e+02,-4.200000000000000000e+01
1.679988668228925943e+09,1.658400000000000000e+04,5.120000000000000000e+02,-7.840000000000000000e+02,-1.153000000000000000e+03,-6.220000000000000000e+02,-4.200000000000000000e+01
1.679988668229108572e+09,1.658400000000000000e+04,5.120000000000000000e+02,-7.840000000000000000e+02,-1.153000000000000000e+03,-6.220000000000000000e+02,-4.200000000000000000e+01
1.679988668229291916e+09,1.658400000000000000e+04,5.120000000000000000e+02,-7.840000000000000000e+02,-1.153000000000000000e+03,-6.220000000000000000e+02,-4.200000000000000000e+01
1.679988668229473829e+09,1.658400000000000000e+04,5.120000000000000000e+02,-7.840000000000000000e+02,-1.153000000000000000e+03,-6.220000000000000000e+02,-4.200000000000000000e+01
1.679988668229658604e+09,1.658400000000000000e+04,5.120000000000000000e+02,-7.840000000000000000e+02,-1.153000000000000000e+03,-6.220000000000000000e+02,-4.200000000000000000e+01
1.679988668229840279e+09,1.658400000000000000e+04,5.120000000000000000e+02,-7.840000000000000000e+02,-1.153000000000000000e+03,-6.220000000000000000e+02,-4.200000000000000000e+01
1.679988668230021238e+09,1.658400000000000000e+04,5.120000000000000000e+02,-7.840000000000000000e+02,-1.153000000000000000e+03,-6.220000000000000000e+02,-4.200000000000000000e+01
1.679988668230202436e+09,1.658400000000000000e+04,5.120000000000000000e+02,-7.840000000000000000e+02,-1.153000000000000000e+03,-6.220000000000000000e+02,-4.200000000000000000e+01
1.679988668230384827e+09,1.658400000000000000e+04,5.120000000000000000e+02,-7.840000000000000000e+02,-1.153000000000000000e+03,-6.220000000000000000e+02,-4.200000000000000000e+01
1.679988668230566978e+09,1.658400000000000000e+04,5.120000000000000000e+02,-7.840000000000000000e+02,-1.153000000000000000e+03,-6.220000000000000000e+02,-4.200000000000000000e+01
1.679988668230749369e+09,1.658400000000000000e+04,5.120000000000000000e+02,-7.840000000000000000e+02,-1.153000000000000000e+03,-6.220000000000000000e+02,-4.200000000000000000e+01
1.679988668230931997e+09,1.658400000000000000e+04,5.120000000000000000e+02,-7.840000000000000000e+02,-1.153000000000000000e+03,-6.220000000000000000e+02,-4.200000000000000000e+01
1.679988668231112003e+09,1.658400000000000000e+04,5.120000000000000000e+02,-7.840000000000000000e+02,-1.153000000000000000e+03,-6.220000000000000000e+02,-4.200000000000000000e+01
1.679988668231294632e+09,1.658400000000000000e+04,5.120000000000000000e+02,-7.840000000000000000e+02,-1.153000000000000000e+03,-6.220000000000000000e+02,-4.200000000000000000e+01
1.679988668231476545e+09,1.658400000000000000e+04,5.120000000000000000e+02,-7.840000000000000000e+02,-1.153000000000000000e+03,-6.220000000000000000e+02,-4.200000000000000000e+01
1.679988668231658459e+09,1.658400000000000000e+04,5.120000000000000000e+02,-7.840000000000000000e+02,-1.153000000000000000e+03,-6.220000000000000000e+02,-4.200000000000000000e+01
1.679988668231839418e+09,1.658400000000000000e+04,5.120000000000000000e+02,-7.840000000000000000e+02,-1.153000000000000000e+03,-6.220000000000000000e+02,-4.200000000000000000e+01
1.679988668232057095e+09,1.658400000000000000e+04,5.120000000000000000e+02,-7.840000000000000000e+02,-1.153000000000000000e+03,-6.220000000000000000e+02,-4.200000000000000000e+01
1.679988668232241154e+09,1.658400000000000000e+04,5.120000000000000000e+02,-7.840000000000000000e+02,-1.153000000000000000e+03,-6.220000000000000000e+02,-4.200000000000000000e+01
1.679988668232425690e+09,1.658400000000000000e+04,5.120000000000000000e+02,-7.840000000000000000e+02,-1.153000000000000000e+03,-6.220000000000000000e+02,-4.200000000000000000e+01
1.679988668232608557e+09,1.658400000000000000e+04,5.120000000000000000e+02,-7.840000000000000000e+02,-1.153000000000000000e+03,-6.220000000000000000e+02,-4.200000000000000000e+01
1.679988668232789755e+09,1.658400000000000000e+04,5.120000000000000000e+02,-7.840000000000000000e+02,-1.153000000000000000e+03,-6.220000000000000000e+02,-4.200000000000000000e+01
1.679988668233009338e+09,1.658400000000000000e+04,5.120000000000000000e+02,-7.840000000000000000e+02,-1.153000000000000000e+03,-6.220000000000000000e+02,-4.200000000000000000e+01
1.679988668233193636e+09,1.658400000000000000e+04,5.120000000000000000e+02,-7.840000000000000000e+02,-1.153000000000000000e+03,-6.220000000000000000e+02,-4.200000000000000000e+01
1.679988668233375549e+09,1.658400000000000000e+04,5.120000000000000000e+02,-7.840000000000000000e+02,-1.153000000000000000e+03,-6.220000000000000000e+02,-4.200000000000000000e+01
1.679988668233558416e+09,1.658400000000000000e+04,5.120000000000000000e+02,-7.840000000000000000e+02,-1.153000000000000000e+03,-6.220000000000000000e+02,-4.200000000000000000e+01
1.679988668233741999e+09,1.658400000000000000e+04,5.120000000000000000e+02,-7.840000000000000000e+02,-1.153000000000000000e+03,-6.220000000000000000e+02,-4.200000000000000000e+01
1.679988668233925104e+09,1.658400000000000000e+04,5.120000000000000000e+02,-7.840000000000000000e+02,-1.153000000000000000e+03,-6.220000000000000000e+02,-4.200000000000000000e+01
1.679988668234107494e+09,1.658400000000000000e+04,5.120000000000000000e+02,-7.840000000000000000e+02,-1.153000000000000000e+03,-6.220000000000000000e+02,-4.200000000000000000e+01
1.679988668234289885e+09,1.658400000000000000e+04,5.120000000000000000e+02,-7.840000000000000000e+02,-1.153000000000000000e+03,-6.220000000000000000e+02,-4.200000000000000000e+01
1.679988668234472036e+09,1.658400000000000000e+04,5.120000000000000000e+02,-7.840000000000000000e+02,-1.153000000000000000e+03,-6.220000000000000000e+02,-4.200000000000000000e+01
1.679988668234654188e+09,1.658400000000000000e+04,5.120000000000000000e+02,-7.840000000000000000e+02,-1.153000000000000000e+03,-6.220000000000000000e+02,-4.200000000000000000e+01
1.679988668234838247e+09,1.658400000000000000e+04,5.120000000000000000e+02,-7.840000000000000000e+02,-1.153000000000000000e+03,-6.220000000000000000e+02,-4.200000000000000000e+01
1.679988668235020638e+09,1.658400000000000000e+04,5.120000000000000000e+02,-7.840000000000000000e+02,-1.153000000000000000e+03,-6.220000000000000000e+02,-4.200000000000000000e+01
1.679988668235203028e+09,1.658400000000000000e+04,5.120000000000000000e+02,-7.840000000000000000e+02,-1.153000000000000000e+03,-6.220000000000000000e+02,-4.200000000000000000e+01
1.679988668235386372e+09,1.658400000000000000e+04,5.120000000000000000e+02,-7.840000000000000000e+02,-1.153000000000000000e+03,-6.220000000000000000e+02,-4.200000000000000000e+01
1.679988668235591412e+09,1.658400000000000000e+04,5.120000000000000000e+02,-7.840000000000000000e+02,-1.153000000000000000e+03,-6.220000000000000000e+02,-4.200000000000000000e+01
1.679988668235775471e+09,1.658400000000000000e+04,5.120000000000000000e+02,-7.840000000000000000e+02,-1.153000000000000000e+03,-6.220000000000000000e+02,-4.200000000000000000e+01
1.679988668235959291e+09,1.658400000000000000e+04,5.120000000000000000e+02,-7.840000000000000000e+02,-1.153000000000000000e+03,-6.220000000000000000e+02,-4.200000000000000000e+01
1.679988668236142635e+09,1.658400000000000000e+04,5.120000000000000000e+02,-7.840000000000000000e+02,-1.153000000000000000e+03,-6.220000000000000000e+02,-4.200000000000000000e+01
1.679988668236326456e+09,1.658400000000000000e+04,5.120000000000000000e+02,-7.840000000000000000e+02,-1.153000000000000000e+03,-6.220000000000000000e+02,-4.200000000000000000e+01
1.679988668236510992e+09,1.658400000000000000e+04,5.120000000000000000e+02,-7.840000000000000000e+02,-1.153000000000000000e+03,-6.220000000000000000e+02,-4.200000000000000000e+01
1.679988668236694574e+09,1.658400000000000000e+04,5.120000000000000000e+02,-7.840000000000000000e+02,-1.153000000000000000e+03,-6.220000000000000000e+02,-4.200000000000000000e+01
1.679988668236877918e+09,1.658400000000000000e+04,5.120000000000000000e+02,-7.840000000000000000e+02,-1.153000000000000000e+03,-6.220000000000000000e+02,-4.200000000000000000e+01
1.679988668237099171e+09,1.658400000000000000e+04,5.120000000000000000e+02,-7.840000000000000000e+02,-1.153000000000000000e+03,-6.220000000000000000e+02,-4.200000000000000000e+01
1.679988668237281322e+09,1.658400000000000000e+04,5.120000000000000000e+02,-7.840000000000000000e+02,-1.153000000000000000e+03,-6.220000000000000000e+02,-4.200000000000000000e+01
1.679988668237463951e+09,1.658400000000000000e+04,5.120000000000000000e+02,-7.840000000000000000e+02,-1.153000000000000000e+03,-6.220000000000000000e+02,-4.200000000000000000e+01
1.679988668237649441e+09,1.658400000000000000e+04,5.120000000000000000e+02,-7.840000000000000000e+02,-1.153000000000000000e+03,-6.220000000000000000e+02,-4.200000000000000000e+01
1.679988668237830877e+09,1.658400000000000000e+04,5.120000000000000000e+02,-7.840000000000000000e+02,-1.153000000000000000e+03,-6.220000000000000000e+02,-4.200000000000000000e+01
1.679988668238049507e+09,1.658400000000000000e+04,5.120000000000000000e+02,-7.840000000000000000e+02,-1.153000000000000000e+03,-6.220000000000000000e+02,-4.200000000000000000e+01
1.679988668238233089e+09,1.658400000000000000e+04,5.120000000000000000e+02,-7.840000000000000000e+02,-1.153000000000000000e+03,-6.220000000000000000e+02,-4.200000000000000000e+01
1.679988668238415241e+09,1.658400000000000000e+04,5.120000000000000000e+02,-7.840000000000000000e+02,-1.153000000000000000e+03,-6.220000000000000000e+02,-4.200000000000000000e+01
1.679988668238597155e+09,1.658400000000000000e+04,5.120000000000000000e+02,-7.840000000000000000e+02,-1.153000000000000000e+03,-6.220000000000000000e+02,-4.200000000000000000e+01
1.679988668238782644e+09,1.658400000000000000e+04,5.120000000000000000e+02,-7.840000000000000000e+02,-1.153000000000000000e+03,-6.220000000000000000e+02,-4.200000000000000000e+01
1.679988668238966703e+09,1.658400000000000000e+04,5.120000000000000000e+02,-7.840000000000000000e+02,-1.153000000000000000e+03,-6.220000000000000000e+02,-4.200000000000000000e+01
1.679988668239148617e+09,1.658400000000000000e+04,5.120000000000000000e+02,-7.840000000000000000e+02,-1.153000000000000000e+03,-6.220000000000000000e+02,-4.200000000000000000e+01
1.679988668239332199e+09,1.658400000000000000e+04,5.120000000000000000e+02,-7.840000000000000000e+02,-1.153000000000000000e+03,-6.220000000000000000e+02,-4.200000000000000000e+01
1.679988668239516258e+09,1.658400000000000000e+04,5.120000000000000000e+02,-7.840000000000000000e+02,-1.153000000000000000e+03,-6.220000000000000000e+02,-4.200000000000000000e+01
1.679988668239696980e+09,1.658400000000000000e+04,5.120000000000000000e+02,-7.840000000000000000e+02,-1.153000000000000000e+03,-6.220000000000000000e+02,-4.200000000000000000e+01
1.679988668239879847e+09,1.658400000000000000e+04,5.120000000000000000e+02,-7.840000000000000000e+02,-1.153000000000000000e+03,-6.220000000000000000e+02,-4.200000000000000000e+01
1.679988668240061522e+09,1.658400000000000000e+04,5.120000000000000000e+02,-7.840000000000000000e+02,-1.153000000000000000e+03,-6.220000000000000000e+02,-4.200000000000000000e+01
1.679988668240243673e+09,1.658400000000000000e+04,5.120000000000000000e+02,-7.840000000000000000e+02,-1.153000000000000000e+03,-6.220000000000000000e+02,-4.200000000000000000e+01
1.679988668240424156e+09,1.658400000000000000e+04,5.120000000000000000e+02,-7.840000000000000000e+02,-1.153000000000000000e+03,-6.220000000000000000e+02,-4.200000000000000000e+01
1.679988668240605116e+09,1.658400000000000000e+04,5.120000000000000000e+02,-7.840000000000000000e+02,-1.153000000000000000e+03,-6.220000000000000000e+02,-4.200000000000000000e+01
1.679988668240788221e+09,1.658400000000000000e+04,5.120000000000000000e+02,-7.840000000000000000e+02,-1.153000000000000000e+03,-6.220000000000000000e+02,-4.200000000000000000e+01
1.679988668240971565e+09,1.658400000000000000e+04,5.120000000000000000e+02,-7.840000000000000000e+02,-1.153000000000000000e+03,-6.220000000000000000e+02,-4.200000000000000000e+01
1.679988668241153240e+09,1.658400000000000000e+04,5.120000000000000000e+02,-7.840000000000000000e+02,-1.153000000000000000e+03,-6.220000000000000000e+02,-4.200000000000000000e+01
1.679988668241333961e+09,1.658400000000000000e+04,5.120000000000000000e+02,-7.840000000000000000e+02,-1.153000000000000000e+03,-6.220000000000000000e+02,-4.200000000000000000e+01
1.679988668241554022e+09,1.658400000000000000e+04,5.120000000000000000e+02,-7.840000000000000000e+02,-1.153000000000000000e+03,-6.220000000000000000e+02,-4.200000000000000000e+01
1.679988668241738558e+09,1.658400000000000000e+04,5.120000000000000000e+02,-7.840000000000000000e+02,-1.153000000000000000e+03,-6.220000000000000000e+02,-4.200000000000000000e+01
1.679988668241920948e+09,1.658400000000000000e+04,5.120000000000000000e+02,-7.840000000000000000e+02,-1.153000000000000000e+03,-6.220000000000000000e+02,-4.200000000000000000e+01
1.679988668242106438e+09,1.658400000000000000e+04,5.120000000000000000e+02,-7.840000000000000000e+02,-1.153000000000000000e+03,-6.220000000000000000e+02,-4.200000000000000000e+01
1.679988668242289066e+09,1.658400000000000000e+04,5.120000000000000000e+02,-7.840000000000000000e+02,-1.153000000000000000e+03,-6.220000000000000000e+02,-4.200000000000000000e+01
1.679988668242512226e+09,1.658400000000000000e+04,5.120000000000000000e+02,-7.840000000000000000e+02,-1.153000000000000000e+03,-6.220000000000000000e+02,-4.200000000000000000e+01
1.679988668242695332e+09,1.658400000000000000e+04,5.120000000000000000e+02,-7.840000000000000000e+02,-1.153000000000000000e+03,-6.220000000000000000e+02,-4.200000000000000000e+01
1.679988668242877007e+09,1.658400000000000000e+04,5.120000000000000000e+02,-7.840000000000000000e+02,-1.153000000000000000e+03,-6.220000000000000000e+02,-4.200000000000000000e+01
1.679988668243061543e+09,1.658400000000000000e+04,5.120000000000000000e+02,-7.840000000000000000e+02,-1.153000000000000000e+03,-6.220000000000000000e+02,-4.200000000000000000e+01
1.679988668243243694e+09,1.658400000000000000e+04,5.120000000000000000e+02,-7.840000000000000000e+02,-1.153000000000000000e+03,-6.220000000000000000e+02,-4.200000000000000000e+01
1.679988668243426561e+09,1.658400000000000000e+04,5.120000000000000000e+02,-7.840000000000000000e+02,-1.153000000000000000e+03,-6.220000000000000000e+02,-4.200000000000000000e+01
1.679988668243608475e+09,1.658400000000000000e+04,5.120000000000000000e+02,-7.840000000000000000e+02,-1.153000000000000000e+03,-6.220000000000000000e+02,-4.200000000000000000e+01
1.679988668243790627e+09,1.658400000000000000e+04,5.120000000000000000e+02,-7.840000000000000000e+02,-1.153000000000000000e+03,-6.220000000000000000e+02,-4.200000000000000000e+01
1.679988668243973732e+09,1.658400000000000000e+04,5.120000000000000000e+02,-7.840000000000000000e+02,-1.153000000000000000e+03,-6.220000000000000000e+02,-4.200000000000000000e+01
1.679988668244158030e+09,1.658400000000000000e+04,5.120000000000000000e+02,-7.840000000000000000e+02,-1.153000000000000000e+03,-6.220000000000000000e+02,-4.200000000000000000e+01
1.679988668244340897e+09,1.658400000000000000e+04,5.120000000000000000e+02,-7.840000000000000000e+02,-1.153000000000000000e+03,-6.220000000000000000e+02,-4.200000000000000000e+01
1.679988668244524002e+09,1.658400000000000000e+04,5.120000000000000000e+02,-7.840000000000000000e+02,-1.153000000000000000e+03,-6.220000000000000000e+02,-4.200000000000000000e+01
1.679988668244706869e+09,1.658400000000000000e+04,5.120000000000000000e+02,-7.840000000000000000e+02,-1.153000000000000000e+03,-6.220000000000000000e+02,-4.200000000000000000e+01
1.679988668244888544e+09,1.658400000000000000e+04,5.120000000000000000e+02,-7.840000000000000000e+02,-1.153000000000000000e+03,-6.220000000000000000e+02,-4.200000000000000000e+01
1.679988668245071173e+09,1.658400000000000000e+04,5.120000000000000000e+02,-7.840000000000000000e+02,-1.153000000000000000e+03,-6.220000000000000000e+02,-4.200000000000000000e+01
1.679988668245253086e+09,1.658400000000000000e+04,5.120000000000000000e+02,-7.840000000000000000e+02,-1.153000000000000000e+03,-6.220000000000000000e+02,-4.200000000000000000e+01
1.679988668245434761e+09,1.658400000000000000e+04,5.120000000000000000e+02,-7.840000000000000000e+02,-1.153000000000000000e+03,-6.220000000000000000e+02,-4.200000000000000000e+01
1.679988668245648861e+09,1.658400000000000000e+04,5.120000000000000000e+02,-7.840000000000000000e+02,-1.153000000000000000e+03,-6.220000000000000000e+02,-4.200000000000000000e+01
1.679988668245834827e+09,1.658400000000000000e+04,5.120000000000000000e+02,-7.840000000000000000e+02,-1.153000000000000000e+03,-6.220000000000000000e+02,-4.200000000000000000e+01
1.679988668246060133e+09,1.658400000000000000e+04,5.120000000000000000e+02,-7.840000000000000000e+02,-1.153000000000000000e+03,-6.220000000000000000e+02,-4.200000000000000000e+01
1.679988668246243000e+09,1.658400000000000000e+04,5.120000000000000000e+02,-7.840000000000000000e+02,-1.153000000000000000e+03,-6.220000000000000000e+02,-4.200000000000000000e+01
1.679988668246428490e+09,1.658400000000000000e+04,5.120000000000000000e+02,-7.840000000000000000e+02,-1.153000000000000000e+03,-6.220000000000000000e+02,-4.200000000000000000e+01
1.679988668246612310e+09,1.658400000000000000e+04,5.120000000000000000e+02,-7.840000000000000000e+02,-1.153000000000000000e+03,-6.220000000000000000e+02,-4.200000000000000000e+01
1.679988668246794462e+09,1.658400000000000000e+04,5.120000000000000000e+02,-7.840000000000000000e+02,-1.153000000000000000e+03,-6.220000000000000000e+02,-4.200000000000000000e+01
1.679988668247016191e+09,1.658400000000000000e+04,5.120000000000000000e+02,-7.840000000000000000e+02,-1.153000000000000000e+03,-6.220000000000000000e+02,-4.200000000000000000e+01
1.679988668247201443e+09,1.658400000000000000e+04,5.120000000000000000e+02,-7.840000000000000000e+02,-1.153000000000000000e+03,-6.220000000000000000e+02,-4.200000000000000000e+01
1.679988668247383356e+09,1.658400000000000000e+04,5.120000000000000000e+02,-7.840000000000000000e+02,-1.153000000000000000e+03,-6.220000000000000000e+02,-4.200000000000000000e+01
1.679988668247567654e+09,1.658400000000000000e+04,5.120000000000000000e+02,-7.840000000000000000e+02,-1.153000000000000000e+03,-6.220000000000000000e+02,-4.200000000000000000e+01
1.679988668247751474e+09,1.658400000000000000e+04,5.120000000000000000e+02,-7.840000000000000000e+02,-1.153000000000000000e+03,-6.220000000000000000e+02,-4.200000000000000000e+01
1.679988668247934580e+09,1.658400000000000000e+04,5.120000000000000000e+02,-7.840000000000000000e+02,-1.153000000000000000e+03,-6.220000000000000000e+02,-4.200000000000000000e+01
1.679988668248118639e+09,1.658400000000000000e+04,5.120000000000000000e+02,-7.840000000000000000e+02,-1.153000000000000000e+03,-6.220000000000000000e+02,-4.200000000000000000e+01
1.679988668248303890e+09,1.658400000000000000e+04,5.120000000000000000e+02,-7.840000000000000000e+02,-1.153000000000000000e+03,-6.220000000000000000e+02,-4.200000000000000000e+01
1.679988668248486042e+09,1.658400000000000000e+04,5.120000000000000000e+02,-7.840000000000000000e+02,-1.153000000000000000e+03,-6.220000000000000000e+02,-4.200000000000000000e+01
1.679988668248667955e+09,1.658400000000000000e+04,5.120000000000000000e+02,-7.840000000000000000e+02,-1.153000000000000000e+03,-6.220000000000000000e+02,-4.200000000000000000e+01
1.679988668248852253e+09,1.658400000000000000e+04,5.120000000000000000e+02,-7.840000000000000000e+02,-1.153000000000000000e+03,-6.220000000000000000e+02,-4.200000000000000000e+01
1.679988668249034405e+09,1.658400000000000000e+04,5.120000000000000000e+02,-7.840000000000000000e+02,-1.153000000000000000e+03,-6.220000000000000000e+02,-4.200000000000000000e+01
1.679988668249219894e+09,1.658400000000000000e+04,5.120000000000000000e+02,-7.840000000000000000e+02,-1.153000000000000000e+03,-6.220000000000000000e+02,-4.200000000000000000e+01
1.679988668249404192e+09,1.658400000000000000e+04,5.120000000000000000e+02,-7.840000000000000000e+02,-1.153000000000000000e+03,-6.220000000000000000e+02,-4.200000000000000000e+01
1.679988668249585867e+09,1.658400000000000000e+04,5.120000000000000000e+02,-7.840000000000000000e+02,-1.153000000000000000e+03,-6.220000000000000000e+02,-4.200000000000000000e+01
1.679988668249768257e+09,1.658400000000000000e+04,5.120000000000000000e+02,-7.840000000000000000e+02,-1.153000000000000000e+03,-6.220000000000000000e+02,-4.200000000000000000e+01
1.679988668249950647e+09,1.658400000000000000e+04,5.120000000000000000e+02,-7.840000000000000000e+02,-1.153000000000000000e+03,-6.220000000000000000e+02,-4.200000000000000000e+01
1.679988668250133276e+09,1.658400000000000000e+04,5.120000000000000000e+02,-7.840000000000000000e+02,-1.153000000000000000e+03,-6.220000000000000000e+02,-4.200000000000000000e+01
1.679988668250318050e+09,1.658400000000000000e+04,5.120000000000000000e+02,-7.840000000000000000e+02,-1.153000000000000000e+03,-6.220000000000000000e+02,-4.200000000000000000e+01
1.679988668250542164e+09,1.658400000000000000e+04,5.120000000000000000e+02,-7.840000000000000000e+02,-1.153000000000000000e+03,-6.220000000000000000e+02,-4.200000000000000000e+01
1.679988668250725746e+09,1.658400000000000000e+04,5.120000000000000000e+02,-7.840000000000000000e+02,-1.153000000000000000e+03,-6.220000000000000000e+02,-4.200000000000000000e+01
1.679988668250908375e+09,1.658400000000000000e+04,5.120000000000000000e+02,-7.840000000000000000e+02,-1.153000000000000000e+03,-6.220000000000000000e+02,-4.200000000000000000e+01
1.679988668251091957e+09,1.658400000000000000e+04,5.120000000000000000e+02,-7.840000000000000000e+02,-1.153000000000000000e+03,-6.220000000000000000e+02,-4.200000000000000000e+01
1.679988668251276970e+09,1.658400000000000000e+04,5.120000000000000000e+02,-7.840000000000000000e+02,-1.153000000000000000e+03,-6.220000000000000000e+02,-4.200000000000000000e+01
1.679988668251499414e+09,1.658400000000000000e+04,5.120000000000000000e+02,-7.840000000000000000e+02,-1.153000000000000000e+03,-6.220000000000000000e+02,-4.200000000000000000e+01
1.679988668251685143e+09,1.658400000000000000e+04,5.120000000000000000e+02,-7.840000000000000000e+02,-1.153000000000000000e+03,-6.220000000000000000e+02,-4.200000000000000000e+01
1.679988668251868010e+09,1.658400000000000000e+04,5.120000000000000000e+02,-7.840000000000000000e+02,-1.153000000000000000e+03,-6.220000000000000000e+02,-4.200000000000000000e+01
1.679988668252051115e+09,1.658400000000000000e+04,5.120000000000000000e+02,-7.840000000000000000e+02,-1.153000000000000000e+03,-6.220000000000000000e+02,-4.200000000000000000e+01
1.679988668252234459e+09,1.658400000000000000e+04,5.120000000000000000e+02,-7.840000000000000000e+02,-1.153000000000000000e+03,-6.220000000000000000e+02,-4.200000000000000000e+01
1.679988668252418995e+09,1.658400000000000000e+04,5.120000000000000000e+02,-7.840000000000000000e+02,-1.153000000000000000e+03,-6.220000000000000000e+02,-4.200000000000000000e+01
1.679988668252603531e+09,1.658400000000000000e+04,5.120000000000000000e+02,-7.840000000000000000e+02,-1.153000000000000000e+03,-6.220000000000000000e+02,-4.200000000000000000e+01
1.679988668252788067e+09,1.658400000000000000e+04,5.120000000000000000e+02,-7.840000000000000000e+02,-1.153000000000000000e+03,-6.220000000000000000e+02,-4.200000000000000000e+01
1.679988668252971888e+09,1.658400000000000000e+04,5.120000000000000000e+02,-7.840000000000000000e+02,-1.153000000000000000e+03,-6.220000000000000000e+02,-4.200000000000000000e+01
1.679988668253156662e+09,1.658400000000000000e+04,5.120000000000000000e+02,-7.840000000000000000e+02,-1.153000000000000000e+03,-6.220000000000000000e+02,-4.200000000000000000e+01
1.679988668253341913e+09,1.658400000000000000e+04,5.120000000000000000e+02,-7.840000000000000000e+02,-1.153000000000000000e+03,-6.220000000000000000e+02,-4.200000000000000000e+01
1.679988668253526211e+09,1.658400000000000000e+04,5.120000000000000000e+02,-7.840000000000000000e+02,-1.153000000000000000e+03,-6.220000000000000000e+02,-4.200000000000000000e+01
1.679988668253708601e+09,1.658400000000000000e+04,5.120000000000000000e+02,-7.840000000000000000e+02,-1.153000000000000000e+03,-6.220000000000000000e+02,-4.200000000000000000e+01
1.679988668253890753e+09,1.658400000000000000e+04,5.120000000000000000e+02,-7.840000000000000000e+02,-1.153000000000000000e+03,-6.220000000000000000e+02,-4.200000000000000000e+01
1.679988668254074812e+09,1.658400000000000000e+04,5.120000000000000000e+02,-7.840000000000000000e+02,-1.153000000000000000e+03,-6.220000000000000000e+02,-4.200000000000000000e+01
1.679988668254255533e+09,1.658400000000000000e+04,5.120000000000000000e+02,-7.840000000000000000e+02,-1.153000000000000000e+03,-6.220000000000000000e+02,-4.200000000000000000e+01
1.679988668254440546e+09,1.658400000000000000e+04,5.120000000000000000e+02,-7.840000000000000000e+02,-1.153000000000000000e+03,-6.220000000000000000e+02,-4.200000000000000000e+01
1.679988668254624605e+09,1.658400000000000000e+04,5.120000000000000000e+02,-7.840000000000000000e+02,-1.153000000000000000e+03,-6.220000000000000000e+02,-4.200000000000000000e+01
1.679988668254807234e+09,1.658400000000000000e+04,5.120000000000000000e+02,-7.840000000000000000e+02,-1.153000000000000000e+03,-6.220000000000000000e+02,-4.200000000000000000e+01
1.679988668255027533e+09,1.658400000000000000e+04,5.120000000000000000e+02,-7.840000000000000000e+02,-1.153000000000000000e+03,-6.220000000000000000e+02,-4.200000000000000000e+01
1.679988668255212784e+09,1.658400000000000000e+04,5.120000000000000000e+02,-7.840000000000000000e+02,-1.153000000000000000e+03,-6.220000000000000000e+02,-4.200000000000000000e+01
1.679988668255396128e+09,1.658400000000000000e+04,5.120000000000000000e+02,-7.840000000000000000e+02,-1.153000000000000000e+03,-6.220000000000000000e+02,-4.200000000000000000e+01
1.679988668255605459e+09,1.658400000000000000e+04,5.120000000000000000e+02,-7.840000000000000000e+02,-1.153000000000000000e+03,-6.220000000000000000e+02,-4.200000000000000000e+01
1.679988668255791664e+09,1.658400000000000000e+04,5.120000000000000000e+02,-7.840000000000000000e+02,-1.153000000000000000e+03,-6.220000000000000000e+02,-4.200000000000000000e+01
1.679988668256016016e+09,1.658400000000000000e+04,5.120000000000000000e+02,-7.840000000000000000e+02,-1.153000000000000000e+03,-6.220000000000000000e+02,-4.200000000000000000e+01
1.679988668256201506e+09,1.658400000000000000e+04,5.120000000000000000e+02,-7.840000000000000000e+02,-1.153000000000000000e+03,-6.220000000000000000e+02,-4.200000000000000000e+01
1.679988668256386042e+09,1.658400000000000000e+04,5.120000000000000000e+02,-7.840000000000000000e+02,-1.153000000000000000e+03,-6.220000000000000000e+02,-4.200000000000000000e+01
1.679988668256570339e+09,1.658400000000000000e+04,5.120000000000000000e+02,-7.840000000000000000e+02,-1.153000000000000000e+03,-6.220000000000000000e+02,-4.200000000000000000e+01
1.679988668256754637e+09,1.658400000000000000e+04,5.120000000000000000e+02,-7.840000000000000000e+02,-1.153000000000000000e+03,-6.220000000000000000e+02,-4.200000000000000000e+01
1.679988668256938457e+09,1.658400000000000000e+04,5.120000000000000000e+02,-7.840000000000000000e+02,-1.153000000000000000e+03,-6.220000000000000000e+02,-4.200000000000000000e+01
1.679988668257123232e+09,1.658400000000000000e+04,5.120000000000000000e+02,-7.840000000000000000e+02,-1.153000000000000000e+03,-6.220000000000000000e+02,-4.200000000000000000e+01
1.679988668257308722e+09,1.658400000000000000e+04,5.120000000000000000e+02,-7.840000000000000000e+02,-1.153000000000000000e+03,-6.220000000000000000e+02,-4.200000000000000000e+01
1.679988668257491827e+09,1.658400000000000000e+04,5.120000000000000000e+02,-7.840000000000000000e+02,-1.153000000000000000e+03,-6.220000000000000000e+02,-4.200000000000000000e+01
1.679988668257676363e+09,1.658400000000000000e+04,5.120000000000000000e+02,-7.840000000000000000e+02,-1.153000000000000000e+03,-6.220000000000000000e+02,-4.200000000000000000e+01
1.679988668257863522e+09,1.658400000000000000e+04,5.120000000000000000e+02,-7.840000000000000000e+02,-1.153000000000000000e+03,-6.220000000000000000e+02,-4.200000000000000000e+01
1.679988668258046865e+09,1.658400000000000000e+04,5.120000000000000000e+02,-7.840000000000000000e+02,-1.153000000000000000e+03,-6.220000000000000000e+02,-4.200000000000000000e+01
1.679988668258230448e+09,1.658400000000000000e+04,5.120000000000000000e+02,-7.840000000000000000e+02,-1.153000000000000000e+03,-6.220000000000000000e+02,-4.200000000000000000e+01
1.679988668258415222e+09,1.658400000000000000e+04,5.120000000000000000e+02,-7.840000000000000000e+02,-1.153000000000000000e+03,-6.220000000000000000e+02,-4.200000000000000000e+01
1.679988668258598804e+09,1.658400000000000000e+04,5.120000000000000000e+02,-7.840000000000000000e+02,-1.153000000000000000e+03,-6.220000000000000000e+02,-4.200000000000000000e+01
1.679988668258783579e+09,1.658400000000000000e+04,5.120000000000000000e+02,-7.840000000000000000e+02,-1.153000000000000000e+03,-6.220000000000000000e+02,-4.200000000000000000e+01
1.679988668258965969e+09,1.658400000000000000e+04,5.120000000000000000e+02,-7.840000000000000000e+02,-1.153000000000000000e+03,-6.220000000000000000e+02,-4.200000000000000000e+01
1.679988668259148598e+09,1.658400000000000000e+04,5.120000000000000000e+02,-7.840000000000000000e+02,-1.153000000000000000e+03,-6.220000000000000000e+02,-4.200000000000000000e+01
1.679988668259332657e+09,1.658400000000000000e+04,5.120000000000000000e+02,-7.840000000000000000e+02,-1.153000000000000000e+03,-6.220000000000000000e+02,-4.200000000000000000e+01
1.679988668259562492e+09,1.658400000000000000e+04,5.120000000000000000e+02,-7.840000000000000000e+02,-1.153000000000000000e+03,-6.220000000000000000e+02,-4.200000000000000000e+01
1.679988668259747267e+09,1.658400000000000000e+04,5.120000000000000000e+02,-7.840000000000000000e+02,-1.153000000000000000e+03,-6.220000000000000000e+02,-4.200000000000000000e+01
1.679988668259933472e+09,1.658400000000000000e+04,5.120000000000000000e+02,-7.840000000000000000e+02,-1.153000000000000000e+03,-6.220000000000000000e+02,-4.200000000000000000e+01
1.679988668260117531e+09,1.658400000000000000e+04,5.120000000000000000e+02,-7.840000000000000000e+02,-1.153000000000000000e+03,-6.220000000000000000e+02,-4.200000000000000000e+01
1.679988668260302067e+09,1.658400000000000000e+04,5.120000000000000000e+02,-7.840000000000000000e+02,-1.153000000000000000e+03,-6.220000000000000000e+02,-4.200000000000000000e+01
1.679988668260523796e+09,1.658400000000000000e+04,5.120000000000000000e+02,-7.840000000000000000e+02,-1.153000000000000000e+03,-6.220000000000000000e+02,-4.200000000000000000e+01
1.679988668260709286e+09,1.658400000000000000e+04,5.120000000000000000e+02,-7.840000000000000000e+02,-1.153000000000000000e+03,-6.220000000000000000e+02,-4.200000000000000000e+01
1.679988668260894060e+09,1.658400000000000000e+04,5.120000000000000000e+02,-7.840000000000000000e+02,-1.153000000000000000e+03,-6.220000000000000000e+02,-4.200000000000000000e+01
1.679988668261079073e+09,1.658400000000000000e+04,5.120000000000000000e+02,-7.840000000000000000e+02,-1.153000000000000000e+03,-6.220000000000000000e+02,-4.200000000000000000e+01
1.679988668261263371e+09,1.658400000000000000e+04,5.120000000000000000e+02,-7.840000000000000000e+02,-1.153000000000000000e+03,-6.220000000000000000e+02,-4.200000000000000000e+01
1.679988668261445999e+09,1.658400000000000000e+04,5.120000000000000000e+02,-7.840000000000000000e+02,-1.153000000000000000e+03,-6.220000000000000000e+02,-4.200000000000000000e+01
1.679988668261630058e+09,1.658400000000000000e+04,5.120000000000000000e+02,-7.840000000000000000e+02,-1.153000000000000000e+03,-6.220000000000000000e+02,-4.200000000000000000e+01
1.679988668261838675e+09,1.658400000000000000e+04,5.120000000000000000e+02,-7.840000000000000000e+02,-1.153000000000000000e+03,-6.220000000000000000e+02,-4.200000000000000000e+01
1.679988668262059212e+09,1.658400000000000000e+04,5.120000000000000000e+02,-7.840000000000000000e+02,-1.153000000000000000e+03,-6.220000000000000000e+02,-4.200000000000000000e+01
1.679988668262250662e+09,1.658400000000000000e+04,5.120000000000000000e+02,-7.840000000000000000e+02,-1.153000000000000000e+03,-6.220000000000000000e+02,-4.200000000000000000e+01
1.679988668262443066e+09,1.658400000000000000e+04,5.120000000000000000e+02,-7.840000000000000000e+02,-1.153000000000000000e+03,-6.220000000000000000e+02,-4.200000000000000000e+01
1.679988668262628794e+09,1.658400000000000000e+04,5.120000000000000000e+02,-7.840000000000000000e+02,-1.153000000000000000e+03,-6.220000000000000000e+02,-4.200000000000000000e+01
1.679988668262818575e+09,1.658400000000000000e+04,5.120000000000000000e+02,-7.840000000000000000e+02,-1.153000000000000000e+03,-6.220000000000000000e+02,-4.200000000000000000e+01
1.679988668263004303e+09,1.658400000000000000e+04,5.120000000000000000e+02,-7.840000000000000000e+02,-1.153000000000000000e+03,-6.220000000000000000e+02,-4.200000000000000000e+01
1.679988668263189316e+09,1.658400000000000000e+04,5.120000000000000000e+02,-7.840000000000000000e+02,-1.153000000000000000e+03,-6.220000000000000000e+02,-4.200000000000000000e+01
1.679988668263376474e+09,1.658400000000000000e+04,5.120000000000000000e+02,-7.840000000000000000e+02,-1.153000000000000000e+03,-6.220000000000000000e+02,-4.200000000000000000e+01
1.679988668263561964e+09,1.658400000000000000e+04,5.120000000000000000e+02,-7.840000000000000000e+02,-1.153000000000000000e+03,-6.220000000000000000e+02,-4.200000000000000000e+01
1.679988668263746977e+09,1.658400000000000000e+04,5.120000000000000000e+02,-7.840000000000000000e+02,-1.153000000000000000e+03,-6.220000000000000000e+02,-4.200000000000000000e+01
1.679988668263932705e+09,1.658400000000000000e+04,5.120000000000000000e+02,-7.840000000000000000e+02,-1.153000000000000000e+03,-6.220000000000000000e+02,-4.200000000000000000e+01
1.679988668264165640e+09,1.658400000000000000e+04,5.120000000000000000e+02,-7.840000000000000000e+02,-1.153000000000000000e+03,-6.220000000000000000e+02,-4.200000000000000000e+01
1.679988668264353514e+09,1.658400000000000000e+04,5.120000000000000000e+02,-7.840000000000000000e+02,-1.153000000000000000e+03,-6.220000000000000000e+02,-4.200000000000000000e+01
1.679988668264541864e+09,1.658400000000000000e+04,5.120000000000000000e+02,-7.840000000000000000e+02,-1.153000000000000000e+03,-6.220000000000000000e+02,-4.200000000000000000e+01
1.679988668264727592e+09,1.658400000000000000e+04,5.120000000000000000e+02,-7.840000000000000000e+02,-1.153000000000000000e+03,-6.220000000000000000e+02,-4.200000000000000000e+01
1.679988668264914513e+09,1.658400000000000000e+04,5.120000000000000000e+02,-7.840000000000000000e+02,-1.153000000000000000e+03,-6.220000000000000000e+02,-4.200000000000000000e+01
1.679988668265155554e+09,1.658400000000000000e+04,5.120000000000000000e+02,-7.840000000000000000e+02,-1.153000000000000000e+03,-6.220000000000000000e+02,-4.200000000000000000e+01
1.679988668265393734e+09,1.658400000000000000e+04,5.120000000000000000e+02,-7.840000000000000000e+02,-1.153000000000000000e+03,-6.220000000000000000e+02,-4.200000000000000000e+01
1.679988668265619040e+09,1.658400000000000000e+04,5.120000000000000000e+02,-7.840000000000000000e+02,-1.153000000000000000e+03,-6.220000000000000000e+02,-4.200000000000000000e+01
1.679988668265810728e+09,1.658400000000000000e+04,5.120000000000000000e+02,-7.840000000000000000e+02,-1.153000000000000000e+03,-6.220000000000000000e+02,-4.200000000000000000e+01
1.679988668265998840e+09,1.658400000000000000e+04,5.120000000000000000e+02,-7.840000000000000000e+02,-1.153000000000000000e+03,-6.220000000000000000e+02,-4.200000000000000000e+01
1.679988668266186953e+09,1.658400000000000000e+04,5.120000000000000000e+02,-7.840000000000000000e+02,-1.153000000000000000e+03,-6.220000000000000000e+02,-4.200000000000000000e+01
1.679988668266374588e+09,1.658400000000000000e+04,5.120000000000000000e+02,-7.840000000000000000e+02,-1.153000000000000000e+03,-6.220000000000000000e+02,-4.200000000000000000e+01
1.679988668266561985e+09,1.658400000000000000e+04,5.120000000000000000e+02,-7.840000000000000000e+02,-1.153000000000000000e+03,-6.220000000000000000e+02,-4.200000000000000000e+01
1.679988668266746998e+09,1.658400000000000000e+04,5.120000000000000000e+02,-7.840000000000000000e+02,-1.153000000000000000e+03,-6.220000000000000000e+02,-4.200000000000000000e+01
1.679988668266934633e+09,1.658400000000000000e+04,5.120000000000000000e+02,-7.840000000000000000e+02,-1.153000000000000000e+03,-6.220000000000000000e+02,-4.200000000000000000e+01
1.679988668267119169e+09,1.658400000000000000e+04,5.120000000000000000e+02,-7.840000000000000000e+02,-1.153000000000000000e+03,-6.220000000000000000e+02,-4.200000000000000000e+01
1.679988668267305374e+09,1.658400000000000000e+04,5.120000000000000000e+02,-7.840000000000000000e+02,-1.153000000000000000e+03,-6.220000000000000000e+02,-4.200000000000000000e+01
1.679988668267492771e+09,1.658400000000000000e+04,5.120000000000000000e+02,-7.840000000000000000e+02,-1.153000000000000000e+03,-6.220000000000000000e+02,-4.200000000000000000e+01
1.679988668267679214e+09,1.658400000000000000e+04,5.120000000000000000e+02,-7.840000000000000000e+02,-1.153000000000000000e+03,-6.220000000000000000e+02,-4.200000000000000000e+01
1.679988668267865419e+09,1.658400000000000000e+04,5.120000000000000000e+02,-7.840000000000000000e+02,-1.153000000000000000e+03,-6.220000000000000000e+02,-4.200000000000000000e+01
1.679988668268054247e+09,1.658400000000000000e+04,5.120000000000000000e+02,-7.840000000000000000e+02,-1.153000000000000000e+03,-6.220000000000000000e+02,-4.200000000000000000e+01
1.679988668268238068e+09,1.658400000000000000e+04,5.120000000000000000e+02,-7.840000000000000000e+02,-1.153000000000000000e+03,-6.220000000000000000e+02,-4.200000000000000000e+01
1.679988668268424034e+09,1.658400000000000000e+04,5.120000000000000000e+02,-7.840000000000000000e+02,-1.153000000000000000e+03,-6.220000000000000000e+02,-4.200000000000000000e+01
1.679988668268610239e+09,1.658400000000000000e+04,5.120000000000000000e+02,-7.840000000000000000e+02,-1.153000000000000000e+03,-6.220000000000000000e+02,-4.200000000000000000e+01
1.679988668268842936e+09,1.658400000000000000e+04,5.120000000000000000e+02,-7.840000000000000000e+02,-1.153000000000000000e+03,-6.220000000000000000e+02,-4.200000000000000000e+01
1.679988668269031525e+09,1.658400000000000000e+04,5.120000000000000000e+02,-7.840000000000000000e+02,-1.153000000000000000e+03,-6.220000000000000000e+02,-4.200000000000000000e+01
1.679988668269219875e+09,1.658400000000000000e+04,5.120000000000000000e+02,-7.840000000000000000e+02,-1.153000000000000000e+03,-6.220000000000000000e+02,-4.200000000000000000e+01
1.679988668269407511e+09,1.658400000000000000e+04,5.120000000000000000e+02,-7.840000000000000000e+02,-1.153000000000000000e+03,-6.220000000000000000e+02,-4.200000000000000000e+01
1.679988668269593000e+09,1.658400000000000000e+04,5.120000000000000000e+02,-7.840000000000000000e+02,-1.153000000000000000e+03,-6.220000000000000000e+02,-4.200000000000000000e+01
1.679988668269820929e+09,1.658400000000000000e+04,5.120000000000000000e+02,-7.840000000000000000e+02,-1.153000000000000000e+03,-6.220000000000000000e+02,-4.200000000000000000e+01
1.679988668270007133e+09,1.658400000000000000e+04,5.120000000000000000e+02,-7.840000000000000000e+02,-1.153000000000000000e+03,-6.220000000000000000e+02,-4.200000000000000000e+01
1.679988668270193815e+09,1.658400000000000000e+04,5.120000000000000000e+02,-7.840000000000000000e+02,-1.153000000000000000e+03,-6.220000000000000000e+02,-4.200000000000000000e+01
1.679988668270380735e+09,1.658400000000000000e+04,5.120000000000000000e+02,-7.840000000000000000e+02,-1.153000000000000000e+03,-6.220000000000000000e+02,-4.200000000000000000e+01
1.679988668270564795e+09,1.658400000000000000e+04,5.120000000000000000e+02,-7.840000000000000000e+02,-1.153000000000000000e+03,-6.220000000000000000e+02,-4.200000000000000000e+01
1.679988668270749331e+09,1.658400000000000000e+04,5.120000000000000000e+02,-7.840000000000000000e+02,-1.153000000000000000e+03,-6.220000000000000000e+02,-4.200000000000000000e+01
1.679988668270937681e+09,1.658400000000000000e+04,5.120000000000000000e+02,-7.840000000000000000e+02,-1.153000000000000000e+03,-6.220000000000000000e+02,-4.200000000000000000e+01
1.679988668271123886e+09,1.658400000000000000e+04,5.120000000000000000e+02,-7.840000000000000000e+02,-1.153000000000000000e+03,-6.220000000000000000e+02,-4.200000000000000000e+01
1.679988668271309614e+09,1.658400000000000000e+04,5.120000000000000000e+02,-7.840000000000000000e+02,-1.153000000000000000e+03,-6.220000000000000000e+02,-4.200000000000000000e+01
1.679988668271497965e+09,1.658400000000000000e+04,5.120000000000000000e+02,-7.840000000000000000e+02,-1.153000000000000000e+03,-6.220000000000000000e+02,-4.200000000000000000e+01
1.679988668271682024e+09,1.658400000000000000e+04,5.120000000000000000e+02,-7.840000000000000000e+02,-1.153000000000000000e+03,-6.220000000000000000e+02,-4.200000000000000000e+01
1.679988668271865368e+09,1.658400000000000000e+04,5.120000000000000000e+02,-7.840000000000000000e+02,-1.153000000000000000e+03,-6.220000000000000000e+02,-4.200000000000000000e+01
1.679988668272049427e+09,1.658400000000000000e+04,5.120000000000000000e+02,-7.840000000000000000e+02,-1.153000000000000000e+03,-6.220000000000000000e+02,-4.200000000000000000e+01
1.679988668272234678e+09,1.658400000000000000e+04,5.120000000000000000e+02,-7.840000000000000000e+02,-1.153000000000000000e+03,-6.220000000000000000e+02,-4.200000000000000000e+01
1.679988668272419691e+09,1.658400000000000000e+04,5.120000000000000000e+02,-7.840000000000000000e+02,-1.153000000000000000e+03,-6.220000000000000000e+02,-4.200000000000000000e+01
1.679988668272604942e+09,1.658400000000000000e+04,5.120000000000000000e+02,-7.840000000000000000e+02,-1.153000000000000000e+03,-6.220000000000000000e+02,-4.200000000000000000e+01
1.679988668272788763e+09,1.658400000000000000e+04,5.120000000000000000e+02,-7.840000000000000000e+02,-1.153000000000000000e+03,-6.220000000000000000e+02,-4.200000000000000000e+01
1.679988668272974014e+09,1.658400000000000000e+04,5.120000000000000000e+02,-7.840000000000000000e+02,-1.153000000000000000e+03,-6.220000000000000000e+02,-4.200000000000000000e+01
1.679988668273159266e+09,1.658400000000000000e+04,5.120000000000000000e+02,-7.840000000000000000e+02,-1.153000000000000000e+03,-6.220000000000000000e+02,-4.200000000000000000e+01
1.679988668273342609e+09,1.658400000000000000e+04,5.120000000000000000e+02,-7.840000000000000000e+02,-1.153000000000000000e+03,-6.220000000000000000e+02,-4.200000000000000000e+01
1.679988668273525476e+09,1.658400000000000000e+04,5.120000000000000000e+02,-7.840000000000000000e+02,-1.153000000000000000e+03,-6.220000000000000000e+02,-4.200000000000000000e+01
1.679988668273711443e+09,1.658400000000000000e+04,5.120000000000000000e+02,-7.840000000000000000e+02,-1.153000000000000000e+03,-6.220000000000000000e+02,-4.200000000000000000e+01
1.679988668273938179e+09,1.658400000000000000e+04,5.120000000000000000e+02,-7.840000000000000000e+02,-1.153000000000000000e+03,-6.220000000000000000e+02,-4.200000000000000000e+01
1.679988668274123430e+09,1.658400000000000000e+04,5.120000000000000000e+02,-7.840000000000000000e+02,-1.153000000000000000e+03,-6.220000000000000000e+02,-4.200000000000000000e+01
1.679988668274309635e+09,1.658400000000000000e+04,5.120000000000000000e+02,-7.840000000000000000e+02,-1.153000000000000000e+03,-6.220000000000000000e+02,-4.200000000000000000e+01
1.679988668274496078e+09,1.658400000000000000e+04,5.120000000000000000e+02,-7.840000000000000000e+02,-1.153000000000000000e+03,-6.220000000000000000e+02,-4.200000000000000000e+01
1.679988668274681330e+09,1.658400000000000000e+04,5.120000000000000000e+02,-7.840000000000000000e+02,-1.153000000000000000e+03,-6.220000000000000000e+02,-4.200000000000000000e+01
1.679988668274905920e+09,1.658400000000000000e+04,5.120000000000000000e+02,-7.840000000000000000e+02,-1.153000000000000000e+03,-6.220000000000000000e+02,-4.200000000000000000e+01
1.679988668275091648e+09,1.658400000000000000e+04,5.120000000000000000e+02,-7.840000000000000000e+02,-1.153000000000000000e+03,-6.220000000000000000e+02,-4.200000000000000000e+01
1.679988668275277138e+09,1.658400000000000000e+04,5.120000000000000000e+02,-7.840000000000000000e+02,-1.153000000000000000e+03,-6.220000000000000000e+02,-4.200000000000000000e+01
1.679988668275464535e+09,1.658400000000000000e+04,5.120000000000000000e+02,-7.840000000000000000e+02,-1.153000000000000000e+03,-6.220000000000000000e+02,-4.200000000000000000e+01
1.679988668275682449e+09,1.658400000000000000e+04,5.120000000000000000e+02,-7.840000000000000000e+02,-1.153000000000000000e+03,-6.220000000000000000e+02,-4.200000000000000000e+01
1.679988668275868416e+09,1.658400000000000000e+04,5.120000000000000000e+02,-7.840000000000000000e+02,-1.153000000000000000e+03,-6.220000000000000000e+02,-4.200000000000000000e+01
1.679988668276055574e+09,1.658400000000000000e+04,5.120000000000000000e+02,-7.840000000000000000e+02,-1.153000000000000000e+03,-6.220000000000000000e+02,-4.200000000000000000e+01
1.679988668276241302e+09,1.658400000000000000e+04,5.120000000000000000e+02,-7.840000000000000000e+02,-1.153000000000000000e+03,-6.220000000000000000e+02,-4.200000000000000000e+01
1.679988668276427984e+09,1.658400000000000000e+04,5.120000000000000000e+02,-7.840000000000000000e+02,-1.153000000000000000e+03,-6.220000000000000000e+02,-4.200000000000000000e+01
1.679988668276613712e+09,1.658400000000000000e+04,5.120000000000000000e+02,-7.840000000000000000e+02,-1.153000000000000000e+03,-6.220000000000000000e+02,-4.200000000000000000e+01
1.679988668276799679e+09,1.658400000000000000e+04,5.120000000000000000e+02,-7.840000000000000000e+02,-1.153000000000000000e+03,-6.220000000000000000e+02,-4.200000000000000000e+01
1.679988668276983976e+09,1.658400000000000000e+04,5.120000000000000000e+02,-7.840000000000000000e+02,-1.153000000000000000e+03,-6.220000000000000000e+02,-4.200000000000000000e+01
1.679988668277171135e+09,1.658400000000000000e+04,5.120000000000000000e+02,-7.840000000000000000e+02,-1.153000000000000000e+03,-6.220000000000000000e+02,-4.200000000000000000e+01
1.679988668277356386e+09,1.658400000000000000e+04,5.120000000000000000e+02,-7.840000000000000000e+02,-1.153000000000000000e+03,-6.220000000000000000e+02,-4.200000000000000000e+01
1.679988668277541161e+09,1.658400000000000000e+04,5.120000000000000000e+02,-7.840000000000000000e+02,-1.153000000000000000e+03,-6.220000000000000000e+02,-4.200000000000000000e+01
1.679988668277729034e+09,1.658400000000000000e+04,5.120000000000000000e+02,-7.840000000000000000e+02,-1.153000000000000000e+03,-6.220000000000000000e+02,-4.200000000000000000e+01
1.679988668277914047e+09,1.658400000000000000e+04,5.120000000000000000e+02,-7.840000000000000000e+02,-1.153000000000000000e+03,-6.220000000000000000e+02,-4.200000000000000000e+01
1.679988668278098345e+09,1.658400000000000000e+04,5.120000000000000000e+02,-7.840000000000000000e+02,-1.153000000000000000e+03,-6.220000000000000000e+02,-4.200000000000000000e+01
1.679988668278284073e+09,1.658400000000000000e+04,5.120000000000000000e+02,-7.840000000000000000e+02,-1.153000000000000000e+03,-6.220000000000000000e+02,-4.200000000000000000e+01
1.679988668278512478e+09,1.658400000000000000e+04,5.120000000000000000e+02,-7.840000000000000000e+02,-1.153000000000000000e+03,-6.220000000000000000e+02,-4.200000000000000000e+01
1.679988668278699636e+09,1.658400000000000000e+04,5.120000000000000000e+02,-7.840000000000000000e+02,-1.153000000000000000e+03,-6.220000000000000000e+02,-4.200000000000000000e+01
1.679988668278886080e+09,1.658400000000000000e+04,5.120000000000000000e+02,-7.840000000000000000e+02,-1.153000000000000000e+03,-6.220000000000000000e+02,-4.200000000000000000e+01
1.679988668279071331e+09,1.658400000000000000e+04,5.120000000000000000e+02,-7.840000000000000000e+02,-1.153000000000000000e+03,-6.220000000000000000e+02,-4.200000000000000000e+01
1.679988668279255867e+09,1.658400000000000000e+04,5.120000000000000000e+02,-7.840000000000000000e+02,-1.153000000000000000e+03,-6.220000000000000000e+02,-4.200000000000000000e+01
1.679988668279484987e+09,1.658400000000000000e+04,5.120000000000000000e+02,-7.840000000000000000e+02,-1.153000000000000000e+03,-6.220000000000000000e+02,-4.200000000000000000e+01
1.679988668279672861e+09,1.658400000000000000e+04,5.120000000000000000e+02,-7.840000000000000000e+02,-1.153000000000000000e+03,-6.220000000000000000e+02,-4.200000000000000000e+01
1.679988668279859781e+09,1.658400000000000000e+04,5.120000000000000000e+02,-7.840000000000000000e+02,-1.153000000000000000e+03,-6.220000000000000000e+02,-4.200000000000000000e+01
1.679988668280046701e+09,1.658400000000000000e+04,5.120000000000000000e+02,-7.840000000000000000e+02,-1.153000000000000000e+03,-6.220000000000000000e+02,-4.200000000000000000e+01
1.679988668280233383e+09,1.658400000000000000e+04,5.120000000000000000e+02,-7.840000000000000000e+02,-1.153000000000000000e+03,-6.220000000000000000e+02,-4.200000000000000000e+01
1.679988668280417204e+09,1.658400000000000000e+04,5.120000000000000000e+02,-7.840000000000000000e+02,-1.153000000000000000e+03,-6.220000000000000000e+02,-4.200000000000000000e+01
1.679988668280604839e+09,1.658400000000000000e+04,5.120000000000000000e+02,-7.840000000000000000e+02,-1.153000000000000000e+03,-6.220000000000000000e+02,-4.200000000000000000e+01
1.679988668280790329e+09,1.658400000000000000e+04,5.120000000000000000e+02,-7.840000000000000000e+02,-1.153000000000000000e+03,-6.220000000000000000e+02,-4.200000000000000000e+01
1.679988668280975819e+09,1.658400000000000000e+04,5.120000000000000000e+02,-7.840000000000000000e+02,-1.153000000000000000e+03,-6.220000000000000000e+02,-4.200000000000000000e+01
1.679988668281160355e+09,1.658400000000000000e+04,5.120000000000000000e+02,-7.840000000000000000e+02,-1.153000000000000000e+03,-6.220000000000000000e+02,-4.200000000000000000e+01
1.679988668281347275e+09,1.658400000000000000e+04,5.120000000000000000e+02,-7.840000000000000000e+02,-1.153000000000000000e+03,-6.220000000000000000e+02,-4.200000000000000000e+01
1.679988668281529427e+09,1.658400000000000000e+04,5.120000000000000000e+02,-7.840000000000000000e+02,-1.153000000000000000e+03,-6.220000000000000000e+02,-4.200000000000000000e+01
1.679988668281713963e+09,1.658400000000000000e+04,5.120000000000000000e+02,-7.840000000000000000e+02,-1.153000000000000000e+03,-6.220000000000000000e+02,-4.200000000000000000e+01
1.679988668281897545e+09,1.658400000000000000e+04,5.120000000000000000e+02,-7.840000000000000000e+02,-1.153000000000000000e+03,-6.220000000000000000e+02,-4.200000000000000000e+01
1.679988668282081842e+09,1.658400000000000000e+04,5.120000000000000000e+02,-7.840000000000000000e+02,-1.153000000000000000e+03,-6.220000000000000000e+02,-4.200000000000000000e+01
1.679988668282266617e+09,1.658400000000000000e+04,5.120000000000000000e+02,-7.840000000000000000e+02,-1.153000000000000000e+03,-6.220000000000000000e+02,-4.200000000000000000e+01
1.679988668282452822e+09,1.658400000000000000e+04,5.120000000000000000e+02,-7.840000000000000000e+02,-1.153000000000000000e+03,-6.220000000000000000e+02,-4.200000000000000000e+01
1.679988668282637835e+09,1.658400000000000000e+04,5.120000000000000000e+02,-7.840000000000000000e+02,-1.153000000000000000e+03,-6.220000000000000000e+02,-4.200000000000000000e+01
1.679988668282822132e+09,1.658400000000000000e+04,5.120000000000000000e+02,-7.840000000000000000e+02,-1.153000000000000000e+03,-6.220000000000000000e+02,-4.200000000000000000e+01
1.679988668283048153e+09,1.658400000000000000e+04,5.120000000000000000e+02,-7.840000000000000000e+02,-1.153000000000000000e+03,-6.220000000000000000e+02,-4.200000000000000000e+01
1.679988668283235312e+09,1.658400000000000000e+04,5.120000000000000000e+02,-7.840000000000000000e+02,-1.153000000000000000e+03,-6.220000000000000000e+02,-4.200000000000000000e+01
1.679988668283421755e+09,1.658400000000000000e+04,5.120000000000000000e+02,-7.840000000000000000e+02,-1.153000000000000000e+03,-6.220000000000000000e+02,-4.200000000000000000e+01
1.679988668283605576e+09,1.658400000000000000e+04,5.120000000000000000e+02,-7.840000000000000000e+02,-1.153000000000000000e+03,-6.220000000000000000e+02,-4.200000000000000000e+01
1.679988668283792496e+09,1.658400000000000000e+04,5.120000000000000000e+02,-7.840000000000000000e+02,-1.153000000000000000e+03,-6.220000000000000000e+02,-4.200000000000000000e+01
1.679988668284016609e+09,1.658400000000000000e+04,5.120000000000000000e+02,-7.840000000000000000e+02,-1.153000000000000000e+03,-6.220000000000000000e+02,-4.200000000000000000e+01
1.679988668284203529e+09,1.658400000000000000e+04,5.120000000000000000e+02,-7.840000000000000000e+02,-1.153000000000000000e+03,-6.220000000000000000e+02,-4.200000000000000000e+01
1.679988668284386873e+09,1.658400000000000000e+04,5.120000000000000000e+02,-7.840000000000000000e+02,-1.153000000000000000e+03,-6.220000000000000000e+02,-4.200000000000000000e+01
1.679988668284570217e+09,1.658400000000000000e+04,5.120000000000000000e+02,-7.840000000000000000e+02,-1.153000000000000000e+03,-6.220000000000000000e+02,-4.200000000000000000e+01
1.679988668284755468e+09,1.658400000000000000e+04,5.120000000000000000e+02,-7.840000000000000000e+02,-1.153000000000000000e+03,-6.220000000000000000e+02,-4.200000000000000000e+01
1.679988668284939289e+09,1.658400000000000000e+04,5.120000000000000000e+02,-7.840000000000000000e+02,-1.153000000000000000e+03,-6.220000000000000000e+02,-4.200000000000000000e+01
1.679988668285126925e+09,1.658400000000000000e+04,5.120000000000000000e+02,-7.840000000000000000e+02,-1.153000000000000000e+03,-6.220000000000000000e+02,-4.200000000000000000e+01
1.679988668285313368e+09,1.658400000000000000e+04,5.120000000000000000e+02,-7.840000000000000000e+02,-1.153000000000000000e+03,-6.220000000000000000e+02,-4.200000000000000000e+01
1.679988668285535336e+09,1.658400000000000000e+04,5.120000000000000000e+02,-7.840000000000000000e+02,-1.153000000000000000e+03,-6.220000000000000000e+02,-4.200000000000000000e+01
1.679988668285727739e+09,1.658400000000000000e+04,5.120000000000000000e+02,-7.840000000000000000e+02,-1.153000000000000000e+03,-6.220000000000000000e+02,-4.200000000000000000e+01
1.679988668285915852e+09,1.658400000000000000e+04,5.120000000000000000e+02,-7.840000000000000000e+02,-1.153000000000000000e+03,-6.220000000000000000e+02,-4.200000000000000000e+01
1.679988668286099911e+09,1.658400000000000000e+04,5.120000000000000000e+02,-7.840000000000000000e+02,-1.153000000000000000e+03,-6.220000000000000000e+02,-4.200000000000000000e+01
1.679988668286286831e+09,1.658400000000000000e+04,5.120000000000000000e+02,-7.840000000000000000e+02,-1.153000000000000000e+03,-6.220000000000000000e+02,-4.200000000000000000e+01
1.679988668286470175e+09,1.658400000000000000e+04,5.120000000000000000e+02,-7.840000000000000000e+02,-1.153000000000000000e+03,-6.220000000000000000e+02,-4.200000000000000000e+01
1.679988668286655188e+09,1.658400000000000000e+04,5.120000000000000000e+02,-7.840000000000000000e+02,-1.153000000000000000e+03,-6.220000000000000000e+02,-4.200000000000000000e+01
1.679988668286843538e+09,1.658400000000000000e+04,5.120000000000000000e+02,-7.840000000000000000e+02,-1.153000000000000000e+03,-6.220000000000000000e+02,-4.200000000000000000e+01
1.679988668287028074e+09,1.658400000000000000e+04,5.120000000000000000e+02,-7.840000000000000000e+02,-1.153000000000000000e+03,-6.220000000000000000e+02,-4.200000000000000000e+01
1.679988668287214518e+09,1.658400000000000000e+04,5.120000000000000000e+02,-7.840000000000000000e+02,-1.153000000000000000e+03,-6.220000000000000000e+02,-4.200000000000000000e+01
1.679988668287399769e+09,1.658400000000000000e+04,5.120000000000000000e+02,-7.840000000000000000e+02,-1.153000000000000000e+03,-6.220000000000000000e+02,-4.200000000000000000e+01
1.679988668287624598e+09,1.658400000000000000e+04,5.120000000000000000e+02,-7.840000000000000000e+02,-1.153000000000000000e+03,-6.220000000000000000e+02,-4.200000000000000000e+01
1.679988668287810564e+09,1.658400000000000000e+04,5.120000000000000000e+02,-7.840000000000000000e+02,-1.153000000000000000e+03,-6.220000000000000000e+02,-4.200000000000000000e+01
1.679988668287997246e+09,1.658400000000000000e+04,5.120000000000000000e+02,-7.840000000000000000e+02,-1.153000000000000000e+03,-6.220000000000000000e+02,-4.200000000000000000e+01
1.679988668288182497e+09,1.658400000000000000e+04,5.120000000000000000e+02,-7.840000000000000000e+02,-1.153000000000000000e+03,-6.220000000000000000e+02,-4.200000000000000000e+01
1.679988668288369179e+09,1.658400000000000000e+04,5.120000000000000000e+02,-7.840000000000000000e+02,-1.153000000000000000e+03,-6.220000000000000000e+02,-4.200000000000000000e+01
1.679988668288596630e+09,1.658400000000000000e+04,5.120000000000000000e+02,-7.840000000000000000e+02,-1.153000000000000000e+03,-6.220000000000000000e+02,-4.200000000000000000e+01
1.679988668288781404e+09,1.658400000000000000e+04,5.120000000000000000e+02,-7.840000000000000000e+02,-1.153000000000000000e+03,-6.220000000000000000e+02,-4.200000000000000000e+01
1.679988668288965940e+09,1.658400000000000000e+04,5.120000000000000000e+02,-7.840000000000000000e+02,-1.153000000000000000e+03,-6.220000000000000000e+02,-4.200000000000000000e+01
1.679988668289151669e+09,1.658400000000000000e+04,5.120000000000000000e+02,-7.840000000000000000e+02,-1.153000000000000000e+03,-6.220000000000000000e+02,-4.200000000000000000e+01
1.679988668289335728e+09,1.658400000000000000e+04,5.120000000000000000e+02,-7.840000000000000000e+02,-1.153000000000000000e+03,-6.220000000000000000e+02,-4.200000000000000000e+01
1.679988668289519787e+09,1.658400000000000000e+04,5.120000000000000000e+02,-7.840000000000000000e+02,-1.153000000000000000e+03,-6.220000000000000000e+02,-4.200000000000000000e+01
1.679988668289705038e+09,1.658400000000000000e+04,5.120000000000000000e+02,-7.840000000000000000e+02,-1.153000000000000000e+03,-6.220000000000000000e+02,-4.200000000000000000e+01
1.679988668289890528e+09,1.658400000000000000e+04,5.120000000000000000e+02,-7.840000000000000000e+02,-1.153000000000000000e+03,-6.220000000000000000e+02,-4.200000000000000000e+01
1.679988668290073872e+09,1.658400000000000000e+04,5.120000000000000000e+02,-7.840000000000000000e+02,-1.153000000000000000e+03,-6.220000000000000000e+02,-4.200000000000000000e+01
1.679988668290259361e+09,1.658400000000000000e+04,5.120000000000000000e+02,-7.840000000000000000e+02,-1.153000000000000000e+03,-6.220000000000000000e+02,-4.200000000000000000e+01
1.679988668290444613e+09,1.658400000000000000e+04,5.120000000000000000e+02,-7.840000000000000000e+02,-1.153000000000000000e+03,-6.220000000000000000e+02,-4.200000000000000000e+01
1.679988668290630102e+09,1.658400000000000000e+04,5.120000000000000000e+02,-7.840000000000000000e+02,-1.153000000000000000e+03,-6.220000000000000000e+02,-4.200000000000000000e+01
1.679988668290814877e+09,1.658400000000000000e+04,5.120000000000000000e+02,-7.840000000000000000e+02,-1.153000000000000000e+03,-6.220000000000000000e+02,-4.200000000000000000e+01
1.679988668290998697e+09,1.658400000000000000e+04,5.120000000000000000e+02,-7.840000000000000000e+02,-1.153000000000000000e+03,-6.220000000000000000e+02,-4.200000000000000000e+01
1.679988668291180849e+09,1.658400000000000000e+04,5.120000000000000000e+02,-7.840000000000000000e+02,-1.153000000000000000e+03,-6.220000000000000000e+02,-4.200000000000000000e+01
1.679988668291366100e+09,1.658400000000000000e+04,5.120000000000000000e+02,-7.840000000000000000e+02,-1.153000000000000000e+03,-6.220000000000000000e+02,-4.200000000000000000e+01
1.679988668291549444e+09,1.658400000000000000e+04,5.120000000000000000e+02,-7.840000000000000000e+02,-1.153000000000000000e+03,-6.220000000000000000e+02,-4.200000000000000000e+01
1.679988668291734457e+09,1.658400000000000000e+04,5.120000000000000000e+02,-7.840000000000000000e+02,-1.153000000000000000e+03,-6.220000000000000000e+02,-4.200000000000000000e+01
1.679988668291921616e+09,1.658400000000000000e+04,5.120000000000000000e+02,-7.840000000000000000e+02,-1.153000000000000000e+03,-6.220000000000000000e+02,-4.200000000000000000e+01
1.679988668292144537e+09,1.658400000000000000e+04,5.120000000000000000e+02,-7.840000000000000000e+02,-1.153000000000000000e+03,-6.220000000000000000e+02,-4.200000000000000000e+01
1.679988668292332888e+09,1.658400000000000000e+04,5.120000000000000000e+02,-7.840000000000000000e+02,-1.153000000000000000e+03,-6.220000000000000000e+02,-4.200000000000000000e+01
1.679988668292521954e+09,1.658400000000000000e+04,5.120000000000000000e+02,-7.840000000000000000e+02,-1.153000000000000000e+03,-6.220000000000000000e+02,-4.200000000000000000e+01
1.679988668292707443e+09,1.658400000000000000e+04,5.120000000000000000e+02,-7.840000000000000000e+02,-1.153000000000000000e+03,-6.220000000000000000e+02,-4.200000000000000000e+01
1.679988668292891741e+09,1.658400000000000000e+04,5.120000000000000000e+02,-7.840000000000000000e+02,-1.153000000000000000e+03,-6.220000000000000000e+02,-4.200000000000000000e+01
1.679988668293121099e+09,1.658400000000000000e+04,5.120000000000000000e+02,-7.840000000000000000e+02,-1.153000000000000000e+03,-6.220000000000000000e+02,-4.200000000000000000e+01
1.679988668293308973e+09,1.658400000000000000e+04,5.120000000000000000e+02,-7.840000000000000000e+02,-1.153000000000000000e+03,-6.220000000000000000e+02,-4.200000000000000000e+01
1.679988668293494225e+09,1.658400000000000000e+04,5.120000000000000000e+02,-7.840000000000000000e+02,-1.153000000000000000e+03,-6.220000000000000000e+02,-4.200000000000000000e+01
1.679988668293681622e+09,1.658400000000000000e+04,5.120000000000000000e+02,-7.840000000000000000e+02,-1.153000000000000000e+03,-6.220000000000000000e+02,-4.200000000000000000e+01
1.679988668293867350e+09,1.658400000000000000e+04,5.120000000000000000e+02,-7.840000000000000000e+02,-1.153000000000000000e+03,-6.220000000000000000e+02,-4.200000000000000000e+01
1.679988668294052601e+09,1.658400000000000000e+04,5.120000000000000000e+02,-7.840000000000000000e+02,-1.153000000000000000e+03,-6.220000000000000000e+02,-4.200000000000000000e+01
1.679988668294239759e+09,1.658400000000000000e+04,5.120000000000000000e+02,-7.840000000000000000e+02,-1.153000000000000000e+03,-6.220000000000000000e+02,-4.200000000000000000e+01
1.679988668294428110e+09,1.658400000000000000e+04,5.120000000000000000e+02,-7.840000000000000000e+02,-1.153000000000000000e+03,-6.220000000000000000e+02,-4.200000000000000000e+01
1.679988668294613838e+09,1.658400000000000000e+04,5.120000000000000000e+02,-7.840000000000000000e+02,-1.153000000000000000e+03,-6.220000000000000000e+02,-4.200000000000000000e+01
1.679988668294798136e+09,1.658400000000000000e+04,5.120000000000000000e+02,-7.840000000000000000e+02,-1.153000000000000000e+03,-6.220000000000000000e+02,-4.200000000000000000e+01
1.679988668294984818e+09,1.658400000000000000e+04,5.120000000000000000e+02,-7.840000000000000000e+02,-1.153000000000000000e+03,-6.220000000000000000e+02,-4.200000000000000000e+01
1.679988668295168400e+09,1.658400000000000000e+04,5.120000000000000000e+02,-7.840000000000000000e+02,-1.153000000000000000e+03,-6.220000000000000000e+02,-4.200000000000000000e+01
1.679988668295353889e+09,1.658400000000000000e+04,5.120000000000000000e+02,-7.840000000000000000e+02,-1.153000000000000000e+03,-6.220000000000000000e+02,-4.200000000000000000e+01
1.679988668295567274e+09,1.658400000000000000e+04,5.120000000000000000e+02,-7.840000000000000000e+02,-1.153000000000000000e+03,-6.220000000000000000e+02,-4.200000000000000000e+01
1.679988668295754433e+09,1.658400000000000000e+04,5.120000000000000000e+02,-7.840000000000000000e+02,-1.153000000000000000e+03,-6.220000000000000000e+02,-4.200000000000000000e+01
1.679988668295940399e+09,1.658400000000000000e+04,5.120000000000000000e+02,-7.840000000000000000e+02,-1.153000000000000000e+03,-6.220000000000000000e+02,-4.200000000000000000e+01
1.679988668296126604e+09,1.658400000000000000e+04,5.120000000000000000e+02,-7.840000000000000000e+02,-1.153000000000000000e+03,-6.220000000000000000e+02,-4.200000000000000000e+01
1.679988668296310186e+09,1.658400000000000000e+04,5.120000000000000000e+02,-7.840000000000000000e+02,-1.153000000000000000e+03,-6.220000000000000000e+02,-4.200000000000000000e+01
1.679988668296496868e+09,1.658400000000000000e+04,5.120000000000000000e+02,-7.840000000000000000e+02,-1.153000000000000000e+03,-6.220000000000000000e+02,-4.200000000000000000e+01
1.679988668296724081e+09,1.658400000000000000e+04,5.120000000000000000e+02,-7.840000000000000000e+02,-1.153000000000000000e+03,-6.220000000000000000e+02,-4.200000000000000000e+01
1.679988668296909809e+09,1.658400000000000000e+04,5.120000000000000000e+02,-7.840000000000000000e+02,-1.153000000000000000e+03,-6.220000000000000000e+02,-4.200000000000000000e+01
1.679988668297094822e+09,1.658400000000000000e+04,5.120000000000000000e+02,-7.840000000000000000e+02,-1.153000000000000000e+03,-6.220000000000000000e+02,-4.200000000000000000e+01
1.679988668297281504e+09,1.658400000000000000e+04,5.120000000000000000e+02,-7.840000000000000000e+02,-1.153000000000000000e+03,-6.220000000000000000e+02,-4.200000000000000000e+01
1.679988668297466040e+09,1.658400000000000000e+04,5.120000000000000000e+02,-7.840000000000000000e+02,-1.153000000000000000e+03,-6.220000000000000000e+02,-4.200000000000000000e+01
1.679988668297704458e+09,1.658400000000000000e+04,5.120000000000000000e+02,-7.840000000000000000e+02,-1.153000000000000000e+03,-6.220000000000000000e+02,-4.200000000000000000e+01
1.679988668297889948e+09,1.658400000000000000e+04,5.120000000000000000e+02,-7.840000000000000000e+02,-1.153000000000000000e+03,-6.220000000000000000e+02,-4.200000000000000000e+01
1.679988668298076630e+09,1.658400000000000000e+04,5.120000000000000000e+02,-7.840000000000000000e+02,-1.153000000000000000e+03,-6.220000000000000000e+02,-4.200000000000000000e+01
1.679988668298264980e+09,1.658400000000000000e+04,5.120000000000000000e+02,-7.840000000000000000e+02,-1.153000000000000000e+03,-6.220000000000000000e+02,-4.200000000000000000e+01
1.679988668298450470e+09,1.658400000000000000e+04,5.120000000000000000e+02,-7.840000000000000000e+02,-1.153000000000000000e+03,-6.220000000000000000e+02,-4.200000000000000000e+01
1.679988668298636198e+09,1.658400000000000000e+04,5.120000000000000000e+02,-7.840000000000000000e+02,-1.153000000000000000e+03,-6.220000000000000000e+02,-4.200000000000000000e+01
1.679988668298824787e+09,1.658400000000000000e+04,5.120000000000000000e+02,-7.840000000000000000e+02,-1.153000000000000000e+03,-6.220000000000000000e+02,-4.200000000000000000e+01
1.679988668299010038e+09,1.658400000000000000e+04,5.120000000000000000e+02,-7.840000000000000000e+02,-1.153000000000000000e+03,-6.220000000000000000e+02,-4.200000000000000000e+01
1.679988668299196005e+09,1.658400000000000000e+04,5.120000000000000000e+02,-7.840000000000000000e+02,-1.153000000000000000e+03,-6.220000000000000000e+02,-4.200000000000000000e+01
1.679988668299383879e+09,1.658400000000000000e+04,5.120000000000000000e+02,-7.840000000000000000e+02,-1.153000000000000000e+03,-6.220000000000000000e+02,-4.200000000000000000e+01
1.679988668299567223e+09,1.658400000000000000e+04,5.120000000000000000e+02,-7.840000000000000000e+02,-1.153000000000000000e+03,-6.220000000000000000e+02,-4.200000000000000000e+01
1.679988668299752951e+09,1.658400000000000000e+04,5.120000000000000000e+02,-7.840000000000000000e+02,-1.153000000000000000e+03,-6.220000000000000000e+02,-4.200000000000000000e+01
1.679988668299939871e+09,1.658400000000000000e+04,5.120000000000000000e+02,-7.840000000000000000e+02,-1.153000000000000000e+03,-6.220000000000000000e+02,-4.200000000000000000e+01
1.679988668300125360e+09,1.658400000000000000e+04,5.120000000000000000e+02,-7.840000000000000000e+02,-1.153000000000000000e+03,-6.220000000000000000e+02,-4.200000000000000000e+01
1.679988668300310612e+09,1.658400000000000000e+04,5.120000000000000000e+02,-7.840000000000000000e+02,-1.153000000000000000e+03,-6.220000000000000000e+02,-4.200000000000000000e+01
1.679988668300498486e+09,1.658400000000000000e+04,5.120000000000000000e+02,-7.840000000000000000e+02,-1.153000000000000000e+03,-6.220000000000000000e+02,-4.200000000000000000e+01
1.679988668300683975e+09,1.658400000000000000e+04,5.120000000000000000e+02,-7.840000000000000000e+02,-1.153000000000000000e+03,-6.220000000000000000e+02,-4.200000000000000000e+01
1.679988668300868511e+09,1.658400000000000000e+04,5.120000000000000000e+02,-7.840000000000000000e+02,-1.153000000000000000e+03,-6.220000000000000000e+02,-4.200000000000000000e+01
1.679988668301054716e+09,1.658400000000000000e+04,5.120000000000000000e+02,-7.840000000000000000e+02,-1.153000000000000000e+03,-6.220000000000000000e+02,-4.200000000000000000e+01
1.679988668301279783e+09,1.658400000000000000e+04,5.120000000000000000e+02,-7.840000000000000000e+02,-1.153000000000000000e+03,-6.220000000000000000e+02,-4.200000000000000000e+01
1.679988668301468849e+09,1.658400000000000000e+04,5.120000000000000000e+02,-7.840000000000000000e+02,-1.153000000000000000e+03,-6.220000000000000000e+02,-4.200000000000000000e+01
1.679988668301655293e+09,1.658400000000000000e+04,5.120000000000000000e+02,-7.840000000000000000e+02,-1.153000000000000000e+03,-6.220000000000000000e+02,-4.200000000000000000e+01
1.679988668301840305e+09,1.658400000000000000e+04,5.120000000000000000e+02,-7.840000000000000000e+02,-1.153000000000000000e+03,-6.220000000000000000e+02,-4.200000000000000000e+01
1.679988668302023172e+09,1.658400000000000000e+04,5.120000000000000000e+02,-7.840000000000000000e+02,-1.153000000000000000e+03,-6.220000000000000000e+02,-4.200000000000000000e+01
1.679988668302252054e+09,1.658400000000000000e+04,5.120000000000000000e+02,-7.840000000000000000e+02,-1.153000000000000000e+03,-6.220000000000000000e+02,-4.200000000000000000e+01
1.679988668302437305e+09,1.658400000000000000e+04,5.120000000000000000e+02,-7.840000000000000000e+02,-1.153000000000000000e+03,-6.220000000000000000e+02,-4.200000000000000000e+01
1.679988668302622795e+09,1.658400000000000000e+04,5.120000000000000000e+02,-7.840000000000000000e+02,-1.153000000000000000e+03,-6.220000000000000000e+02,-4.200000000000000000e+01
1.679988668302810431e+09,1.658400000000000000e+04,5.120000000000000000e+02,-7.840000000000000000e+02,-1.153000000000000000e+03,-6.220000000000000000e+02,-4.200000000000000000e+01
1.679988668302996397e+09,1.658400000000000000e+04,5.120000000000000000e+02,-7.840000000000000000e+02,-1.153000000000000000e+03,-6.220000000000000000e+02,-4.200000000000000000e+01
1.679988668303181648e+09,1.658400000000000000e+04,5.120000000000000000e+02,-7.840000000000000000e+02,-1.153000000000000000e+03,-6.220000000000000000e+02,-4.200000000000000000e+01
1.679988668303366184e+09,1.658400000000000000e+04,5.120000000000000000e+02,-7.840000000000000000e+02,-1.153000000000000000e+03,-6.220000000000000000e+02,-4.200000000000000000e+01
1.679988668303551197e+09,1.658400000000000000e+04,5.120000000000000000e+02,-7.840000000000000000e+02,-1.153000000000000000e+03,-6.220000000000000000e+02,-4.200000000000000000e+01
1.679988668303735495e+09,1.658400000000000000e+04,5.120000000000000000e+02,-7.840000000000000000e+02,-1.153000000000000000e+03,-6.220000000000000000e+02,-4.200000000000000000e+01
1.679988668303919792e+09,1.658400000000000000e+04,5.120000000000000000e+02,-7.840000000000000000e+02,-1.153000000000000000e+03,-6.220000000000000000e+02,-4.200000000000000000e+01
1.679988668304105520e+09,1.658400000000000000e+04,5.120000000000000000e+02,-7.840000000000000000e+02,-1.153000000000000000e+03,-6.220000000000000000e+02,-4.200000000000000000e+01
1.679988668304290533e+09,1.658400000000000000e+04,5.120000000000000000e+02,-7.840000000000000000e+02,-1.153000000000000000e+03,-6.220000000000000000e+02,-4.200000000000000000e+01
1.679988668304476500e+09,1.658400000000000000e+04,5.120000000000000000e+02,-7.840000000000000000e+02,-1.153000000000000000e+03,-6.220000000000000000e+02,-4.200000000000000000e+01
1.679988668304660797e+09,1.658400000000000000e+04,5.120000000000000000e+02,-7.840000000000000000e+02,-1.153000000000000000e+03,-6.220000000000000000e+02,-4.200000000000000000e+01
1.679988668304845810e+09,1.658400000000000000e+04,5.120000000000000000e+02,-7.840000000000000000e+02,-1.153000000000000000e+03,-6.220000000000000000e+02,-4.200000000000000000e+01
1.679988668305032730e+09,1.658400000000000000e+04,5.120000000000000000e+02,-7.840000000000000000e+02,-1.153000000000000000e+03,-6.220000000000000000e+02,-4.200000000000000000e+01
1.679988668305217266e+09,1.658400000000000000e+04,5.120000000000000000e+02,-7.840000000000000000e+02,-1.153000000000000000e+03,-6.220000000000000000e+02,-4.200000000000000000e+01
1.679988668305401087e+09,1.658400000000000000e+04,5.120000000000000000e+02,-7.840000000000000000e+02,-1.153000000000000000e+03,-6.220000000000000000e+02,-4.200000000000000000e+01
1.679988668305634737e+09,1.658400000000000000e+04,5.120000000000000000e+02,-7.840000000000000000e+02,-1.153000000000000000e+03,-6.220000000000000000e+02,-4.200000000000000000e+01
1.679988668305863142e+09,1.658400000000000000e+04,5.120000000000000000e+02,-7.840000000000000000e+02,-1.153000000000000000e+03,-6.220000000000000000e+02,-4.200000000000000000e+01
1.679988668306055307e+09,1.658400000000000000e+04,5.120000000000000000e+02,-7.840000000000000000e+02,-1.153000000000000000e+03,-6.220000000000000000e+02,-4.200000000000000000e+01
1.679988668306244135e+09,1.658400000000000000e+04,5.120000000000000000e+02,-7.840000000000000000e+02,-1.153000000000000000e+03,-6.220000000000000000e+02,-4.200000000000000000e+01
1.679988668306430817e+09,1.658400000000000000e+04,5.120000000000000000e+02,-7.840000000000000000e+02,-1.153000000000000000e+03,-6.220000000000000000e+02,-4.200000000000000000e+01
1.679988668306617498e+09,1.658400000000000000e+04,5.120000000000000000e+02,-7.840000000000000000e+02,-1.153000000000000000e+03,-6.220000000000000000e+02,-4.200000000000000000e+01
1.679988668306853056e+09,1.658400000000000000e+04,5.120000000000000000e+02,-7.840000000000000000e+02,-1.153000000000000000e+03,-6.220000000000000000e+02,-4.200000000000000000e+01
1.679988668307043076e+09,1.658400000000000000e+04,5.120000000000000000e+02,-7.840000000000000000e+02,-1.153000000000000000e+03,-6.220000000000000000e+02,-4.200000000000000000e+01
1.679988668307231665e+09,1.658400000000000000e+04,5.120000000000000000e+02,-7.840000000000000000e+02,-1.153000000000000000e+03,-6.220000000000000000e+02,-4.200000000000000000e+01
1.679988668307418823e+09,1.658400000000000000e+04,5.120000000000000000e+02,-7.840000000000000000e+02,-1.153000000000000000e+03,-6.220000000000000000e+02,-4.200000000000000000e+01
1.679988668307608604e+09,1.658400000000000000e+04,5.120000000000000000e+02,-7.840000000000000000e+02,-1.153000000000000000e+03,-6.220000000000000000e+02,-4.200000000000000000e+01
1.679988668307796240e+09,1.658400000000000000e+04,5.120000000000000000e+02,-7.840000000000000000e+02,-1.153000000000000000e+03,-6.220000000000000000e+02,-4.200000000000000000e+01
1.679988668307981253e+09,1.658400000000000000e+04,5.120000000000000000e+02,-7.840000000000000000e+02,-1.153000000000000000e+03,-6.220000000000000000e+02,-4.200000000000000000e+01
1.679988668308169127e+09,1.658400000000000000e+04,5.120000000000000000e+02,-7.840000000000000000e+02,-1.153000000000000000e+03,-6.220000000000000000e+02,-4.200000000000000000e+01
1.679988668308355093e+09,1.658400000000000000e+04,5.120000000000000000e+02,-7.840000000000000000e+02,-1.153000000000000000e+03,-6.220000000000000000e+02,-4.200000000000000000e+01
1.679988668308540344e+09,1.658400000000000000e+04,5.120000000000000000e+02,-7.840000000000000000e+02,-1.153000000000000000e+03,-6.220000000000000000e+02,-4.200000000000000000e+01
1.679988668308726311e+09,1.658400000000000000e+04,5.120000000000000000e+02,-7.840000000000000000e+02,-1.153000000000000000e+03,-6.220000000000000000e+02,-4.200000000000000000e+01
1.679988668308913231e+09,1.658400000000000000e+04,5.120000000000000000e+02,-7.840000000000000000e+02,-1.153000000000000000e+03,-6.220000000000000000e+02,-4.200000000000000000e+01
1.679988668309096813e+09,1.658400000000000000e+04,5.120000000000000000e+02,-7.840000000000000000e+02,-1.153000000000000000e+03,-6.220000000000000000e+02,-4.200000000000000000e+01
1.679988668309283733e+09,1.658400000000000000e+04,5.120000000000000000e+02,-7.840000000000000000e+02,-1.153000000000000000e+03,-6.220000000000000000e+02,-4.200000000000000000e+01
1.679988668309468508e+09,1.658400000000000000e+04,5.120000000000000000e+02,-7.840000000000000000e+02,-1.153000000000000000e+03,-6.220000000000000000e+02,-4.200000000000000000e+01
1.679988668309653759e+09,1.658400000000000000e+04,5.120000000000000000e+02,-7.840000000000000000e+02,-1.153000000000000000e+03,-6.220000000000000000e+02,-4.200000000000000000e+01
1.679988668309842348e+09,1.658400000000000000e+04,5.120000000000000000e+02,-7.840000000000000000e+02,-1.153000000000000000e+03,-6.220000000000000000e+02,-4.200000000000000000e+01
1.679988668310028553e+09,1.658400000000000000e+04,5.120000000000000000e+02,-7.840000000000000000e+02,-1.153000000000000000e+03,-6.220000000000000000e+02,-4.200000000000000000e+01
1.679988668310217619e+09,1.658400000000000000e+04,5.120000000000000000e+02,-7.840000000000000000e+02,-1.153000000000000000e+03,-6.220000000000000000e+02,-4.200000000000000000e+01
1.679988668310403824e+09,1.658400000000000000e+04,5.120000000000000000e+02,-7.840000000000000000e+02,-1.153000000000000000e+03,-6.220000000000000000e+02,-4.200000000000000000e+01
1.679988668310590982e+09,1.658400000000000000e+04,5.120000000000000000e+02,-7.840000000000000000e+02,-1.153000000000000000e+03,-6.220000000000000000e+02,-4.200000000000000000e+01
1.679988668310776234e+09,1.658400000000000000e+04,5.120000000000000000e+02,-7.840000000000000000e+02,-1.153000000000000000e+03,-6.220000000000000000e+02,-4.200000000000000000e+01
1.679988668310999393e+09,1.658400000000000000e+04,5.120000000000000000e+02,-7.840000000000000000e+02,-1.153000000000000000e+03,-6.220000000000000000e+02,-4.200000000000000000e+01
1.679988668311189413e+09,1.658400000000000000e+04,5.120000000000000000e+02,-7.840000000000000000e+02,-1.153000000000000000e+03,-6.220000000000000000e+02,-4.200000000000000000e+01
1.679988668311375141e+09,1.658400000000000000e+04,5.120000000000000000e+02,-7.840000000000000000e+02,-1.153000000000000000e+03,-6.220000000000000000e+02,-4.200000000000000000e+01
1.679988668311563015e+09,1.658400000000000000e+04,5.120000000000000000e+02,-7.840000000000000000e+02,-1.153000000000000000e+03,-6.220000000000000000e+02,-4.200000000000000000e+01
1.679988668311748028e+09,1.658400000000000000e+04,5.120000000000000000e+02,-7.840000000000000000e+02,-1.153000000000000000e+03,-6.220000000000000000e+02,-4.200000000000000000e+01
1.679988668311974764e+09,1.658400000000000000e+04,5.120000000000000000e+02,-7.840000000000000000e+02,-1.153000000000000000e+03,-6.220000000000000000e+02,-4.200000000000000000e+01
1.679988668312163830e+09,1.658400000000000000e+04,5.120000000000000000e+02,-7.840000000000000000e+02,-1.153000000000000000e+03,-6.220000000000000000e+02,-4.200000000000000000e+01
1.679988668312350273e+09,1.658400000000000000e+04,5.120000000000000000e+02,-7.840000000000000000e+02,-1.153000000000000000e+03,-6.220000000000000000e+02,-4.200000000000000000e+01
1.679988668312536716e+09,1.658400000000000000e+04,5.120000000000000000e+02,-7.840000000000000000e+02,-1.153000000000000000e+03,-6.220000000000000000e+02,-4.200000000000000000e+01
1.679988668312725067e+09,1.658400000000000000e+04,5.120000000000000000e+02,-7.840000000000000000e+02,-1.153000000000000000e+03,-6.220000000000000000e+02,-4.200000000000000000e+01
1.679988668312911510e+09,1.658400000000000000e+04,5.120000000000000000e+02,-7.840000000000000000e+02,-1.153000000000000000e+03,-6.220000000000000000e+02,-4.200000000000000000e+01
1.679988668313097477e+09,1.658400000000000000e+04,5.120000000000000000e+02,-7.840000000000000000e+02,-1.153000000000000000e+03,-6.220000000000000000e+02,-4.200000000000000000e+01
1.679988668313283682e+09,1.658400000000000000e+04,5.120000000000000000e+02,-7.840000000000000000e+02,-1.153000000000000000e+03,-6.220000000000000000e+02,-4.200000000000000000e+01
1.679988668313469410e+09,1.658400000000000000e+04,5.120000000000000000e+02,-7.840000000000000000e+02,-1.153000000000000000e+03,-6.220000000000000000e+02,-4.200000000000000000e+01
1.679988668313653946e+09,1.658400000000000000e+04,5.120000000000000000e+02,-7.840000000000000000e+02,-1.153000000000000000e+03,-6.220000000000000000e+02,-4.200000000000000000e+01
1.679988668313841105e+09,1.658400000000000000e+04,5.120000000000000000e+02,-7.840000000000000000e+02,-1.153000000000000000e+03,-6.220000000000000000e+02,-4.200000000000000000e+01
1.679988668314024925e+09,1.658400000000000000e+04,5.120000000000000000e+02,-7.840000000000000000e+02,-1.153000000000000000e+03,-6.220000000000000000e+02,-4.200000000000000000e+01
1.679988668314208984e+09,1.658400000000000000e+04,5.120000000000000000e+02,-7.840000000000000000e+02,-1.153000000000000000e+03,-6.220000000000000000e+02,-4.200000000000000000e+01
1.679988668314397812e+09,1.658400000000000000e+04,5.120000000000000000e+02,-7.840000000000000000e+02,-1.153000000000000000e+03,-6.220000000000000000e+02,-4.200000000000000000e+01
1.679988668314584732e+09,1.658400000000000000e+04,5.120000000000000000e+02,-7.840000000000000000e+02,-1.153000000000000000e+03,-6.220000000000000000e+02,-4.200000000000000000e+01
1.679988668314769268e+09,1.658400000000000000e+04,5.120000000000000000e+02,-7.840000000000000000e+02,-1.153000000000000000e+03,-6.220000000000000000e+02,-4.200000000000000000e+01
1.679988668314953804e+09,1.658400000000000000e+04,5.120000000000000000e+02,-7.840000000000000000e+02,-1.153000000000000000e+03,-6.220000000000000000e+02,-4.200000000000000000e+01
1.679988668315143108e+09,1.658400000000000000e+04,5.120000000000000000e+02,-7.840000000000000000e+02,-1.153000000000000000e+03,-6.220000000000000000e+02,-4.200000000000000000e+01
1.679988668315328836e+09,1.658400000000000000e+04,5.120000000000000000e+02,-7.840000000000000000e+02,-1.153000000000000000e+03,-6.220000000000000000e+02,-4.200000000000000000e+01
1.679988668315586805e+09,1.658400000000000000e+04,5.120000000000000000e+02,-7.840000000000000000e+02,-1.153000000000000000e+03,-6.220000000000000000e+02,-4.200000000000000000e+01
1.679988668315786600e+09,1.658400000000000000e+04,5.120000000000000000e+02,-7.840000000000000000e+02,-1.153000000000000000e+03,-6.220000000000000000e+02,-4.200000000000000000e+01
1.679988668315974951e+09,1.658400000000000000e+04,5.120000000000000000e+02,-7.840000000000000000e+02,-1.153000000000000000e+03,-6.220000000000000000e+02,-4.200000000000000000e+01
1.679988668316162825e+09,1.658400000000000000e+04,5.120000000000000000e+02,-7.840000000000000000e+02,-1.153000000000000000e+03,-6.220000000000000000e+02,-4.200000000000000000e+01
1.679988668316351175e+09,1.658400000000000000e+04,5.120000000000000000e+02,-7.840000000000000000e+02,-1.153000000000000000e+03,-6.220000000000000000e+02,-4.200000000000000000e+01
1.679988668316583395e+09,1.658400000000000000e+04,5.120000000000000000e+02,-7.840000000000000000e+02,-1.153000000000000000e+03,-6.220000000000000000e+02,-4.200000000000000000e+01
1.679988668316773415e+09,1.658400000000000000e+04,5.120000000000000000e+02,-7.840000000000000000e+02,-1.153000000000000000e+03,-6.220000000000000000e+02,-4.200000000000000000e+01
1.679988668316962719e+09,1.658400000000000000e+04,5.120000000000000000e+02,-7.840000000000000000e+02,-1.153000000000000000e+03,-6.220000000000000000e+02,-4.200000000000000000e+01
1.679988668317151070e+09,1.658400000000000000e+04,5.120000000000000000e+02,-7.840000000000000000e+02,-1.153000000000000000e+03,-6.220000000000000000e+02,-4.200000000000000000e+01
1.679988668317341805e+09,1.658400000000000000e+04,5.120000000000000000e+02,-7.840000000000000000e+02,-1.153000000000000000e+03,-6.220000000000000000e+02,-4.200000000000000000e+01
1.679988668317531824e+09,1.658400000000000000e+04,5.120000000000000000e+02,-7.840000000000000000e+02,-1.153000000000000000e+03,-6.220000000000000000e+02,-4.200000000000000000e+01
1.679988668317719221e+09,1.658400000000000000e+04,5.120000000000000000e+02,-7.840000000000000000e+02,-1.153000000000000000e+03,-6.220000000000000000e+02,-4.200000000000000000e+01
1.679988668317904234e+09,1.658400000000000000e+04,5.120000000000000000e+02,-7.840000000000000000e+02,-1.153000000000000000e+03,-6.220000000000000000e+02,-4.200000000000000000e+01
1.679988668318091869e+09,1.658400000000000000e+04,5.120000000000000000e+02,-7.840000000000000000e+02,-1.153000000000000000e+03,-6.220000000000000000e+02,-4.200000000000000000e+01
1.679988668318278551e+09,1.658400000000000000e+04,5.120000000000000000e+02,-7.840000000000000000e+02,-1.153000000000000000e+03,-6.220000000000000000e+02,-4.200000000000000000e+01
1.679988668318464279e+09,1.658400000000000000e+04,5.120000000000000000e+02,-7.840000000000000000e+02,-1.153000000000000000e+03,-6.220000000000000000e+02,-4.200000000000000000e+01
1.679988668318655014e+09,1.658400000000000000e+04,5.120000000000000000e+02,-7.840000000000000000e+02,-1.153000000000000000e+03,-6.220000000000000000e+02,-4.200000000000000000e+01
1.679988668318841457e+09,1.658400000000000000e+04,5.120000000000000000e+02,-7.840000000000000000e+02,-1.153000000000000000e+03,-6.220000000000000000e+02,-4.200000000000000000e+01
1.679988668319027901e+09,1.658400000000000000e+04,5.120000000000000000e+02,-7.840000000000000000e+02,-1.153000000000000000e+03,-6.220000000000000000e+02,-4.200000000000000000e+01
1.679988668319214582e+09,1.658400000000000000e+04,5.120000000000000000e+02,-7.840000000000000000e+02,-1.153000000000000000e+03,-6.220000000000000000e+02,-4.200000000000000000e+01
1.679988668319398642e+09,1.658400000000000000e+04,5.120000000000000000e+02,-7.840000000000000000e+02,-1.153000000000000000e+03,-6.220000000000000000e+02,-4.200000000000000000e+01
1.679988668319585562e+09,1.658400000000000000e+04,5.120000000000000000e+02,-7.840000000000000000e+02,-1.153000000000000000e+03,-6.220000000000000000e+02,-4.200000000000000000e+01
1.679988668319772482e+09,1.658400000000000000e+04,5.120000000000000000e+02,-7.840000000000000000e+02,-1.153000000000000000e+03,-6.220000000000000000e+02,-4.200000000000000000e+01
1.679988668319960356e+09,1.658400000000000000e+04,5.120000000000000000e+02,-7.840000000000000000e+02,-1.153000000000000000e+03,-6.220000000000000000e+02,-4.200000000000000000e+01
1.679988668320189953e+09,1.658400000000000000e+04,5.120000000000000000e+02,-7.840000000000000000e+02,-1.153000000000000000e+03,-6.220000000000000000e+02,-4.200000000000000000e+01
1.679988668320380926e+09,1.658400000000000000e+04,5.120000000000000000e+02,-7.840000000000000000e+02,-1.153000000000000000e+03,-6.220000000000000000e+02,-4.200000000000000000e+01
1.679988668320568323e+09,1.658400000000000000e+04,5.120000000000000000e+02,-7.840000000000000000e+02,-1.153000000000000000e+03,-6.220000000000000000e+02,-4.200000000000000000e+01
1.679988668320755482e+09,1.658400000000000000e+04,5.120000000000000000e+02,-7.840000000000000000e+02,-1.153000000000000000e+03,-6.220000000000000000e+02,-4.200000000000000000e+01
1.679988668320942640e+09,1.658400000000000000e+04,5.120000000000000000e+02,-7.840000000000000000e+02,-1.153000000000000000e+03,-6.220000000000000000e+02,-4.200000000000000000e+01
1.679988668321171045e+09,1.658400000000000000e+04,5.120000000000000000e+02,-7.840000000000000000e+02,-1.153000000000000000e+03,-6.220000000000000000e+02,-4.200000000000000000e+01
1.679988668321359634e+09,1.658400000000000000e+04,5.120000000000000000e+02,-7.840000000000000000e+02,-1.153000000000000000e+03,-6.220000000000000000e+02,-4.200000000000000000e+01
1.679988668321551323e+09,1.658400000000000000e+04,5.120000000000000000e+02,-7.840000000000000000e+02,-1.153000000000000000e+03,-6.220000000000000000e+02,-4.200000000000000000e+01
1.679988668321737766e+09,1.658400000000000000e+04,5.120000000000000000e+02,-7.840000000000000000e+02,-1.153000000000000000e+03,-6.220000000000000000e+02,-4.200000000000000000e+01
1.679988668321926117e+09,1.658400000000000000e+04,5.120000000000000000e+02,-7.840000000000000000e+02,-1.153000000000000000e+03,-6.220000000000000000e+02,-4.200000000000000000e+01
1.679988668322113514e+09,1.658400000000000000e+04,5.120000000000000000e+02,-7.840000000000000000e+02,-1.153000000000000000e+03,-6.220000000000000000e+02,-4.200000000000000000e+01
1.679988668322298050e+09,1.658400000000000000e+04,5.120000000000000000e+02,-7.840000000000000000e+02,-1.153000000000000000e+03,-6.220000000000000000e+02,-4.200000000000000000e+01
1.679988668322484493e+09,1.658400000000000000e+04,5.120000000000000000e+02,-7.840000000000000000e+02,-1.153000000000000000e+03,-6.220000000000000000e+02,-4.200000000000000000e+01
1.679988668322672129e+09,1.658400000000000000e+04,5.120000000000000000e+02,-7.840000000000000000e+02,-1.153000000000000000e+03,-6.220000000000000000e+02,-4.200000000000000000e+01
1.679988668322858810e+09,1.658400000000000000e+04,5.120000000000000000e+02,-7.840000000000000000e+02,-1.153000000000000000e+03,-6.220000000000000000e+02,-4.200000000000000000e+01
1.679988668323044062e+09,1.658400000000000000e+04,5.120000000000000000e+02,-7.840000000000000000e+02,-1.153000000000000000e+03,-6.220000000000000000e+02,-4.200000000000000000e+01
1.679988668323231459e+09,1.658400000000000000e+04,5.120000000000000000e+02,-7.840000000000000000e+02,-1.153000000000000000e+03,-6.220000000000000000e+02,-4.200000000000000000e+01
1.679988668323417664e+09,1.658400000000000000e+04,5.120000000000000000e+02,-7.840000000000000000e+02,-1.153000000000000000e+03,-6.220000000000000000e+02,-4.200000000000000000e+01
1.679988668323604822e+09,1.658400000000000000e+04,5.120000000000000000e+02,-7.840000000000000000e+02,-1.153000000000000000e+03,-6.220000000000000000e+02,-4.200000000000000000e+01
1.679988668323791265e+09,1.658400000000000000e+04,5.120000000000000000e+02,-7.840000000000000000e+02,-1.153000000000000000e+03,-6.220000000000000000e+02,-4.200000000000000000e+01
1.679988668323976994e+09,1.658400000000000000e+04,5.120000000000000000e+02,-7.840000000000000000e+02,-1.153000000000000000e+03,-6.220000000000000000e+02,-4.200000000000000000e+01
1.679988668324162722e+09,1.658400000000000000e+04,5.120000000000000000e+02,-7.840000000000000000e+02,-1.153000000000000000e+03,-6.220000000000000000e+02,-4.200000000000000000e+01
1.679988668324351311e+09,1.658400000000000000e+04,5.120000000000000000e+02,-7.840000000000000000e+02,-1.153000000000000000e+03,-6.220000000000000000e+02,-4.200000000000000000e+01
1.679988668324539661e+09,1.658400000000000000e+04,5.120000000000000000e+02,-7.840000000000000000e+02,-1.153000000000000000e+03,-6.220000000000000000e+02,-4.200000000000000000e+01
1.679988668324764729e+09,1.658400000000000000e+04,5.120000000000000000e+02,-7.840000000000000000e+02,-1.153000000000000000e+03,-6.220000000000000000e+02,-4.200000000000000000e+01
1.679988668324959278e+09,1.658400000000000000e+04,5.120000000000000000e+02,-7.840000000000000000e+02,-1.153000000000000000e+03,-6.220000000000000000e+02,-4.200000000000000000e+01
1.679988668325163364e+09,1.658400000000000000e+04,5.120000000000000000e+02,-7.840000000000000000e+02,-1.153000000000000000e+03,-6.220000000000000000e+02,-4.200000000000000000e+01
1.679988668325418949e+09,1.658400000000000000e+04,5.120000000000000000e+02,-7.840000000000000000e+02,-1.153000000000000000e+03,-6.220000000000000000e+02,-4.200000000000000000e+01
1.679988668325703382e+09,1.658400000000000000e+04,5.120000000000000000e+02,-7.840000000000000000e+02,-1.153000000000000000e+03,-6.220000000000000000e+02,-4.200000000000000000e+01
1.679988668326011181e+09,1.658400000000000000e+04,5.120000000000000000e+02,-7.840000000000000000e+02,-1.153000000000000000e+03,-6.220000000000000000e+02,-4.200000000000000000e+01
1.679988668326252937e+09,1.658400000000000000e+04,5.120000000000000000e+02,-7.840000000000000000e+02,-1.153000000000000000e+03,-6.220000000000000000e+02,-4.200000000000000000e+01
1.679988668326488733e+09,1.658400000000000000e+04,5.120000000000000000e+02,-7.840000000000000000e+02,-1.153000000000000000e+03,-6.220000000000000000e+02,-4.200000000000000000e+01
1.679988668326716661e+09,1.658400000000000000e+04,5.120000000000000000e+02,-7.840000000000000000e+02,-1.153000000000000000e+03,-6.220000000000000000e+02,-4.200000000000000000e+01
1.679988668326953173e+09,1.658400000000000000e+04,5.120000000000000000e+02,-7.840000000000000000e+02,-1.153000000000000000e+03,-6.220000000000000000e+02,-4.200000000000000000e+01
1.679988668327182293e+09,1.658400000000000000e+04,5.120000000000000000e+02,-7.840000000000000000e+02,-1.153000000000000000e+03,-6.220000000000000000e+02,-4.200000000000000000e+01
1.679988668327463627e+09,1.658400000000000000e+04,5.120000000000000000e+02,-7.840000000000000000e+02,-1.153000000000000000e+03,-6.220000000000000000e+02,-4.200000000000000000e+01
1.679988668327670097e+09,1.658400000000000000e+04,5.120000000000000000e+02,-7.840000000000000000e+02,-1.153000000000000000e+03,-6.220000000000000000e+02,-4.200000000000000000e+01
1.679988668327869177e+09,1.658400000000000000e+04,5.120000000000000000e+02,-7.840000000000000000e+02,-1.153000000000000000e+03,-6.220000000000000000e+02,-4.200000000000000000e+01
1.679988668328062296e+09,1.658400000000000000e+04,5.120000000000000000e+02,-7.840000000000000000e+02,-1.153000000000000000e+03,-6.220000000000000000e+02,-4.200000000000000000e+01
1.679988668328254700e+09,1.658400000000000000e+04,5.120000000000000000e+02,-7.840000000000000000e+02,-1.153000000000000000e+03,-6.220000000000000000e+02,-4.200000000000000000e+01
1.679988668328448534e+09,1.658400000000000000e+04,5.120000000000000000e+02,-7.840000000000000000e+02,-1.153000000000000000e+03,-6.220000000000000000e+02,-4.200000000000000000e+01
1.679988668328637838e+09,1.658400000000000000e+04,5.120000000000000000e+02,-7.840000000000000000e+02,-1.153000000000000000e+03,-6.220000000000000000e+02,-4.200000000000000000e+01
1.679988668328829288e+09,1.658400000000000000e+04,5.120000000000000000e+02,-7.840000000000000000e+02,-1.153000000000000000e+03,-6.220000000000000000e+02,-4.200000000000000000e+01
1.679988668329018593e+09,1.658400000000000000e+04,5.120000000000000000e+02,-7.840000000000000000e+02,-1.153000000000000000e+03,-6.220000000000000000e+02,-4.200000000000000000e+01
1.679988668329207659e+09,1.658400000000000000e+04,5.120000000000000000e+02,-7.840000000000000000e+02,-1.153000000000000000e+03,-6.220000000000000000e+02,-4.200000000000000000e+01
1.679988668329396248e+09,1.658400000000000000e+04,5.120000000000000000e+02,-7.840000000000000000e+02,-1.153000000000000000e+03,-6.220000000000000000e+02,-4.200000000000000000e+01
1.679988668329587698e+09,1.658400000000000000e+04,5.120000000000000000e+02,-7.840000000000000000e+02,-1.153000000000000000e+03,-6.220000000000000000e+02,-4.200000000000000000e+01
1.679988668329777479e+09,1.658400000000000000e+04,5.120000000000000000e+02,-7.840000000000000000e+02,-1.153000000000000000e+03,-6.220000000000000000e+02,-4.200000000000000000e+01
1.679988668330021381e+09,1.658400000000000000e+04,5.120000000000000000e+02,-7.840000000000000000e+02,-1.153000000000000000e+03,-6.220000000000000000e+02,-4.200000000000000000e+01
1.679988668330221653e+09,1.658400000000000000e+04,5.120000000000000000e+02,-7.840000000000000000e+02,-1.153000000000000000e+03,-6.220000000000000000e+02,-4.200000000000000000e+01
1.679988668330413342e+09,1.658400000000000000e+04,5.120000000000000000e+02,-7.840000000000000000e+02,-1.153000000000000000e+03,-6.220000000000000000e+02,-4.200000000000000000e+01
1.679988668330605745e+09,1.658400000000000000e+04,5.120000000000000000e+02,-7.840000000000000000e+02,-1.153000000000000000e+03,-6.220000000000000000e+02,-4.200000000000000000e+01
1.679988668330793619e+09,1.658400000000000000e+04,5.120000000000000000e+02,-7.840000000000000000e+02,-1.153000000000000000e+03,-6.220000000000000000e+02,-4.200000000000000000e+01
1.679988668331026077e+09,1.658400000000000000e+04,5.120000000000000000e+02,-7.840000000000000000e+02,-1.153000000000000000e+03,-6.220000000000000000e+02,-4.200000000000000000e+01
1.679988668331214905e+09,1.658400000000000000e+04,5.120000000000000000e+02,-7.840000000000000000e+02,-1.153000000000000000e+03,-6.220000000000000000e+02,-4.200000000000000000e+01
1.679988668331403732e+09,1.658400000000000000e+04,5.120000000000000000e+02,-7.840000000000000000e+02,-1.153000000000000000e+03,-6.220000000000000000e+02,-4.200000000000000000e+01
1.679988668331591368e+09,1.658400000000000000e+04,5.120000000000000000e+02,-7.840000000000000000e+02,-1.153000000000000000e+03,-6.220000000000000000e+02,-4.200000000000000000e+01
1.679988668331778765e+09,1.658400000000000000e+04,5.120000000000000000e+02,-7.840000000000000000e+02,-1.153000000000000000e+03,-6.220000000000000000e+02,-4.200000000000000000e+01
1.679988668331963301e+09,1.658400000000000000e+04,5.120000000000000000e+02,-7.840000000000000000e+02,-1.153000000000000000e+03,-6.220000000000000000e+02,-4.200000000000000000e+01
1.679988668332148314e+09,1.658400000000000000e+04,5.120000000000000000e+02,-7.840000000000000000e+02,-1.153000000000000000e+03,-6.220000000000000000e+02,-4.200000000000000000e+01
1.679988668332337141e+09,1.658400000000000000e+04,5.120000000000000000e+02,-7.840000000000000000e+02,-1.153000000000000000e+03,-6.220000000000000000e+02,-4.200000000000000000e+01
1.679988668332523584e+09,1.658400000000000000e+04,5.120000000000000000e+02,-7.840000000000000000e+02,-1.153000000000000000e+03,-6.220000000000000000e+02,-4.200000000000000000e+01
1.679988668332709789e+09,1.658400000000000000e+04,5.120000000000000000e+02,-7.840000000000000000e+02,-1.153000000000000000e+03,-6.220000000000000000e+02,-4.200000000000000000e+01
1.679988668332898617e+09,1.658400000000000000e+04,5.120000000000000000e+02,-7.840000000000000000e+02,-1.153000000000000000e+03,-6.220000000000000000e+02,-4.200000000000000000e+01
1.679988668333083630e+09,1.658400000000000000e+04,5.120000000000000000e+02,-7.840000000000000000e+02,-1.153000000000000000e+03,-6.220000000000000000e+02,-4.200000000000000000e+01
1.679988668333270788e+09,1.658400000000000000e+04,5.120000000000000000e+02,-7.840000000000000000e+02,-1.153000000000000000e+03,-6.220000000000000000e+02,-4.200000000000000000e+01
1.679988668333456755e+09,1.658400000000000000e+04,5.120000000000000000e+02,-7.840000000000000000e+02,-1.153000000000000000e+03,-6.220000000000000000e+02,-4.200000000000000000e+01
1.679988668333642721e+09,1.658400000000000000e+04,5.120000000000000000e+02,-7.840000000000000000e+02,-1.153000000000000000e+03,-6.220000000000000000e+02,-4.200000000000000000e+01
1.679988668333828926e+09,1.658400000000000000e+04,5.120000000000000000e+02,-7.840000000000000000e+02,-1.153000000000000000e+03,-6.220000000000000000e+02,-4.200000000000000000e+01
1.679988668334017515e+09,1.658400000000000000e+04,5.120000000000000000e+02,-7.840000000000000000e+02,-1.153000000000000000e+03,-6.220000000000000000e+02,-4.200000000000000000e+01
1.679988668334204912e+09,1.658400000000000000e+04,5.120000000000000000e+02,-7.840000000000000000e+02,-1.153000000000000000e+03,-6.220000000000000000e+02,-4.200000000000000000e+01
1.679988668334392548e+09,1.658400000000000000e+04,5.120000000000000000e+02,-7.840000000000000000e+02,-1.153000000000000000e+03,-6.220000000000000000e+02,-4.200000000000000000e+01
1.679988668334621429e+09,1.658400000000000000e+04,5.120000000000000000e+02,-7.840000000000000000e+02,-1.153000000000000000e+03,-6.220000000000000000e+02,-4.200000000000000000e+01
1.679988668334811211e+09,1.658400000000000000e+04,5.120000000000000000e+02,-7.840000000000000000e+02,-1.153000000000000000e+03,-6.220000000000000000e+02,-4.200000000000000000e+01
1.679988668334998608e+09,1.658400000000000000e+04,5.120000000000000000e+02,-7.840000000000000000e+02,-1.153000000000000000e+03,-6.220000000000000000e+02,-4.200000000000000000e+01
1.679988668335187197e+09,1.658400000000000000e+04,5.120000000000000000e+02,-7.840000000000000000e+02,-1.153000000000000000e+03,-6.220000000000000000e+02,-4.200000000000000000e+01
1.679988668335375309e+09,1.658400000000000000e+04,5.120000000000000000e+02,-7.840000000000000000e+02,-1.153000000000000000e+03,-6.220000000000000000e+02,-4.200000000000000000e+01
1.679988668335649490e+09,1.658400000000000000e+04,5.120000000000000000e+02,-7.840000000000000000e+02,-1.153000000000000000e+03,-6.220000000000000000e+02,-4.200000000000000000e+01
1.679988668335841894e+09,1.658400000000000000e+04,5.120000000000000000e+02,-7.840000000000000000e+02,-1.153000000000000000e+03,-6.220000000000000000e+02,-4.200000000000000000e+01
1.679988668336034775e+09,1.658400000000000000e+04,5.120000000000000000e+02,-7.840000000000000000e+02,-1.153000000000000000e+03,-6.220000000000000000e+02,-4.200000000000000000e+01
1.679988668336223841e+09,1.658400000000000000e+04,5.120000000000000000e+02,-7.840000000000000000e+02,-1.153000000000000000e+03,-6.220000000000000000e+02,-4.200000000000000000e+01
1.679988668336413383e+09,1.658400000000000000e+04,5.120000000000000000e+02,-7.840000000000000000e+02,-1.153000000000000000e+03,-6.220000000000000000e+02,-4.200000000000000000e+01
1.679988668336602449e+09,1.658400000000000000e+04,5.120000000000000000e+02,-7.840000000000000000e+02,-1.153000000000000000e+03,-6.220000000000000000e+02,-4.200000000000000000e+01
1.679988668336791039e+09,1.658400000000000000e+04,5.120000000000000000e+02,-7.840000000000000000e+02,-1.153000000000000000e+03,-6.220000000000000000e+02,-4.200000000000000000e+01
1.679988668336981058e+09,1.658400000000000000e+04,5.120000000000000000e+02,-7.840000000000000000e+02,-1.153000000000000000e+03,-6.220000000000000000e+02,-4.200000000000000000e+01
1.679988668337170839e+09,1.658400000000000000e+04,5.120000000000000000e+02,-7.840000000000000000e+02,-1.153000000000000000e+03,-6.220000000000000000e+02,-4.200000000000000000e+01
1.679988668337358952e+09,1.658400000000000000e+04,5.120000000000000000e+02,-7.840000000000000000e+02,-1.153000000000000000e+03,-6.220000000000000000e+02,-4.200000000000000000e+01
1.679988668337548018e+09,1.658400000000000000e+04,5.120000000000000000e+02,-7.840000000000000000e+02,-1.153000000000000000e+03,-6.220000000000000000e+02,-4.200000000000000000e+01
1.679988668337735653e+09,1.658400000000000000e+04,5.120000000000000000e+02,-7.840000000000000000e+02,-1.153000000000000000e+03,-6.220000000000000000e+02,-4.200000000000000000e+01
1.679988668337926149e+09,1.658400000000000000e+04,5.120000000000000000e+02,-7.840000000000000000e+02,-1.153000000000000000e+03,-6.220000000000000000e+02,-4.200000000000000000e+01
1.679988668338113308e+09,1.658400000000000000e+04,5.120000000000000000e+02,-7.840000000000000000e+02,-1.153000000000000000e+03,-6.220000000000000000e+02,-4.200000000000000000e+01
1.679988668338300467e+09,1.658400000000000000e+04,5.120000000000000000e+02,-7.840000000000000000e+02,-1.153000000000000000e+03,-6.220000000000000000e+02,-4.200000000000000000e+01
1.679988668338488102e+09,1.658400000000000000e+04,5.120000000000000000e+02,-7.840000000000000000e+02,-1.153000000000000000e+03,-6.220000000000000000e+02,-4.200000000000000000e+01
1.679988668338675499e+09,1.658400000000000000e+04,5.120000000000000000e+02,-7.840000000000000000e+02,-1.153000000000000000e+03,-6.220000000000000000e+02,-4.200000000000000000e+01
1.679988668338861465e+09,1.658400000000000000e+04,5.120000000000000000e+02,-7.840000000000000000e+02,-1.153000000000000000e+03,-6.220000000000000000e+02,-4.200000000000000000e+01
1.679988668339047670e+09,1.658400000000000000e+04,5.120000000000000000e+02,-7.840000000000000000e+02,-1.153000000000000000e+03,-6.220000000000000000e+02,-4.200000000000000000e+01
1.679988668339275360e+09,1.658400000000000000e+04,5.120000000000000000e+02,-7.840000000000000000e+02,-1.153000000000000000e+03,-6.220000000000000000e+02,-4.200000000000000000e+01
1.679988668339466095e+09,1.658400000000000000e+04,5.120000000000000000e+02,-7.840000000000000000e+02,-1.153000000000000000e+03,-6.220000000000000000e+02,-4.200000000000000000e+01
1.679988668339654446e+09,1.658400000000000000e+04,5.120000000000000000e+02,-7.840000000000000000e+02,-1.153000000000000000e+03,-6.220000000000000000e+02,-4.200000000000000000e+01
1.679988668339842558e+09,1.658400000000000000e+04,5.120000000000000000e+02,-7.840000000000000000e+02,-1.153000000000000000e+03,-6.220000000000000000e+02,-4.200000000000000000e+01
1.679988668340029716e+09,1.658400000000000000e+04,5.120000000000000000e+02,-7.840000000000000000e+02,-1.153000000000000000e+03,-6.220000000000000000e+02,-4.200000000000000000e+01
1.679988668340260506e+09,1.658400000000000000e+04,5.120000000000000000e+02,-7.840000000000000000e+02,-1.153000000000000000e+03,-6.220000000000000000e+02,-4.200000000000000000e+01
1.679988668340449572e+09,1.658400000000000000e+04,5.120000000000000000e+02,-7.840000000000000000e+02,-1.153000000000000000e+03,-6.220000000000000000e+02,-4.200000000000000000e+01
1.679988668340637445e+09,1.658400000000000000e+04,5.120000000000000000e+02,-7.840000000000000000e+02,-1.153000000000000000e+03,-6.220000000000000000e+02,-4.200000000000000000e+01
1.679988668340824127e+09,1.658400000000000000e+04,5.120000000000000000e+02,-7.840000000000000000e+02,-1.153000000000000000e+03,-6.220000000000000000e+02,-4.200000000000000000e+01
1.679988668341008186e+09,1.658400000000000000e+04,5.120000000000000000e+02,-7.840000000000000000e+02,-1.153000000000000000e+03,-6.220000000000000000e+02,-4.200000000000000000e+01
1.679988668341197491e+09,1.658400000000000000e+04,5.120000000000000000e+02,-7.840000000000000000e+02,-1.153000000000000000e+03,-6.220000000000000000e+02,-4.200000000000000000e+01
1.679988668341387033e+09,1.658400000000000000e+04,5.120000000000000000e+02,-7.840000000000000000e+02,-1.153000000000000000e+03,-6.220000000000000000e+02,-4.200000000000000000e+01
1.679988668341574192e+09,1.658400000000000000e+04,5.120000000000000000e+02,-7.840000000000000000e+02,-1.153000000000000000e+03,-6.220000000000000000e+02,-4.200000000000000000e+01
1.679988668341760159e+09,1.658400000000000000e+04,5.120000000000000000e+02,-7.840000000000000000e+02,-1.153000000000000000e+03,-6.220000000000000000e+02,-4.200000000000000000e+01
1.679988668341947794e+09,1.658400000000000000e+04,5.120000000000000000e+02,-7.840000000000000000e+02,-1.153000000000000000e+03,-6.220000000000000000e+02,-4.200000000000000000e+01
1.679988668342131615e+09,1.658400000000000000e+04,5.120000000000000000e+02,-7.840000000000000000e+02,-1.153000000000000000e+03,-6.220000000000000000e+02,-4.200000000000000000e+01
1.679988668342317343e+09,1.658400000000000000e+04,5.120000000000000000e+02,-7.840000000000000000e+02,-1.153000000000000000e+03,-6.220000000000000000e+02,-4.200000000000000000e+01
1.679988668342502594e+09,1.658400000000000000e+04,5.120000000000000000e+02,-7.840000000000000000e+02,-1.153000000000000000e+03,-6.220000000000000000e+02,-4.200000000000000000e+01
1.679988668342687607e+09,1.658400000000000000e+04,5.120000000000000000e+02,-7.840000000000000000e+02,-1.153000000000000000e+03,-6.220000000000000000e+02,-4.200000000000000000e+01
1.679988668342872381e+09,1.658400000000000000e+04,5.120000000000000000e+02,-7.840000000000000000e+02,-1.153000000000000000e+03,-6.220000000000000000e+02,-4.200000000000000000e+01
1.679988668343057394e+09,1.658400000000000000e+04,5.120000000000000000e+02,-7.840000000000000000e+02,-1.153000000000000000e+03,-6.220000000000000000e+02,-4.200000000000000000e+01
1.679988668343241453e+09,1.658400000000000000e+04,5.120000000000000000e+02,-7.840000000000000000e+02,-1.153000000000000000e+03,-6.220000000000000000e+02,-4.200000000000000000e+01
1.679988668343425035e+09,1.658400000000000000e+04,5.120000000000000000e+02,-7.840000000000000000e+02,-1.153000000000000000e+03,-6.220000000000000000e+02,-4.200000000000000000e+01
1.679988668343612194e+09,1.658400000000000000e+04,5.120000000000000000e+02,-7.840000000000000000e+02,-1.153000000000000000e+03,-6.220000000000000000e+02,-4.200000000000000000e+01
1.679988668343838930e+09,1.658400000000000000e+04,5.120000000000000000e+02,-7.840000000000000000e+02,-1.153000000000000000e+03,-6.220000000000000000e+02,-4.200000000000000000e+01
1.679988668344029188e+09,1.658400000000000000e+04,5.120000000000000000e+02,-7.840000000000000000e+02,-1.153000000000000000e+03,-6.220000000000000000e+02,-4.200000000000000000e+01
1.679988668344217062e+09,1.658400000000000000e+04,5.120000000000000000e+02,-7.840000000000000000e+02,-1.153000000000000000e+03,-6.220000000000000000e+02,-4.200000000000000000e+01
1.679988668344406128e+09,1.658400000000000000e+04,5.120000000000000000e+02,-7.840000000000000000e+02,-1.153000000000000000e+03,-6.220000000000000000e+02,-4.200000000000000000e+01
1.679988668344593525e+09,1.658400000000000000e+04,5.120000000000000000e+02,-7.840000000000000000e+02,-1.153000000000000000e+03,-6.220000000000000000e+02,-4.200000000000000000e+01
1.679988668344821692e+09,1.658400000000000000e+04,5.120000000000000000e+02,-7.840000000000000000e+02,-1.153000000000000000e+03,-6.220000000000000000e+02,-4.200000000000000000e+01
1.679988668345011473e+09,1.658400000000000000e+04,5.120000000000000000e+02,-7.840000000000000000e+02,-1.153000000000000000e+03,-6.220000000000000000e+02,-4.200000000000000000e+01
1.679988668345200062e+09,1.658400000000000000e+04,5.120000000000000000e+02,-7.840000000000000000e+02,-1.153000000000000000e+03,-6.220000000000000000e+02,-4.200000000000000000e+01
1.679988668345388889e+09,1.658400000000000000e+04,5.120000000000000000e+02,-7.840000000000000000e+02,-1.153000000000000000e+03,-6.220000000000000000e+02,-4.200000000000000000e+01
1.679988668345604181e+09,1.658400000000000000e+04,5.120000000000000000e+02,-7.840000000000000000e+02,-1.153000000000000000e+03,-6.220000000000000000e+02,-4.200000000000000000e+01
1.679988668345792294e+09,1.658400000000000000e+04,5.120000000000000000e+02,-7.840000000000000000e+02,-1.153000000000000000e+03,-6.220000000000000000e+02,-4.200000000000000000e+01
1.679988668345986128e+09,1.658400000000000000e+04,5.120000000000000000e+02,-7.840000000000000000e+02,-1.153000000000000000e+03,-6.220000000000000000e+02,-4.200000000000000000e+01
1.679988668346174240e+09,1.658400000000000000e+04,5.120000000000000000e+02,-7.840000000000000000e+02,-1.153000000000000000e+03,-6.220000000000000000e+02,-4.200000000000000000e+01
1.679988668346362114e+09,1.658400000000000000e+04,5.120000000000000000e+02,-7.840000000000000000e+02,-1.153000000000000000e+03,-6.220000000000000000e+02,-4.200000000000000000e+01
1.679988668346549034e+09,1.658400000000000000e+04,5.120000000000000000e+02,-7.840000000000000000e+02,-1.153000000000000000e+03,-6.220000000000000000e+02,-4.200000000000000000e+01
1.679988668346736908e+09,1.658400000000000000e+04,5.120000000000000000e+02,-7.840000000000000000e+02,-1.153000000000000000e+03,-6.220000000000000000e+02,-4.200000000000000000e+01
1.679988668346925735e+09,1.658400000000000000e+04,5.120000000000000000e+02,-7.840000000000000000e+02,-1.153000000000000000e+03,-6.220000000000000000e+02,-4.200000000000000000e+01
1.679988668347115755e+09,1.658400000000000000e+04,5.120000000000000000e+02,-7.840000000000000000e+02,-1.153000000000000000e+03,-6.220000000000000000e+02,-4.200000000000000000e+01
1.679988668347302198e+09,1.658400000000000000e+04,5.120000000000000000e+02,-7.840000000000000000e+02,-1.153000000000000000e+03,-6.220000000000000000e+02,-4.200000000000000000e+01
1.679988668347489119e+09,1.658400000000000000e+04,5.120000000000000000e+02,-7.840000000000000000e+02,-1.153000000000000000e+03,-6.220000000000000000e+02,-4.200000000000000000e+01
1.679988668347674131e+09,1.658400000000000000e+04,5.120000000000000000e+02,-7.840000000000000000e+02,-1.153000000000000000e+03,-6.220000000000000000e+02,-4.200000000000000000e+01
1.679988668347861290e+09,1.658400000000000000e+04,5.120000000000000000e+02,-7.840000000000000000e+02,-1.153000000000000000e+03,-6.220000000000000000e+02,-4.200000000000000000e+01
1.679988668348046780e+09,1.658400000000000000e+04,5.120000000000000000e+02,-7.840000000000000000e+02,-1.153000000000000000e+03,-6.220000000000000000e+02,-4.200000000000000000e+01
1.679988668348235846e+09,1.658400000000000000e+04,5.120000000000000000e+02,-7.840000000000000000e+02,-1.153000000000000000e+03,-6.220000000000000000e+02,-4.200000000000000000e+01
1.679988668348421335e+09,1.658400000000000000e+04,5.120000000000000000e+02,-7.840000000000000000e+02,-1.153000000000000000e+03,-6.220000000000000000e+02,-4.200000000000000000e+01
1.679988668348608255e+09,1.658400000000000000e+04,5.120000000000000000e+02,-7.840000000000000000e+02,-1.153000000000000000e+03,-6.220000000000000000e+02,-4.200000000000000000e+01
1.679988668348799944e+09,1.658400000000000000e+04,5.120000000000000000e+02,-7.840000000000000000e+02,-1.153000000000000000e+03,-6.220000000000000000e+02,-4.200000000000000000e+01
1.679988668349030972e+09,1.658400000000000000e+04,5.120000000000000000e+02,-7.840000000000000000e+02,-1.153000000000000000e+03,-6.220000000000000000e+02,-4.200000000000000000e+01
1.679988668349221945e+09,1.658400000000000000e+04,5.120000000000000000e+02,-7.840000000000000000e+02,-1.153000000000000000e+03,-6.220000000000000000e+02,-4.200000000000000000e+01
1.679988668349412203e+09,1.658400000000000000e+04,5.120000000000000000e+02,-7.840000000000000000e+02,-1.153000000000000000e+03,-6.220000000000000000e+02,-4.200000000000000000e+01
1.679988668349599838e+09,1.658400000000000000e+04,5.120000000000000000e+02,-7.840000000000000000e+02,-1.153000000000000000e+03,-6.220000000000000000e+02,-4.200000000000000000e+01
1.679988668349788904e+09,1.658400000000000000e+04,5.120000000000000000e+02,-7.840000000000000000e+02,-1.153000000000000000e+03,-6.220000000000000000e+02,-4.200000000000000000e+01
1.679988668350024462e+09,1.658400000000000000e+04,5.120000000000000000e+02,-7.840000000000000000e+02,-1.153000000000000000e+03,-6.220000000000000000e+02,-4.200000000000000000e+01
1.679988668350215673e+09,1.658400000000000000e+04,5.120000000000000000e+02,-7.840000000000000000e+02,-1.153000000000000000e+03,-6.220000000000000000e+02,-4.200000000000000000e+01
1.679988668350405216e+09,1.658400000000000000e+04,5.120000000000000000e+02,-7.840000000000000000e+02,-1.153000000000000000e+03,-6.220000000000000000e+02,-4.200000000000000000e+01
1.679988668350594044e+09,1.658400000000000000e+04,5.120000000000000000e+02,-7.840000000000000000e+02,-1.153000000000000000e+03,-6.220000000000000000e+02,-4.200000000000000000e+01
1.679988668350781679e+09,1.658400000000000000e+04,5.120000000000000000e+02,-7.840000000000000000e+02,-1.153000000000000000e+03,-6.220000000000000000e+02,-4.200000000000000000e+01
1.679988668350970984e+09,1.658400000000000000e+04,5.120000000000000000e+02,-7.840000000000000000e+02,-1.153000000000000000e+03,-6.220000000000000000e+02,-4.200000000000000000e+01
1.679988668351163149e+09,1.658400000000000000e+04,5.120000000000000000e+02,-7.840000000000000000e+02,-1.153000000000000000e+03,-6.220000000000000000e+02,-4.200000000000000000e+01
1.679988668351349354e+09,1.658400000000000000e+04,5.120000000000000000e+02,-7.840000000000000000e+02,-1.153000000000000000e+03,-6.220000000000000000e+02,-4.200000000000000000e+01
1.679988668351535797e+09,1.658400000000000000e+04,5.120000000000000000e+02,-7.840000000000000000e+02,-1.153000000000000000e+03,-6.220000000000000000e+02,-4.200000000000000000e+01
1.679988668351724386e+09,1.658400000000000000e+04,5.120000000000000000e+02,-7.840000000000000000e+02,-1.153000000000000000e+03,-6.220000000000000000e+02,-4.200000000000000000e+01
1.679988668351912260e+09,1.658400000000000000e+04,5.120000000000000000e+02,-7.840000000000000000e+02,-1.153000000000000000e+03,-6.220000000000000000e+02,-4.200000000000000000e+01
1.679988668352101326e+09,1.658400000000000000e+04,5.120000000000000000e+02,-7.840000000000000000e+02,-1.153000000000000000e+03,-6.220000000000000000e+02,-4.200000000000000000e+01
1.679988668352289200e+09,1.658400000000000000e+04,5.120000000000000000e+02,-7.840000000000000000e+02,-1.153000000000000000e+03,-6.220000000000000000e+02,-4.200000000000000000e+01
1.679988668352478504e+09,1.658400000000000000e+04,5.120000000000000000e+02,-7.840000000000000000e+02,-1.153000000000000000e+03,-6.220000000000000000e+02,-4.200000000000000000e+01
1.679988668352668762e+09,1.658400000000000000e+04,5.120000000000000000e+02,-7.840000000000000000e+02,-1.153000000000000000e+03,-6.220000000000000000e+02,-4.200000000000000000e+01
1.679988668352861643e+09,1.658400000000000000e+04,5.120000000000000000e+02,-7.840000000000000000e+02,-1.153000000000000000e+03,-6.220000000000000000e+02,-4.200000000000000000e+01
1.679988668353048801e+09,1.658400000000000000e+04,5.120000000000000000e+02,-7.840000000000000000e+02,-1.153000000000000000e+03,-6.220000000000000000e+02,-4.200000000000000000e+01
1.679988668353240013e+09,1.658400000000000000e+04,5.120000000000000000e+02,-7.840000000000000000e+02,-1.153000000000000000e+03,-6.220000000000000000e+02,-4.200000000000000000e+01
1.679988668353430033e+09,1.658400000000000000e+04,5.120000000000000000e+02,-7.840000000000000000e+02,-1.153000000000000000e+03,-6.220000000000000000e+02,-4.200000000000000000e+01
1.679988668353658199e+09,1.658400000000000000e+04,5.120000000000000000e+02,-7.840000000000000000e+02,-1.153000000000000000e+03,-6.220000000000000000e+02,-4.200000000000000000e+01
1.679988668353849649e+09,1.658400000000000000e+04,5.120000000000000000e+02,-7.840000000000000000e+02,-1.153000000000000000e+03,-6.220000000000000000e+02,-4.200000000000000000e+01
1.679988668354043961e+09,1.658400000000000000e+04,5.120000000000000000e+02,-7.840000000000000000e+02,-1.153000000000000000e+03,-6.220000000000000000e+02,-4.200000000000000000e+01
1.679988668354232311e+09,1.658400000000000000e+04,5.120000000000000000e+02,-7.840000000000000000e+02,-1.153000000000000000e+03,-6.220000000000000000e+02,-4.200000000000000000e+01
1.679988668354419231e+09,1.658400000000000000e+04,5.120000000000000000e+02,-7.840000000000000000e+02,-1.153000000000000000e+03,-6.220000000000000000e+02,-4.200000000000000000e+01
1.679988668354649305e+09,1.658400000000000000e+04,5.120000000000000000e+02,-7.840000000000000000e+02,-1.153000000000000000e+03,-6.220000000000000000e+02,-4.200000000000000000e+01
1.679988668354837656e+09,1.658400000000000000e+04,5.120000000000000000e+02,-7.840000000000000000e+02,-1.153000000000000000e+03,-6.220000000000000000e+02,-4.200000000000000000e+01
1.679988668355026484e+09,1.658400000000000000e+04,5.120000000000000000e+02,-7.840000000000000000e+02,-1.153000000000000000e+03,-6.220000000000000000e+02,-4.200000000000000000e+01
1.679988668355216503e+09,1.658400000000000000e+04,5.120000000000000000e+02,-7.840000000000000000e+02,-1.153000000000000000e+03,-6.220000000000000000e+02,-4.200000000000000000e+01
1.679988668355403662e+09,1.658400000000000000e+04,5.120000000000000000e+02,-7.840000000000000000e+02,-1.153000000000000000e+03,-6.220000000000000000e+02,-4.200000000000000000e+01
1.679988668355628729e+09,1.658400000000000000e+04,5.120000000000000000e+02,-7.840000000000000000e+02,-1.153000000000000000e+03,-6.220000000000000000e+02,-4.200000000000000000e+01
1.679988668355822802e+09,1.658400000000000000e+04,5.120000000000000000e+02,-7.840000000000000000e+02,-1.153000000000000000e+03,-6.220000000000000000e+02,-4.200000000000000000e+01
1.679988668356011152e+09,1.658400000000000000e+04,5.120000000000000000e+02,-7.840000000000000000e+02,-1.153000000000000000e+03,-6.220000000000000000e+02,-4.200000000000000000e+01
1.679988668356199980e+09,1.658400000000000000e+04,5.120000000000000000e+02,-7.840000000000000000e+02,-1.153000000000000000e+03,-6.220000000000000000e+02,-4.200000000000000000e+01
1.679988668356390476e+09,1.658400000000000000e+04,5.120000000000000000e+02,-7.840000000000000000e+02,-1.153000000000000000e+03,-6.220000000000000000e+02,-4.200000000000000000e+01
1.679988668356578112e+09,1.658400000000000000e+04,5.120000000000000000e+02,-7.840000000000000000e+02,-1.153000000000000000e+03,-6.220000000000000000e+02,-4.200000000000000000e+01
1.679988668356767178e+09,1.658400000000000000e+04,5.120000000000000000e+02,-7.840000000000000000e+02,-1.153000000000000000e+03,-6.220000000000000000e+02,-4.200000000000000000e+01
1.679988668356957197e+09,1.658400000000000000e+04,5.120000000000000000e+02,-7.840000000000000000e+02,-1.153000000000000000e+03,-6.220000000000000000e+02,-4.200000000000000000e+01
1.679988668357146263e+09,1.658400000000000000e+04,5.120000000000000000e+02,-7.840000000000000000e+02,-1.153000000000000000e+03,-6.220000000000000000e+02,-4.200000000000000000e+01
1.679988668357335567e+09,1.658400000000000000e+04,5.120000000000000000e+02,-7.840000000000000000e+02,-1.153000000000000000e+03,-6.220000000000000000e+02,-4.200000000000000000e+01
1.679988668357526302e+09,1.658400000000000000e+04,5.120000000000000000e+02,-7.840000000000000000e+02,-1.153000000000000000e+03,-6.220000000000000000e+02,-4.200000000000000000e+01
1.679988668357712984e+09,1.658400000000000000e+04,5.120000000000000000e+02,-7.840000000000000000e+02,-1.153000000000000000e+03,-6.220000000000000000e+02,-4.200000000000000000e+01
1.679988668357902765e+09,1.658400000000000000e+04,5.120000000000000000e+02,-7.840000000000000000e+02,-1.153000000000000000e+03,-6.220000000000000000e+02,-4.200000000000000000e+01
1.679988668358095407e+09,1.658400000000000000e+04,5.120000000000000000e+02,-7.840000000000000000e+02,-1.153000000000000000e+03,-6.220000000000000000e+02,-4.200000000000000000e+01
1.679988668358324766e+09,1.658400000000000000e+04,5.120000000000000000e+02,-7.840000000000000000e+02,-1.153000000000000000e+03,-6.220000000000000000e+02,-4.200000000000000000e+01
1.679988668358518600e+09,1.658400000000000000e+04,5.120000000000000000e+02,-7.840000000000000000e+02,-1.153000000000000000e+03,-6.220000000000000000e+02,-4.200000000000000000e+01
1.679988668358708620e+09,1.658400000000000000e+04,5.120000000000000000e+02,-7.840000000000000000e+02,-1.153000000000000000e+03,-6.220000000000000000e+02,-4.200000000000000000e+01
1.679988668358895540e+09,1.658400000000000000e+04,5.120000000000000000e+02,-7.840000000000000000e+02,-1.153000000000000000e+03,-6.220000000000000000e+02,-4.200000000000000000e+01
1.679988668359083891e+09,1.658400000000000000e+04,5.120000000000000000e+02,-7.840000000000000000e+02,-1.153000000000000000e+03,-6.220000000000000000e+02,-4.200000000000000000e+01
1.679988668359315872e+09,1.658400000000000000e+04,5.120000000000000000e+02,-7.840000000000000000e+02,-1.153000000000000000e+03,-6.220000000000000000e+02,-4.200000000000000000e+01
1.679988668359508276e+09,1.658400000000000000e+04,5.120000000000000000e+02,-7.840000000000000000e+02,-1.153000000000000000e+03,-6.220000000000000000e+02,-4.200000000000000000e+01
1.679988668359697580e+09,1.658400000000000000e+04,5.120000000000000000e+02,-7.840000000000000000e+02,-1.153000000000000000e+03,-6.220000000000000000e+02,-4.200000000000000000e+01
1.679988668359885931e+09,1.658400000000000000e+04,5.120000000000000000e+02,-7.840000000000000000e+02,-1.153000000000000000e+03,-6.220000000000000000e+02,-4.200000000000000000e+01
1.679988668360074759e+09,1.658400000000000000e+04,5.120000000000000000e+02,-7.840000000000000000e+02,-1.153000000000000000e+03,-6.220000000000000000e+02,-4.200000000000000000e+01
1.679988668360266924e+09,1.658400000000000000e+04,5.120000000000000000e+02,-7.840000000000000000e+02,-1.153000000000000000e+03,-6.220000000000000000e+02,-4.200000000000000000e+01
1.679988668360455275e+09,1.658400000000000000e+04,5.120000000000000000e+02,-7.840000000000000000e+02,-1.153000000000000000e+03,-6.220000000000000000e+02,-4.200000000000000000e+01
1.679988668360641479e+09,1.658400000000000000e+04,5.120000000000000000e+02,-7.840000000000000000e+02,-1.153000000000000000e+03,-6.220000000000000000e+02,-4.200000000000000000e+01
1.679988668360830069e+09,1.658400000000000000e+04,5.120000000000000000e+02,-7.840000000000000000e+02,-1.153000000000000000e+03,-6.220000000000000000e+02,-4.200000000000000000e+01
1.679988668361016512e+09,1.658400000000000000e+04,5.120000000000000000e+02,-7.840000000000000000e+02,-1.153000000000000000e+03,-6.220000000000000000e+02,-4.200000000000000000e+01
1.679988668361203909e+09,1.658400000000000000e+04,5.120000000000000000e+02,-7.840000000000000000e+02,-1.153000000000000000e+03,-6.220000000000000000e+02,-4.200000000000000000e+01
1.679988668361392021e+09,1.658400000000000000e+04,5.120000000000000000e+02,-7.840000000000000000e+02,-1.153000000000000000e+03,-6.220000000000000000e+02,-4.200000000000000000e+01
1.679988668361581564e+09,1.658400000000000000e+04,5.120000000000000000e+02,-7.840000000000000000e+02,-1.153000000000000000e+03,-6.220000000000000000e+02,-4.200000000000000000e+01
1.679988668361769199e+09,1.658400000000000000e+04,5.120000000000000000e+02,-7.840000000000000000e+02,-1.153000000000000000e+03,-6.220000000000000000e+02,-4.200000000000000000e+01
1.679988668361958742e+09,1.658400000000000000e+04,5.120000000000000000e+02,-7.840000000000000000e+02,-1.153000000000000000e+03,-6.220000000000000000e+02,-4.200000000000000000e+01
1.679988668362148285e+09,1.658400000000000000e+04,5.120000000000000000e+02,-7.840000000000000000e+02,-1.153000000000000000e+03,-6.220000000000000000e+02,-4.200000000000000000e+01
1.679988668362335443e+09,1.658400000000000000e+04,5.120000000000000000e+02,-7.840000000000000000e+02,-1.153000000000000000e+03,-6.220000000000000000e+02,-4.200000000000000000e+01
1.679988668362525225e+09,1.658400000000000000e+04,5.120000000000000000e+02,-7.840000000000000000e+02,-1.153000000000000000e+03,-6.220000000000000000e+02,-4.200000000000000000e+01
1.679988668362713814e+09,1.658400000000000000e+04,5.120000000000000000e+02,-7.840000000000000000e+02,-1.153000000000000000e+03,-6.220000000000000000e+02,-4.200000000000000000e+01
1.679988668362943888e+09,1.658400000000000000e+04,5.120000000000000000e+02,-7.840000000000000000e+02,-1.153000000000000000e+03,-6.220000000000000000e+02,-4.200000000000000000e+01
1.679988668363135576e+09,1.658400000000000000e+04,5.120000000000000000e+02,-7.840000000000000000e+02,-1.153000000000000000e+03,-6.220000000000000000e+02,-4.200000000000000000e+01
1.679988668363325834e+09,1.658400000000000000e+04,5.120000000000000000e+02,-7.840000000000000000e+02,-1.153000000000000000e+03,-6.220000000000000000e+02,-4.200000000000000000e+01
1.679988668363514185e+09,1.658400000000000000e+04,5.120000000000000000e+02,-7.840000000000000000e+02,-1.153000000000000000e+03,-6.220000000000000000e+02,-4.200000000000000000e+01
1.679988668363702536e+09,1.658400000000000000e+04,5.120000000000000000e+02,-7.840000000000000000e+02,-1.153000000000000000e+03,-6.220000000000000000e+02,-4.200000000000000000e+01
1.679988668363934278e+09,1.658400000000000000e+04,5.120000000000000000e+02,-7.840000000000000000e+02,-1.153000000000000000e+03,-6.220000000000000000e+02,-4.200000000000000000e+01
1.679988668364124060e+09,1.658400000000000000e+04,5.120000000000000000e+02,-7.840000000000000000e+02,-1.153000000000000000e+03,-6.220000000000000000e+02,-4.200000000000000000e+01
1.679988668364310741e+09,1.658400000000000000e+04,5.120000000000000000e+02,-7.840000000000000000e+02,-1.153000000000000000e+03,-6.220000000000000000e+02,-4.200000000000000000e+01
1.679988668364500999e+09,1.658400000000000000e+04,5.120000000000000000e+02,-7.840000000000000000e+02,-1.153000000000000000e+03,-6.220000000000000000e+02,-4.200000000000000000e+01
1.679988668364688873e+09,1.658400000000000000e+04,5.120000000000000000e+02,-7.840000000000000000e+02,-1.153000000000000000e+03,-6.220000000000000000e+02,-4.200000000000000000e+01
1.679988668364880323e+09,1.658400000000000000e+04,5.120000000000000000e+02,-7.840000000000000000e+02,-1.153000000000000000e+03,-6.220000000000000000e+02,-4.200000000000000000e+01
1.679988668365070820e+09,1.658400000000000000e+04,5.120000000000000000e+02,-7.840000000000000000e+02,-1.153000000000000000e+03,-6.220000000000000000e+02,-4.200000000000000000e+01
1.679988668365257740e+09,1.658400000000000000e+04,5.120000000000000000e+02,-7.840000000000000000e+02,-1.153000000000000000e+03,-6.220000000000000000e+02,-4.200000000000000000e+01
1.679988668365446091e+09,1.658400000000000000e+04,5.120000000000000000e+02,-7.840000000000000000e+02,-1.153000000000000000e+03,-6.220000000000000000e+02,-4.200000000000000000e+01
1.679988668365675688e+09,1.658400000000000000e+04,5.120000000000000000e+02,-7.840000000000000000e+02,-1.153000000000000000e+03,-6.220000000000000000e+02,-4.200000000000000000e+01
1.679988668365865946e+09,1.658400000000000000e+04,5.120000000000000000e+02,-7.840000000000000000e+02,-1.153000000000000000e+03,-6.220000000000000000e+02,-4.200000000000000000e+01
1.679988668366057634e+09,1.658400000000000000e+04,5.120000000000000000e+02,-7.840000000000000000e+02,-1.153000000000000000e+03,-6.220000000000000000e+02,-4.200000000000000000e+01
1.679988668366247654e+09,1.658400000000000000e+04,5.120000000000000000e+02,-7.840000000000000000e+02,-1.153000000000000000e+03,-6.220000000000000000e+02,-4.200000000000000000e+01
1.679988668366432905e+09,1.658400000000000000e+04,5.120000000000000000e+02,-7.840000000000000000e+02,-1.153000000000000000e+03,-6.220000000000000000e+02,-4.200000000000000000e+01
1.679988668366624117e+09,1.658400000000000000e+04,5.120000000000000000e+02,-7.840000000000000000e+02,-1.153000000000000000e+03,-6.220000000000000000e+02,-4.200000000000000000e+01
1.679988668366813183e+09,1.658400000000000000e+04,5.120000000000000000e+02,-7.840000000000000000e+02,-1.153000000000000000e+03,-6.220000000000000000e+02,-4.200000000000000000e+01
1.679988668367000341e+09,1.658400000000000000e+04,5.120000000000000000e+02,-7.840000000000000000e+02,-1.153000000000000000e+03,-6.220000000000000000e+02,-4.200000000000000000e+01
1.679988668367188692e+09,1.658400000000000000e+04,5.120000000000000000e+02,-7.840000000000000000e+02,-1.153000000000000000e+03,-6.220000000000000000e+02,-4.200000000000000000e+01
1.679988668367380142e+09,1.658400000000000000e+04,5.120000000000000000e+02,-7.840000000000000000e+02,-1.153000000000000000e+03,-6.220000000000000000e+02,-4.200000000000000000e+01
1.679988668367610216e+09,1.658400000000000000e+04,5.120000000000000000e+02,-7.840000000000000000e+02,-1.153000000000000000e+03,-6.220000000000000000e+02,-4.200000000000000000e+01
1.679988668367805958e+09,1.658400000000000000e+04,5.120000000000000000e+02,-7.840000000000000000e+02,-1.153000000000000000e+03,-6.220000000000000000e+02,-4.200000000000000000e+01
1.679988668367998362e+09,1.658400000000000000e+04,5.120000000000000000e+02,-7.840000000000000000e+02,-1.153000000000000000e+03,-6.220000000000000000e+02,-4.200000000000000000e+01
1.679988668368187189e+09,1.658400000000000000e+04,5.120000000000000000e+02,-7.840000000000000000e+02,-1.153000000000000000e+03,-6.220000000000000000e+02,-4.200000000000000000e+01
1.679988668368380308e+09,1.658400000000000000e+04,5.120000000000000000e+02,-7.840000000000000000e+02,-1.153000000000000000e+03,-6.220000000000000000e+02,-4.200000000000000000e+01
1.679988668368623257e+09,1.658400000000000000e+04,5.120000000000000000e+02,-7.840000000000000000e+02,-1.153000000000000000e+03,-6.220000000000000000e+02,-4.200000000000000000e+01
1.679988668368812323e+09,1.658400000000000000e+04,5.120000000000000000e+02,-7.840000000000000000e+02,-1.153000000000000000e+03,-6.220000000000000000e+02,-4.200000000000000000e+01
1.679988668369004488e+09,1.658400000000000000e+04,5.120000000000000000e+02,-7.840000000000000000e+02,-1.153000000000000000e+03,-6.220000000000000000e+02,-4.200000000000000000e+01
1.679988668369195223e+09,1.658400000000000000e+04,5.120000000000000000e+02,-7.840000000000000000e+02,-1.153000000000000000e+03,-6.220000000000000000e+02,-4.200000000000000000e+01
1.679988668369383335e+09,1.658400000000000000e+04,5.120000000000000000e+02,-7.840000000000000000e+02,-1.153000000000000000e+03,-6.220000000000000000e+02,-4.200000000000000000e+01
1.679988668369575024e+09,1.658400000000000000e+04,5.120000000000000000e+02,-7.840000000000000000e+02,-1.153000000000000000e+03,-6.220000000000000000e+02,-4.200000000000000000e+01
1.679988668369765282e+09,1.658400000000000000e+04,5.120000000000000000e+02,-7.840000000000000000e+02,-1.153000000000000000e+03,-6.220000000000000000e+02,-4.200000000000000000e+01
1.679988668369952679e+09,1.658400000000000000e+04,5.120000000000000000e+02,-7.840000000000000000e+02,-1.153000000000000000e+03,-6.220000000000000000e+02,-4.200000000000000000e+01
1.679988668370145321e+09,1.658400000000000000e+04,5.120000000000000000e+02,-7.840000000000000000e+02,-1.153000000000000000e+03,-6.220000000000000000e+02,-4.200000000000000000e+01
1.679988668370334625e+09,1.658400000000000000e+04,5.120000000000000000e+02,-7.840000000000000000e+02,-1.153000000000000000e+03,-6.220000000000000000e+02,-4.200000000000000000e+01
1.679988668370522738e+09,1.658400000000000000e+04,5.120000000000000000e+02,-7.840000000000000000e+02,-1.153000000000000000e+03,-6.220000000000000000e+02,-4.200000000000000000e+01
1.679988668370711088e+09,1.658400000000000000e+04,5.120000000000000000e+02,-7.840000000000000000e+02,-1.153000000000000000e+03,-6.220000000000000000e+02,-4.200000000000000000e+01
1.679988668370900393e+09,1.658400000000000000e+04,5.120000000000000000e+02,-7.840000000000000000e+02,-1.153000000000000000e+03,-6.220000000000000000e+02,-4.200000000000000000e+01
1.679988668371088266e+09,1.658400000000000000e+04,5.120000000000000000e+02,-7.840000000000000000e+02,-1.153000000000000000e+03,-6.220000000000000000e+02,-4.200000000000000000e+01
1.679988668371279001e+09,1.658400000000000000e+04,5.120000000000000000e+02,-7.840000000000000000e+02,-1.153000000000000000e+03,-6.220000000000000000e+02,-4.200000000000000000e+01
1.679988668371469259e+09,1.658400000000000000e+04,5.120000000000000000e+02,-7.840000000000000000e+02,-1.153000000000000000e+03,-6.220000000000000000e+02,-4.200000000000000000e+01
1.679988668371655703e+09,1.658400000000000000e+04,5.120000000000000000e+02,-7.840000000000000000e+02,-1.153000000000000000e+03,-6.220000000000000000e+02,-4.200000000000000000e+01
1.679988668371847153e+09,1.658400000000000000e+04,5.120000000000000000e+02,-7.840000000000000000e+02,-1.153000000000000000e+03,-6.220000000000000000e+02,-4.200000000000000000e+01
1.679988668372036695e+09,1.658400000000000000e+04,5.120000000000000000e+02,-7.840000000000000000e+02,-1.153000000000000000e+03,-6.220000000000000000e+02,-4.200000000000000000e+01
1.679988668372265816e+09,1.658400000000000000e+04,5.120000000000000000e+02,-7.840000000000000000e+02,-1.153000000000000000e+03,-6.220000000000000000e+02,-4.200000000000000000e+01
1.679988668372460127e+09,1.658400000000000000e+04,5.120000000000000000e+02,-7.840000000000000000e+02,-1.153000000000000000e+03,-6.220000000000000000e+02,-4.200000000000000000e+01
1.679988668372649431e+09,1.658400000000000000e+04,5.120000000000000000e+02,-7.840000000000000000e+02,-1.153000000000000000e+03,-6.220000000000000000e+02,-4.200000000000000000e+01
1.679988668372835636e+09,1.658400000000000000e+04,5.120000000000000000e+02,-7.840000000000000000e+02,-1.153000000000000000e+03,-6.220000000000000000e+02,-4.200000000000000000e+01
1.679988668373027802e+09,1.658400000000000000e+04,5.120000000000000000e+02,-7.840000000000000000e+02,-1.153000000000000000e+03,-6.220000000000000000e+02,-4.200000000000000000e+01
1.679988668373261213e+09,1.658400000000000000e+04,5.120000000000000000e+02,-7.840000000000000000e+02,-1.153000000000000000e+03,-6.220000000000000000e+02,-4.200000000000000000e+01
1.679988668373449802e+09,1.658400000000000000e+04,5.120000000000000000e+02,-7.840000000000000000e+02,-1.153000000000000000e+03,-6.220000000000000000e+02,-4.200000000000000000e+01
1.679988668373639584e+09,1.658400000000000000e+04,5.120000000000000000e+02,-7.840000000000000000e+02,-1.153000000000000000e+03,-6.220000000000000000e+02,-4.200000000000000000e+01
1.679988668373827219e+09,1.658400000000000000e+04,5.120000000000000000e+02,-7.840000000000000000e+02,-1.153000000000000000e+03,-6.220000000000000000e+02,-4.200000000000000000e+01
1.679988668374015093e+09,1.658400000000000000e+04,5.120000000000000000e+02,-7.840000000000000000e+02,-1.153000000000000000e+03,-6.220000000000000000e+02,-4.200000000000000000e+01
1.679988668374204159e+09,1.658400000000000000e+04,5.120000000000000000e+02,-7.840000000000000000e+02,-1.153000000000000000e+03,-6.220000000000000000e+02,-4.200000000000000000e+01
1.679988668374392509e+09,1.658400000000000000e+04,5.120000000000000000e+02,-7.840000000000000000e+02,-1.153000000000000000e+03,-6.220000000000000000e+02,-4.200000000000000000e+01
1.679988668374579668e+09,1.658400000000000000e+04,5.120000000000000000e+02,-7.840000000000000000e+02,-1.153000000000000000e+03,-6.220000000000000000e+02,-4.200000000000000000e+01
1.679988668374768496e+09,1.658400000000000000e+04,5.120000000000000000e+02,-7.840000000000000000e+02,-1.153000000000000000e+03,-6.220000000000000000e+02,-4.200000000000000000e+01
1.679988668374957800e+09,1.658400000000000000e+04,5.120000000000000000e+02,-7.840000000000000000e+02,-1.153000000000000000e+03,-6.220000000000000000e+02,-4.200000000000000000e+01
1.679988668375143766e+09,1.658400000000000000e+04,5.120000000000000000e+02,-7.840000000000000000e+02,-1.153000000000000000e+03,-6.220000000000000000e+02,-4.200000000000000000e+01
1.679988668375331879e+09,1.658400000000000000e+04,5.120000000000000000e+02,-7.840000000000000000e+02,-1.153000000000000000e+03,-6.220000000000000000e+02,-4.200000000000000000e+01
1.679988668375551701e+09,1.658400000000000000e+04,5.120000000000000000e+02,-7.840000000000000000e+02,-1.153000000000000000e+03,-6.220000000000000000e+02,-4.200000000000000000e+01
1.679988668375745296e+09,1.658400000000000000e+04,5.120000000000000000e+02,-7.840000000000000000e+02,-1.153000000000000000e+03,-6.220000000000000000e+02,-4.200000000000000000e+01
1.679988668375935316e+09,1.658400000000000000e+04,5.120000000000000000e+02,-7.840000000000000000e+02,-1.153000000000000000e+03,-6.220000000000000000e+02,-4.200000000000000000e+01
1.679988668376127481e+09,1.658400000000000000e+04,5.120000000000000000e+02,-7.840000000000000000e+02,-1.153000000000000000e+03,-6.220000000000000000e+02,-4.200000000000000000e+01
1.679988668376317739e+09,1.658400000000000000e+04,5.120000000000000000e+02,-7.840000000000000000e+02,-1.153000000000000000e+03,-6.220000000000000000e+02,-4.200000000000000000e+01
1.679988668376507282e+09,1.658400000000000000e+04,5.120000000000000000e+02,-7.840000000000000000e+02,-1.153000000000000000e+03,-6.220000000000000000e+02,-4.200000000000000000e+01
1.679988668376694441e+09,1.658400000000000000e+04,5.120000000000000000e+02,-7.840000000000000000e+02,-1.153000000000000000e+03,-6.220000000000000000e+02,-4.200000000000000000e+01
1.679988668376923561e+09,1.658400000000000000e+04,5.120000000000000000e+02,-7.840000000000000000e+02,-1.153000000000000000e+03,-6.220000000000000000e+02,-4.200000000000000000e+01
1.679988668377119541e+09,1.658400000000000000e+04,5.120000000000000000e+02,-7.840000000000000000e+02,-1.153000000000000000e+03,-6.220000000000000000e+02,-4.200000000000000000e+01
1.679988668377310991e+09,1.658400000000000000e+04,5.120000000000000000e+02,-7.840000000000000000e+02,-1.153000000000000000e+03,-6.220000000000000000e+02,-4.200000000000000000e+01
1.679988668377498150e+09,1.658400000000000000e+04,5.120000000000000000e+02,-7.840000000000000000e+02,-1.153000000000000000e+03,-6.220000000000000000e+02,-4.200000000000000000e+01
1.679988668377688885e+09,1.658400000000000000e+04,5.120000000000000000e+02,-7.840000000000000000e+02,-1.153000000000000000e+03,-6.220000000000000000e+02,-4.200000000000000000e+01
1.679988668377924204e+09,1.658400000000000000e+04,5.120000000000000000e+02,-7.840000000000000000e+02,-1.153000000000000000e+03,-6.220000000000000000e+02,-4.200000000000000000e+01
1.679988668378115654e+09,1.658400000000000000e+04,5.120000000000000000e+02,-7.840000000000000000e+02,-1.153000000000000000e+03,-6.220000000000000000e+02,-4.200000000000000000e+01
1.679988668378309488e+09,1.658400000000000000e+04,5.120000000000000000e+02,-7.840000000000000000e+02,-1.153000000000000000e+03,-6.220000000000000000e+02,-4.200000000000000000e+01
1.679988668378496885e+09,1.658400000000000000e+04,5.120000000000000000e+02,-7.840000000000000000e+02,-1.153000000000000000e+03,-6.220000000000000000e+02,-4.200000000000000000e+01
1.679988668378684998e+09,1.658400000000000000e+04,5.120000000000000000e+02,-7.840000000000000000e+02,-1.153000000000000000e+03,-6.220000000000000000e+02,-4.200000000000000000e+01
1.679988668378875494e+09,1.658400000000000000e+04,5.120000000000000000e+02,-7.840000000000000000e+02,-1.153000000000000000e+03,-6.220000000000000000e+02,-4.200000000000000000e+01
1.679988668379064083e+09,1.658400000000000000e+04,5.120000000000000000e+02,-7.840000000000000000e+02,-1.153000000000000000e+03,-6.220000000000000000e+02,-4.200000000000000000e+01
1.679988668379252195e+09,1.658400000000000000e+04,5.120000000000000000e+02,-7.840000000000000000e+02,-1.153000000000000000e+03,-6.220000000000000000e+02,-4.200000000000000000e+01
1.679988668379442692e+09,1.658400000000000000e+04,5.120000000000000000e+02,-7.840000000000000000e+02,-1.153000000000000000e+03,-6.220000000000000000e+02,-4.200000000000000000e+01
1.679988668379631519e+09,1.658400000000000000e+04,5.120000000000000000e+02,-7.840000000000000000e+02,-1.153000000000000000e+03,-6.220000000000000000e+02,-4.200000000000000000e+01
1.679988668379819155e+09,1.658400000000000000e+04,5.120000000000000000e+02,-7.840000000000000000e+02,-1.153000000000000000e+03,-6.220000000000000000e+02,-4.200000000000000000e+01
1.679988668380006313e+09,1.658400000000000000e+04,5.120000000000000000e+02,-7.840000000000000000e+02,-1.153000000000000000e+03,-6.220000000000000000e+02,-4.200000000000000000e+01
1.679988668380193472e+09,1.658400000000000000e+04,5.120000000000000000e+02,-7.840000000000000000e+02,-1.153000000000000000e+03,-6.220000000000000000e+02,-4.200000000000000000e+01
1.679988668380382061e+09,1.658400000000000000e+04,5.120000000000000000e+02,-7.840000000000000000e+02,-1.153000000000000000e+03,-6.220000000000000000e+02,-4.200000000000000000e+01
1.679988668380572319e+09,1.658400000000000000e+04,5.120000000000000000e+02,-7.840000000000000000e+02,-1.153000000000000000e+03,-6.220000000000000000e+02,-4.200000000000000000e+01
1.679988668380760431e+09,1.658400000000000000e+04,5.120000000000000000e+02,-7.840000000000000000e+02,-1.153000000000000000e+03,-6.220000000000000000e+02,-4.200000000000000000e+01
1.679988668380950928e+09,1.658400000000000000e+04,5.120000000000000000e+02,-7.840000000000000000e+02,-1.153000000000000000e+03,-6.220000000000000000e+02,-4.200000000000000000e+01
1.679988668381140232e+09,1.658400000000000000e+04,5.120000000000000000e+02,-7.840000000000000000e+02,-1.153000000000000000e+03,-6.220000000000000000e+02,-4.200000000000000000e+01
1.679988668381326675e+09,1.658400000000000000e+04,5.120000000000000000e+02,-7.840000000000000000e+02,-1.153000000000000000e+03,-6.220000000000000000e+02,-4.200000000000000000e+01
1.679988668381541014e+09,1.658400000000000000e+04,5.120000000000000000e+02,-7.840000000000000000e+02,-1.153000000000000000e+03,-6.220000000000000000e+02,-4.200000000000000000e+01
1.679988668381736517e+09,1.658400000000000000e+04,5.120000000000000000e+02,-7.840000000000000000e+02,-1.153000000000000000e+03,-6.220000000000000000e+02,-4.200000000000000000e+01
1.679988668381925106e+09,1.658400000000000000e+04,5.120000000000000000e+02,-7.840000000000000000e+02,-1.153000000000000000e+03,-6.220000000000000000e+02,-4.200000000000000000e+01
1.679988668382144451e+09,1.658400000000000000e+04,5.120000000000000000e+02,-7.840000000000000000e+02,-1.153000000000000000e+03,-6.220000000000000000e+02,-4.200000000000000000e+01
1.679988668382337809e+09,1.658400000000000000e+04,5.120000000000000000e+02,-7.840000000000000000e+02,-1.153000000000000000e+03,-6.220000000000000000e+02,-4.200000000000000000e+01
1.679988668382554770e+09,1.658400000000000000e+04,5.120000000000000000e+02,-7.840000000000000000e+02,-1.153000000000000000e+03,-6.220000000000000000e+02,-4.200000000000000000e+01
1.679988668382745743e+09,1.658400000000000000e+04,5.120000000000000000e+02,-7.840000000000000000e+02,-1.153000000000000000e+03,-6.220000000000000000e+02,-4.200000000000000000e+01
1.679988668382938385e+09,1.658400000000000000e+04,5.120000000000000000e+02,-7.840000000000000000e+02,-1.153000000000000000e+03,-6.220000000000000000e+02,-4.200000000000000000e+01
1.679988668383158445e+09,1.658400000000000000e+04,5.120000000000000000e+02,-7.840000000000000000e+02,-1.153000000000000000e+03,-6.220000000000000000e+02,-4.200000000000000000e+01
1.679988668383347273e+09,1.658400000000000000e+04,5.120000000000000000e+02,-7.840000000000000000e+02,-1.153000000000000000e+03,-6.220000000000000000e+02,-4.200000000000000000e+01
1.679988668383537769e+09,1.658400000000000000e+04,5.120000000000000000e+02,-7.840000000000000000e+02,-1.153000000000000000e+03,-6.220000000000000000e+02,-4.200000000000000000e+01
1.679988668383725643e+09,1.658400000000000000e+04,5.120000000000000000e+02,-7.840000000000000000e+02,-1.153000000000000000e+03,-6.220000000000000000e+02,-4.200000000000000000e+01
1.679988668383913755e+09,1.658400000000000000e+04,5.120000000000000000e+02,-7.840000000000000000e+02,-1.153000000000000000e+03,-6.220000000000000000e+02,-4.200000000000000000e+01
1.679988668384103537e+09,1.658400000000000000e+04,5.120000000000000000e+02,-7.840000000000000000e+02,-1.153000000000000000e+03,-6.220000000000000000e+02,-4.200000000000000000e+01
1.679988668384295225e+09,1.658400000000000000e+04,5.120000000000000000e+02,-7.840000000000000000e+02,-1.153000000000000000e+03,-6.220000000000000000e+02,-4.200000000000000000e+01
1.679988668384481430e+09,1.658400000000000000e+04,5.120000000000000000e+02,-7.840000000000000000e+02,-1.153000000000000000e+03,-6.220000000000000000e+02,-4.200000000000000000e+01
1.679988668384672880e+09,1.658400000000000000e+04,5.120000000000000000e+02,-7.840000000000000000e+02,-1.153000000000000000e+03,-6.220000000000000000e+02,-4.200000000000000000e+01
1.679988668384860754e+09,1.658400000000000000e+04,5.120000000000000000e+02,-7.840000000000000000e+02,-1.153000000000000000e+03,-6.220000000000000000e+02,-4.200000000000000000e+01
1.679988668385048389e+09,1.658400000000000000e+04,5.120000000000000000e+02,-7.840000000000000000e+02,-1.153000000000000000e+03,-6.220000000000000000e+02,-4.200000000000000000e+01
1.679988668385239363e+09,1.658400000000000000e+04,5.120000000000000000e+02,-7.840000000000000000e+02,-1.153000000000000000e+03,-6.220000000000000000e+02,-4.200000000000000000e+01
1.679988668385426521e+09,1.658400000000000000e+04,5.120000000000000000e+02,-7.840000000000000000e+02,-1.153000000000000000e+03,-6.220000000000000000e+02,-4.200000000000000000e+01
1.679988668385649681e+09,1.658400000000000000e+04,5.120000000000000000e+02,-7.840000000000000000e+02,-1.153000000000000000e+03,-6.220000000000000000e+02,-4.200000000000000000e+01
1.679988668385842323e+09,1.658400000000000000e+04,5.120000000000000000e+02,-7.840000000000000000e+02,-1.153000000000000000e+03,-6.220000000000000000e+02,-4.200000000000000000e+01
1.679988668386034250e+09,1.658400000000000000e+04,5.120000000000000000e+02,-7.840000000000000000e+02,-1.153000000000000000e+03,-6.220000000000000000e+02,-4.200000000000000000e+01
1.679988668386221409e+09,1.658400000000000000e+04,5.120000000000000000e+02,-7.840000000000000000e+02,-1.153000000000000000e+03,-6.220000000000000000e+02,-4.200000000000000000e+01
1.679988668386412144e+09,1.658400000000000000e+04,5.120000000000000000e+02,-7.840000000000000000e+02,-1.153000000000000000e+03,-6.220000000000000000e+02,-4.200000000000000000e+01
1.679988668386600733e+09,1.658400000000000000e+04,5.120000000000000000e+02,-7.840000000000000000e+02,-1.153000000000000000e+03,-6.220000000000000000e+02,-4.200000000000000000e+01
1.679988668386832237e+09,1.658400000000000000e+04,5.120000000000000000e+02,-7.840000000000000000e+02,-1.153000000000000000e+03,-6.220000000000000000e+02,-4.200000000000000000e+01
1.679988668387027025e+09,1.658400000000000000e+04,5.120000000000000000e+02,-7.840000000000000000e+02,-1.153000000000000000e+03,-6.220000000000000000e+02,-4.200000000000000000e+01
1.679988668387218952e+09,1.658400000000000000e+04,5.120000000000000000e+02,-7.840000000000000000e+02,-1.153000000000000000e+03,-6.220000000000000000e+02,-4.200000000000000000e+01
1.679988668387408733e+09,1.658400000000000000e+04,5.120000000000000000e+02,-7.840000000000000000e+02,-1.153000000000000000e+03,-6.220000000000000000e+02,-4.200000000000000000e+01
1.679988668387600899e+09,1.658400000000000000e+04,5.120000000000000000e+02,-7.840000000000000000e+02,-1.153000000000000000e+03,-6.220000000000000000e+02,-4.200000000000000000e+01
1.679988668387833357e+09,1.658400000000000000e+04,5.120000000000000000e+02,-7.840000000000000000e+02,-1.153000000000000000e+03,-6.220000000000000000e+02,-4.200000000000000000e+01
1.679988668388023376e+09,1.658400000000000000e+04,5.120000000000000000e+02,-7.840000000000000000e+02,-1.153000000000000000e+03,-6.220000000000000000e+02,-4.200000000000000000e+01
1.679988668388216257e+09,1.658400000000000000e+04,5.120000000000000000e+02,-7.840000000000000000e+02,-1.153000000000000000e+03,-6.220000000000000000e+02,-4.200000000000000000e+01
1.679988668388404131e+09,1.658400000000000000e+04,5.120000000000000000e+02,-7.840000000000000000e+02,-1.153000000000000000e+03,-6.220000000000000000e+02,-4.200000000000000000e+01
1.679988668388593674e+09,1.658400000000000000e+04,5.120000000000000000e+02,-7.840000000000000000e+02,-1.153000000000000000e+03,-6.220000000000000000e+02,-4.200000000000000000e+01
1.679988668388784409e+09,1.658400000000000000e+04,5.120000000000000000e+02,-7.840000000000000000e+02,-1.153000000000000000e+03,-6.220000000000000000e+02,-4.200000000000000000e+01
1.679988668388973475e+09,1.658400000000000000e+04,5.120000000000000000e+02,-7.840000000000000000e+02,-1.153000000000000000e+03,-6.220000000000000000e+02,-4.200000000000000000e+01
1.679988668389160395e+09,1.658400000000000000e+04,5.120000000000000000e+02,-7.840000000000000000e+02,-1.153000000000000000e+03,-6.220000000000000000e+02,-4.200000000000000000e+01
1.679988668389351606e+09,1.658400000000000000e+04,5.120000000000000000e+02,-7.840000000000000000e+02,-1.153000000000000000e+03,-6.220000000000000000e+02,-4.200000000000000000e+01
1.679988668389542103e+09,1.658400000000000000e+04,5.120000000000000000e+02,-7.840000000000000000e+02,-1.153000000000000000e+03,-6.220000000000000000e+02,-4.200000000000000000e+01
1.679988668389729023e+09,1.658400000000000000e+04,5.120000000000000000e+02,-7.840000000000000000e+02,-1.153000000000000000e+03,-6.220000000000000000e+02,-4.200000000000000000e+01
1.679988668389921188e+09,1.658400000000000000e+04,5.120000000000000000e+02,-7.840000000000000000e+02,-1.153000000000000000e+03,-6.220000000000000000e+02,-4.200000000000000000e+01
1.679988668390111685e+09,1.658400000000000000e+04,5.120000000000000000e+02,-7.840000000000000000e+02,-1.153000000000000000e+03,-6.220000000000000000e+02,-4.200000000000000000e+01
1.679988668390298367e+09,1.658400000000000000e+04,5.120000000000000000e+02,-7.840000000000000000e+02,-1.153000000000000000e+03,-6.220000000000000000e+02,-4.200000000000000000e+01
1.679988668390489578e+09,1.658400000000000000e+04,5.120000000000000000e+02,-7.840000000000000000e+02,-1.153000000000000000e+03,-6.220000000000000000e+02,-4.200000000000000000e+01
1.679988668390680552e+09,1.658400000000000000e+04,5.120000000000000000e+02,-7.840000000000000000e+02,-1.153000000000000000e+03,-6.220000000000000000e+02,-4.200000000000000000e+01
1.679988668390866756e+09,1.658400000000000000e+04,5.120000000000000000e+02,-7.840000000000000000e+02,-1.153000000000000000e+03,-6.220000000000000000e+02,-4.200000000000000000e+01
1.679988668391058445e+09,1.658400000000000000e+04,5.120000000000000000e+02,-7.840000000000000000e+02,-1.153000000000000000e+03,-6.220000000000000000e+02,-4.200000000000000000e+01
1.679988668391248226e+09,1.658400000000000000e+04,5.120000000000000000e+02,-7.840000000000000000e+02,-1.153000000000000000e+03,-6.220000000000000000e+02,-4.200000000000000000e+01
1.679988668391477108e+09,1.658400000000000000e+04,5.120000000000000000e+02,-7.840000000000000000e+02,-1.153000000000000000e+03,-6.220000000000000000e+02,-4.200000000000000000e+01
1.679988668391675234e+09,1.658400000000000000e+04,5.120000000000000000e+02,-7.840000000000000000e+02,-1.153000000000000000e+03,-6.220000000000000000e+02,-4.200000000000000000e+01
1.679988668391869783e+09,1.658400000000000000e+04,5.120000000000000000e+02,-7.840000000000000000e+02,-1.153000000000000000e+03,-6.220000000000000000e+02,-4.200000000000000000e+01
1.679988668392061710e+09,1.658400000000000000e+04,5.120000000000000000e+02,-7.840000000000000000e+02,-1.153000000000000000e+03,-6.220000000000000000e+02,-4.200000000000000000e+01
1.679988668392250538e+09,1.658400000000000000e+04,5.120000000000000000e+02,-7.840000000000000000e+02,-1.153000000000000000e+03,-6.220000000000000000e+02,-4.200000000000000000e+01
1.679988668392486572e+09,1.658400000000000000e+04,5.120000000000000000e+02,-7.840000000000000000e+02,-1.153000000000000000e+03,-6.220000000000000000e+02,-4.200000000000000000e+01
1.679988668392676353e+09,1.658400000000000000e+04,5.120000000000000000e+02,-7.840000000000000000e+02,-1.153000000000000000e+03,-6.220000000000000000e+02,-4.200000000000000000e+01
1.679988668392868757e+09,1.658400000000000000e+04,5.120000000000000000e+02,-7.840000000000000000e+02,-1.153000000000000000e+03,-6.220000000000000000e+02,-4.200000000000000000e+01
1.679988668393057108e+09,1.658400000000000000e+04,5.120000000000000000e+02,-7.840000000000000000e+02,-1.153000000000000000e+03,-6.220000000000000000e+02,-4.200000000000000000e+01
1.679988668393245935e+09,1.658400000000000000e+04,5.120000000000000000e+02,-7.840000000000000000e+02,-1.153000000000000000e+03,-6.220000000000000000e+02,-4.200000000000000000e+01
1.679988668393432856e+09,1.658400000000000000e+04,5.120000000000000000e+02,-7.840000000000000000e+02,-1.153000000000000000e+03,-6.220000000000000000e+02,-4.200000000000000000e+01
1.679988668393622637e+09,1.658400000000000000e+04,5.120000000000000000e+02,-7.840000000000000000e+02,-1.153000000000000000e+03,-6.220000000000000000e+02,-4.200000000000000000e+01
1.679988668393809557e+09,1.658400000000000000e+04,5.120000000000000000e+02,-7.840000000000000000e+02,-1.153000000000000000e+03,-6.220000000000000000e+02,-4.200000000000000000e+01
1.679988668394001722e+09,1.658400000000000000e+04,5.120000000000000000e+02,-7.840000000000000000e+02,-1.153000000000000000e+03,-6.220000000000000000e+02,-4.200000000000000000e+01
1.679988668394191265e+09,1.658400000000000000e+04,5.120000000000000000e+02,-7.840000000000000000e+02,-1.153000000000000000e+03,-6.220000000000000000e+02,-4.200000000000000000e+01
1.679988668394378901e+09,1.658400000000000000e+04,5.120000000000000000e+02,-7.840000000000000000e+02,-1.153000000000000000e+03,-6.220000000000000000e+02,-4.200000000000000000e+01
1.679988668394571066e+09,1.658400000000000000e+04,5.120000000000000000e+02,-7.840000000000000000e+02,-1.153000000000000000e+03,-6.220000000000000000e+02,-4.200000000000000000e+01
1.679988668394761324e+09,1.658400000000000000e+04,5.120000000000000000e+02,-7.840000000000000000e+02,-1.153000000000000000e+03,-6.220000000000000000e+02,-4.200000000000000000e+01
1.679988668394949675e+09,1.658400000000000000e+04,5.120000000000000000e+02,-7.840000000000000000e+02,-1.153000000000000000e+03,-6.220000000000000000e+02,-4.200000000000000000e+01
1.679988668395140409e+09,1.658400000000000000e+04,5.120000000000000000e+02,-7.840000000000000000e+02,-1.153000000000000000e+03,-6.220000000000000000e+02,-4.200000000000000000e+01
1.679988668395328283e+09,1.658400000000000000e+04,5.120000000000000000e+02,-7.840000000000000000e+02,-1.153000000000000000e+03,-6.220000000000000000e+02,-4.200000000000000000e+01
1.679988668395545006e+09,1.658400000000000000e+04,5.120000000000000000e+02,-7.840000000000000000e+02,-1.153000000000000000e+03,-6.220000000000000000e+02,-4.200000000000000000e+01
1.679988668395739317e+09,1.658400000000000000e+04,5.120000000000000000e+02,-7.840000000000000000e+02,-1.153000000000000000e+03,-6.220000000000000000e+02,-4.200000000000000000e+01
1.679988668395930290e+09,1.658400000000000000e+04,5.120000000000000000e+02,-7.840000000000000000e+02,-1.153000000000000000e+03,-6.220000000000000000e+02,-4.200000000000000000e+01
1.679988668396162510e+09,1.658400000000000000e+04,5.120000000000000000e+02,-7.840000000000000000e+02,-1.153000000000000000e+03,-6.220000000000000000e+02,-4.200000000000000000e+01
1.679988668396358490e+09,1.658400000000000000e+04,5.120000000000000000e+02,-7.840000000000000000e+02,-1.153000000000000000e+03,-6.220000000000000000e+02,-4.200000000000000000e+01
1.679988668396548748e+09,1.658400000000000000e+04,5.120000000000000000e+02,-7.840000000000000000e+02,-1.153000000000000000e+03,-6.220000000000000000e+02,-4.200000000000000000e+01
1.679988668396734953e+09,1.658400000000000000e+04,5.120000000000000000e+02,-7.840000000000000000e+02,-1.153000000000000000e+03,-6.220000000000000000e+02,-4.200000000000000000e+01
1.679988668396926403e+09,1.658400000000000000e+04,5.120000000000000000e+02,-7.840000000000000000e+02,-1.153000000000000000e+03,-6.220000000000000000e+02,-4.200000000000000000e+01
1.679988668397159576e+09,1.658400000000000000e+04,5.120000000000000000e+02,-7.840000000000000000e+02,-1.153000000000000000e+03,-6.220000000000000000e+02,-4.200000000000000000e+01
1.679988668397349596e+09,1.658400000000000000e+04,5.120000000000000000e+02,-7.840000000000000000e+02,-1.153000000000000000e+03,-6.220000000000000000e+02,-4.200000000000000000e+01
1.679988668397541523e+09,1.658400000000000000e+04,5.120000000000000000e+02,-7.840000000000000000e+02,-1.153000000000000000e+03,-6.220000000000000000e+02,-4.200000000000000000e+01
1.679988668397732019e+09,1.658400000000000000e+04,5.120000000000000000e+02,-7.840000000000000000e+02,-1.153000000000000000e+03,-6.220000000000000000e+02,-4.200000000000000000e+01
1.679988668397920847e+09,1.658400000000000000e+04,5.120000000000000000e+02,-7.840000000000000000e+02,-1.153000000000000000e+03,-6.220000000000000000e+02,-4.200000000000000000e+01
1.679988668398112297e+09,1.658400000000000000e+04,5.120000000000000000e+02,-7.840000000000000000e+02,-1.153000000000000000e+03,-6.220000000000000000e+02,-4.200000000000000000e+01
1.679988668398302794e+09,1.658400000000000000e+04,5.120000000000000000e+02,-7.840000000000000000e+02,-1.153000000000000000e+03,-6.220000000000000000e+02,-4.200000000000000000e+01
1.679988668398489952e+09,1.658400000000000000e+04,5.120000000000000000e+02,-7.840000000000000000e+02,-1.153000000000000000e+03,-6.220000000000000000e+02,-4.200000000000000000e+01
1.679988668398683310e+09,1.658400000000000000e+04,5.120000000000000000e+02,-7.840000000000000000e+02,-1.153000000000000000e+03,-6.220000000000000000e+02,-4.200000000000000000e+01
1.679988668398872375e+09,1.658400000000000000e+04,5.120000000000000000e+02,-7.840000000000000000e+02,-1.153000000000000000e+03,-6.220000000000000000e+02,-4.200000000000000000e+01
1.679988668399060249e+09,1.658400000000000000e+04,5.120000000000000000e+02,-7.840000000000000000e+02,-1.153000000000000000e+03,-6.220000000000000000e+02,-4.200000000000000000e+01
1.679988668399250984e+09,1.658400000000000000e+04,5.120000000000000000e+02,-7.840000000000000000e+02,-1.153000000000000000e+03,-6.220000000000000000e+02,-4.200000000000000000e+01
1.679988668399442911e+09,1.658400000000000000e+04,5.120000000000000000e+02,-7.840000000000000000e+02,-1.153000000000000000e+03,-6.220000000000000000e+02,-4.200000000000000000e+01
1.679988668399632215e+09,1.658400000000000000e+04,5.120000000000000000e+02,-7.840000000000000000e+02,-1.153000000000000000e+03,-6.220000000000000000e+02,-4.200000000000000000e+01
1.679988668399817944e+09,1.658400000000000000e+04,5.120000000000000000e+02,-7.840000000000000000e+02,-1.153000000000000000e+03,-6.220000000000000000e+02,-4.200000000000000000e+01
1.679988668400008440e+09,1.658400000000000000e+04,5.120000000000000000e+02,-7.840000000000000000e+02,-1.153000000000000000e+03,-6.220000000000000000e+02,-4.200000000000000000e+01
1.679988668400196314e+09,1.658400000000000000e+04,5.120000000000000000e+02,-7.840000000000000000e+02,-1.153000000000000000e+03,-6.220000000000000000e+02,-4.200000000000000000e+01
1.679988668400385141e+09,1.658400000000000000e+04,5.120000000000000000e+02,-7.840000000000000000e+02,-1.153000000000000000e+03,-6.220000000000000000e+02,-4.200000000000000000e+01
1.679988668400574446e+09,1.658400000000000000e+04,5.120000000000000000e+02,-7.840000000000000000e+02,-1.153000000000000000e+03,-6.220000000000000000e+02,-4.200000000000000000e+01
1.679988668400812387e+09,1.658400000000000000e+04,5.120000000000000000e+02,-7.840000000000000000e+02,-1.153000000000000000e+03,-6.220000000000000000e+02,-4.200000000000000000e+01
1.679988668401006222e+09,1.658400000000000000e+04,5.120000000000000000e+02,-7.840000000000000000e+02,-1.153000000000000000e+03,-6.220000000000000000e+02,-4.200000000000000000e+01
1.679988668401199818e+09,1.658400000000000000e+04,5.120000000000000000e+02,-7.840000000000000000e+02,-1.153000000000000000e+03,-6.220000000000000000e+02,-4.200000000000000000e+01
1.679988668401388645e+09,1.658400000000000000e+04,5.120000000000000000e+02,-7.840000000000000000e+02,-1.153000000000000000e+03,-6.220000000000000000e+02,-4.200000000000000000e+01
1.679988668401578426e+09,1.658400000000000000e+04,5.120000000000000000e+02,-7.840000000000000000e+02,-1.153000000000000000e+03,-6.220000000000000000e+02,-4.200000000000000000e+01
1.679988668401813030e+09,1.658400000000000000e+04,5.120000000000000000e+02,-7.840000000000000000e+02,-1.153000000000000000e+03,-6.220000000000000000e+02,-4.200000000000000000e+01
1.679988668402003050e+09,1.658400000000000000e+04,5.120000000000000000e+02,-7.840000000000000000e+02,-1.153000000000000000e+03,-6.220000000000000000e+02,-4.200000000000000000e+01
1.679988668402191639e+09,1.658400000000000000e+04,5.120000000000000000e+02,-7.840000000000000000e+02,-1.153000000000000000e+03,-6.220000000000000000e+02,-4.200000000000000000e+01
1.679988668402387381e+09,1.658400000000000000e+04,5.120000000000000000e+02,-7.840000000000000000e+02,-1.153000000000000000e+03,-6.220000000000000000e+02,-4.200000000000000000e+01
1.679988668402576208e+09,1.658400000000000000e+04,5.120000000000000000e+02,-7.840000000000000000e+02,-1.153000000000000000e+03,-6.220000000000000000e+02,-4.200000000000000000e+01
1.679988668402769327e+09,1.658400000000000000e+04,5.120000000000000000e+02,-7.840000000000000000e+02,-1.153000000000000000e+03,-6.220000000000000000e+02,-4.200000000000000000e+01
1.679988668402961254e+09,1.658400000000000000e+04,5.120000000000000000e+02,-7.840000000000000000e+02,-1.153000000000000000e+03,-6.220000000000000000e+02,-4.200000000000000000e+01
1.679988668403152466e+09,1.658400000000000000e+04,5.120000000000000000e+02,-7.840000000000000000e+02,-1.153000000000000000e+03,-6.220000000000000000e+02,-4.200000000000000000e+01
1.679988668403342962e+09,1.658400000000000000e+04,5.120000000000000000e+02,-7.840000000000000000e+02,-1.153000000000000000e+03,-6.220000000000000000e+02,-4.200000000000000000e+01
1.679988668403536797e+09,1.658400000000000000e+04,5.120000000000000000e+02,-7.840000000000000000e+02,-1.153000000000000000e+03,-6.220000000000000000e+02,-4.200000000000000000e+01
1.679988668403727055e+09,1.658400000000000000e+04,5.120000000000000000e+02,-7.840000000000000000e+02,-1.153000000000000000e+03,-6.220000000000000000e+02,-4.200000000000000000e+01
1.679988668403919697e+09,1.658400000000000000e+04,5.120000000000000000e+02,-7.840000000000000000e+02,-1.153000000000000000e+03,-6.220000000000000000e+02,-4.200000000000000000e+01
1.679988668404112101e+09,1.658400000000000000e+04,5.120000000000000000e+02,-7.840000000000000000e+02,-1.153000000000000000e+03,-6.220000000000000000e+02,-4.200000000000000000e+01
1.679988668404299974e+09,1.658400000000000000e+04,5.120000000000000000e+02,-7.840000000000000000e+02,-1.153000000000000000e+03,-6.220000000000000000e+02,-4.200000000000000000e+01
1.679988668404490471e+09,1.658400000000000000e+04,5.120000000000000000e+02,-7.840000000000000000e+02,-1.153000000000000000e+03,-6.220000000000000000e+02,-4.200000000000000000e+01
1.679988668404681683e+09,1.658400000000000000e+04,5.120000000000000000e+02,-7.840000000000000000e+02,-1.153000000000000000e+03,-6.220000000000000000e+02,-4.200000000000000000e+01
1.679988668404869556e+09,1.658400000000000000e+04,5.120000000000000000e+02,-7.840000000000000000e+02,-1.153000000000000000e+03,-6.220000000000000000e+02,-4.200000000000000000e+01
1.679988668405059338e+09,1.658400000000000000e+04,5.120000000000000000e+02,-7.840000000000000000e+02,-1.153000000000000000e+03,-6.220000000000000000e+02,-4.200000000000000000e+01
1.679988668405250072e+09,1.658400000000000000e+04,5.120000000000000000e+02,-7.840000000000000000e+02,-1.153000000000000000e+03,-6.220000000000000000e+02,-4.200000000000000000e+01
1.679988668405501604e+09,1.658400000000000000e+04,5.120000000000000000e+02,-7.840000000000000000e+02,-1.153000000000000000e+03,-6.220000000000000000e+02,-4.200000000000000000e+01
1.679988668405710697e+09,1.658400000000000000e+04,5.120000000000000000e+02,-7.840000000000000000e+02,-1.153000000000000000e+03,-6.220000000000000000e+02,-4.200000000000000000e+01
1.679988668405906677e+09,1.658400000000000000e+04,5.120000000000000000e+02,-7.840000000000000000e+02,-1.153000000000000000e+03,-6.220000000000000000e+02,-4.200000000000000000e+01
1.679988668406098843e+09,1.658400000000000000e+04,5.120000000000000000e+02,-7.840000000000000000e+02,-1.153000000000000000e+03,-6.220000000000000000e+02,-4.200000000000000000e+01
1.679988668406291008e+09,1.658400000000000000e+04,5.120000000000000000e+02,-7.840000000000000000e+02,-1.153000000000000000e+03,-6.220000000000000000e+02,-4.200000000000000000e+01
1.679988668406532288e+09,1.658400000000000000e+04,5.120000000000000000e+02,-7.840000000000000000e+02,-1.153000000000000000e+03,-6.220000000000000000e+02,-4.200000000000000000e+01
1.679988668406728983e+09,1.658400000000000000e+04,5.120000000000000000e+02,-7.840000000000000000e+02,-1.153000000000000000e+03,-6.220000000000000000e+02,-4.200000000000000000e+01
1.679988668406921148e+09,1.658400000000000000e+04,5.120000000000000000e+02,-7.840000000000000000e+02,-1.153000000000000000e+03,-6.220000000000000000e+02,-4.200000000000000000e+01
1.679988668407115221e+09,1.658400000000000000e+04,5.120000000000000000e+02,-7.840000000000000000e+02,-1.153000000000000000e+03,-6.220000000000000000e+02,-4.200000000000000000e+01
1.679988668407305717e+09,1.658400000000000000e+04,5.120000000000000000e+02,-7.840000000000000000e+02,-1.153000000000000000e+03,-6.220000000000000000e+02,-4.200000000000000000e+01
1.679988668407500982e+09,1.658400000000000000e+04,5.120000000000000000e+02,-7.840000000000000000e+02,-1.153000000000000000e+03,-6.220000000000000000e+02,-4.200000000000000000e+01
1.679988668407693624e+09,1.658400000000000000e+04,5.120000000000000000e+02,-7.840000000000000000e+02,-1.153000000000000000e+03,-6.220000000000000000e+02,-4.200000000000000000e+01
1.679988668407881260e+09,1.658400000000000000e+04,5.120000000000000000e+02,-7.840000000000000000e+02,-1.153000000000000000e+03,-6.220000000000000000e+02,-4.200000000000000000e+01
1.679988668408072948e+09,1.658400000000000000e+04,5.120000000000000000e+02,-7.840000000000000000e+02,-1.153000000000000000e+03,-6.220000000000000000e+02,-4.200000000000000000e+01
1.679988668408267975e+09,1.658400000000000000e+04,5.120000000000000000e+02,-7.840000000000000000e+02,-1.153000000000000000e+03,-6.220000000000000000e+02,-4.200000000000000000e+01
1.679988668408457518e+09,1.658400000000000000e+04,5.120000000000000000e+02,-7.840000000000000000e+02,-1.153000000000000000e+03,-6.220000000000000000e+02,-4.200000000000000000e+01
1.679988668408646107e+09,1.658400000000000000e+04,5.120000000000000000e+02,-7.840000000000000000e+02,-1.153000000000000000e+03,-6.220000000000000000e+02,-4.200000000000000000e+01
1.679988668408838987e+09,1.658400000000000000e+04,5.120000000000000000e+02,-7.840000000000000000e+02,-1.153000000000000000e+03,-6.220000000000000000e+02,-4.200000000000000000e+01
1.679988668409029484e+09,1.658400000000000000e+04,5.120000000000000000e+02,-7.840000000000000000e+02,-1.153000000000000000e+03,-6.220000000000000000e+02,-4.200000000000000000e+01
1.679988668409218311e+09,1.658400000000000000e+04,5.120000000000000000e+02,-7.840000000000000000e+02,-1.153000000000000000e+03,-6.220000000000000000e+02,-4.200000000000000000e+01
1.679988668409408808e+09,1.658400000000000000e+04,5.120000000000000000e+02,-7.840000000000000000e+02,-1.153000000000000000e+03,-6.220000000000000000e+02,-4.200000000000000000e+01
1.679988668409598351e+09,1.658400000000000000e+04,5.120000000000000000e+02,-7.840000000000000000e+02,-1.153000000000000000e+03,-6.220000000000000000e+02,-4.200000000000000000e+01
1.679988668409789801e+09,1.658400000000000000e+04,5.120000000000000000e+02,-7.840000000000000000e+02,-1.153000000000000000e+03,-6.220000000000000000e+02,-4.200000000000000000e+01
1.679988668409981251e+09,1.658400000000000000e+04,5.120000000000000000e+02,-7.840000000000000000e+02,-1.153000000000000000e+03,-6.220000000000000000e+02,-4.200000000000000000e+01
1.679988668410211325e+09,1.658400000000000000e+04,5.120000000000000000e+02,-7.840000000000000000e+02,-1.153000000000000000e+03,-6.220000000000000000e+02,-4.200000000000000000e+01
1.679988668410408974e+09,1.658400000000000000e+04,5.120000000000000000e+02,-7.840000000000000000e+02,-1.153000000000000000e+03,-6.220000000000000000e+02,-4.200000000000000000e+01
1.679988668410604715e+09,1.658400000000000000e+04,5.120000000000000000e+02,-7.840000000000000000e+02,-1.153000000000000000e+03,-6.220000000000000000e+02,-4.200000000000000000e+01
1.679988668410795212e+09,1.658400000000000000e+04,5.120000000000000000e+02,-7.840000000000000000e+02,-1.153000000000000000e+03,-6.220000000000000000e+02,-4.200000000000000000e+01
1.679988668410984755e+09,1.658400000000000000e+04,5.120000000000000000e+02,-7.840000000000000000e+02,-1.153000000000000000e+03,-6.220000000000000000e+02,-4.200000000000000000e+01
1.679988668411221504e+09,1.658400000000000000e+04,5.120000000000000000e+02,-7.840000000000000000e+02,-1.153000000000000000e+03,-6.220000000000000000e+02,-4.200000000000000000e+01
1.679988668411413193e+09,1.658400000000000000e+04,5.120000000000000000e+02,-7.840000000000000000e+02,-1.153000000000000000e+03,-6.220000000000000000e+02,-4.200000000000000000e+01
1.679988668411603212e+09,1.658400000000000000e+04,5.120000000000000000e+02,-7.840000000000000000e+02,-1.153000000000000000e+03,-6.220000000000000000e+02,-4.200000000000000000e+01
1.679988668411794186e+09,1.658400000000000000e+04,5.120000000000000000e+02,-7.840000000000000000e+02,-1.153000000000000000e+03,-6.220000000000000000e+02,-4.200000000000000000e+01
1.679988668411983967e+09,1.658400000000000000e+04,5.120000000000000000e+02,-7.840000000000000000e+02,-1.153000000000000000e+03,-6.220000000000000000e+02,-4.200000000000000000e+01
1.679988668412176609e+09,1.658400000000000000e+04,5.120000000000000000e+02,-7.840000000000000000e+02,-1.153000000000000000e+03,-6.220000000000000000e+02,-4.200000000000000000e+01
1.679988668412369728e+09,1.658400000000000000e+04,5.120000000000000000e+02,-7.840000000000000000e+02,-1.153000000000000000e+03,-6.220000000000000000e+02,-4.200000000000000000e+01
1.679988668412557840e+09,1.658400000000000000e+04,5.120000000000000000e+02,-7.840000000000000000e+02,-1.153000000000000000e+03,-6.220000000000000000e+02,-4.200000000000000000e+01
1.679988668412752151e+09,1.658400000000000000e+04,5.120000000000000000e+02,-7.840000000000000000e+02,-1.153000000000000000e+03,-6.220000000000000000e+02,-4.200000000000000000e+01
1.679988668412943125e+09,1.658400000000000000e+04,5.120000000000000000e+02,-7.840000000000000000e+02,-1.153000000000000000e+03,-6.220000000000000000e+02,-4.200000000000000000e+01
1.679988668413132429e+09,1.658400000000000000e+04,5.120000000000000000e+02,-7.840000000000000000e+02,-1.153000000000000000e+03,-6.220000000000000000e+02,-4.200000000000000000e+01
1.679988668413322449e+09,1.658400000000000000e+04,5.120000000000000000e+02,-7.840000000000000000e+02,-1.153000000000000000e+03,-6.220000000000000000e+02,-4.200000000000000000e+01
1.679988668413514137e+09,1.658400000000000000e+04,5.120000000000000000e+02,-7.840000000000000000e+02,-1.153000000000000000e+03,-6.220000000000000000e+02,-4.200000000000000000e+01
1.679988668413702726e+09,1.658400000000000000e+04,5.120000000000000000e+02,-7.840000000000000000e+02,-1.153000000000000000e+03,-6.220000000000000000e+02,-4.200000000000000000e+01
1.679988668413896799e+09,1.658400000000000000e+04,5.120000000000000000e+02,-7.840000000000000000e+02,-1.153000000000000000e+03,-6.220000000000000000e+02,-4.200000000000000000e+01
1.679988668414090395e+09,1.658400000000000000e+04,5.120000000000000000e+02,-7.840000000000000000e+02,-1.153000000000000000e+03,-6.220000000000000000e+02,-4.200000000000000000e+01
1.679988668414279461e+09,1.658400000000000000e+04,5.120000000000000000e+02,-7.840000000000000000e+02,-1.153000000000000000e+03,-6.220000000000000000e+02,-4.200000000000000000e+01
1.679988668414472818e+09,1.658400000000000000e+04,5.120000000000000000e+02,-7.840000000000000000e+02,-1.153000000000000000e+03,-6.220000000000000000e+02,-4.200000000000000000e+01
1.679988668414666414e+09,1.658400000000000000e+04,5.120000000000000000e+02,-7.840000000000000000e+02,-1.153000000000000000e+03,-6.220000000000000000e+02,-4.200000000000000000e+01
1.679988668414896727e+09,1.658400000000000000e+04,5.120000000000000000e+02,-7.840000000000000000e+02,-1.153000000000000000e+03,-6.220000000000000000e+02,-4.200000000000000000e+01
1.679988668415090084e+09,1.658400000000000000e+04,5.120000000000000000e+02,-7.840000000000000000e+02,-1.153000000000000000e+03,-6.220000000000000000e+02,-4.200000000000000000e+01
1.679988668415286064e+09,1.658400000000000000e+04,5.120000000000000000e+02,-7.840000000000000000e+02,-1.153000000000000000e+03,-6.220000000000000000e+02,-4.200000000000000000e+01
1.679988668415477753e+09,1.658400000000000000e+04,5.120000000000000000e+02,-7.840000000000000000e+02,-1.153000000000000000e+03,-6.220000000000000000e+02,-4.200000000000000000e+01
1.679988668415702581e+09,1.658400000000000000e+04,5.120000000000000000e+02,-7.840000000000000000e+02,-1.153000000000000000e+03,-6.220000000000000000e+02,-4.200000000000000000e+01
1.679988668415948391e+09,1.658400000000000000e+04,5.120000000000000000e+02,-7.840000000000000000e+02,-1.153000000000000000e+03,-6.220000000000000000e+02,-4.200000000000000000e+01
1.679988668416142225e+09,1.658400000000000000e+04,5.120000000000000000e+02,-7.840000000000000000e+02,-1.153000000000000000e+03,-6.220000000000000000e+02,-4.200000000000000000e+01
1.679988668416336536e+09,1.658400000000000000e+04,5.120000000000000000e+02,-7.840000000000000000e+02,-1.153000000000000000e+03,-6.220000000000000000e+02,-4.200000000000000000e+01
1.679988668416534185e+09,1.658400000000000000e+04,5.120000000000000000e+02,-7.840000000000000000e+02,-1.153000000000000000e+03,-6.220000000000000000e+02,-4.200000000000000000e+01
1.679988668416726589e+09,1.658400000000000000e+04,5.120000000000000000e+02,-7.840000000000000000e+02,-1.153000000000000000e+03,-6.220000000000000000e+02,-4.200000000000000000e+01
1.679988668416920662e+09,1.658400000000000000e+04,5.120000000000000000e+02,-7.840000000000000000e+02,-1.153000000000000000e+03,-6.220000000000000000e+02,-4.200000000000000000e+01
1.679988668417117596e+09,1.658400000000000000e+04,5.120000000000000000e+02,-7.840000000000000000e+02,-1.153000000000000000e+03,-6.220000000000000000e+02,-4.200000000000000000e+01
1.679988668417309284e+09,1.658400000000000000e+04,5.120000000000000000e+02,-7.840000000000000000e+02,-1.153000000000000000e+03,-6.220000000000000000e+02,-4.200000000000000000e+01
1.679988668417500257e+09,1.658400000000000000e+04,5.120000000000000000e+02,-7.840000000000000000e+02,-1.153000000000000000e+03,-6.220000000000000000e+02,-4.200000000000000000e+01
1.679988668417695284e+09,1.658400000000000000e+04,5.120000000000000000e+02,-7.840000000000000000e+02,-1.153000000000000000e+03,-6.220000000000000000e+02,-4.200000000000000000e+01
1.679988668417883873e+09,1.658400000000000000e+04,5.120000000000000000e+02,-7.840000000000000000e+02,-1.153000000000000000e+03,-6.220000000000000000e+02,-4.200000000000000000e+01
1.679988668418076754e+09,1.658400000000000000e+04,5.120000000000000000e+02,-7.840000000000000000e+02,-1.153000000000000000e+03,-6.220000000000000000e+02,-4.200000000000000000e+01
1.679988668418270826e+09,1.658400000000000000e+04,5.120000000000000000e+02,-7.840000000000000000e+02,-1.153000000000000000e+03,-6.220000000000000000e+02,-4.200000000000000000e+01
1.679988668418459892e+09,1.658400000000000000e+04,5.120000000000000000e+02,-7.840000000000000000e+02,-1.153000000000000000e+03,-6.220000000000000000e+02,-4.200000000000000000e+01
1.679988668418649673e+09,1.658400000000000000e+04,5.120000000000000000e+02,-7.840000000000000000e+02,-1.153000000000000000e+03,-6.220000000000000000e+02,-4.200000000000000000e+01
1.679988668418844461e+09,1.658400000000000000e+04,5.120000000000000000e+02,-7.840000000000000000e+02,-1.153000000000000000e+03,-6.220000000000000000e+02,-4.200000000000000000e+01
1.679988668419039011e+09,1.658400000000000000e+04,5.120000000000000000e+02,-7.840000000000000000e+02,-1.153000000000000000e+03,-6.220000000000000000e+02,-4.200000000000000000e+01
1.679988668419231176e+09,1.658400000000000000e+04,5.120000000000000000e+02,-7.840000000000000000e+02,-1.153000000000000000e+03,-6.220000000000000000e+02,-4.200000000000000000e+01
1.679988668419424772e+09,1.658400000000000000e+04,5.120000000000000000e+02,-7.840000000000000000e+02,-1.153000000000000000e+03,-6.220000000000000000e+02,-4.200000000000000000e+01
1.679988668419617653e+09,1.658400000000000000e+04,5.120000000000000000e+02,-7.840000000000000000e+02,-1.153000000000000000e+03,-6.220000000000000000e+02,-4.200000000000000000e+01
1.679988668419809580e+09,1.658400000000000000e+04,5.120000000000000000e+02,-7.840000000000000000e+02,-1.153000000000000000e+03,-6.220000000000000000e+02,-4.200000000000000000e+01
1.679988668420005322e+09,1.658400000000000000e+04,5.120000000000000000e+02,-7.840000000000000000e+02,-1.153000000000000000e+03,-6.220000000000000000e+02,-4.200000000000000000e+01
1.679988668420238495e+09,1.658400000000000000e+04,5.120000000000000000e+02,-7.840000000000000000e+02,-1.153000000000000000e+03,-6.220000000000000000e+02,-4.200000000000000000e+01
1.679988668420438051e+09,1.658400000000000000e+04,5.120000000000000000e+02,-7.840000000000000000e+02,-1.153000000000000000e+03,-6.220000000000000000e+02,-4.200000000000000000e+01
1.679988668420633316e+09,1.658400000000000000e+04,5.120000000000000000e+02,-7.840000000000000000e+02,-1.153000000000000000e+03,-6.220000000000000000e+02,-4.200000000000000000e+01
1.679988668420825243e+09,1.658400000000000000e+04,5.120000000000000000e+02,-7.840000000000000000e+02,-1.153000000000000000e+03,-6.220000000000000000e+02,-4.200000000000000000e+01
1.679988668421016216e+09,1.658400000000000000e+04,5.120000000000000000e+02,-7.840000000000000000e+02,-1.153000000000000000e+03,-6.220000000000000000e+02,-4.200000000000000000e+01
1.679988668421260834e+09,1.658400000000000000e+04,5.120000000000000000e+02,-7.840000000000000000e+02,-1.153000000000000000e+03,-6.220000000000000000e+02,-4.200000000000000000e+01
1.679988668421455383e+09,1.658400000000000000e+04,5.120000000000000000e+02,-7.840000000000000000e+02,-1.153000000000000000e+03,-6.220000000000000000e+02,-4.200000000000000000e+01
1.679988668421646118e+09,1.658400000000000000e+04,5.120000000000000000e+02,-7.840000000000000000e+02,-1.153000000000000000e+03,-6.220000000000000000e+02,-4.200000000000000000e+01
1.679988668421843767e+09,1.658400000000000000e+04,5.120000000000000000e+02,-7.840000000000000000e+02,-1.153000000000000000e+03,-6.220000000000000000e+02,-4.200000000000000000e+01
1.679988668422032833e+09,1.658400000000000000e+04,5.120000000000000000e+02,-7.840000000000000000e+02,-1.153000000000000000e+03,-6.220000000000000000e+02,-4.200000000000000000e+01
1.679988668422226191e+09,1.658400000000000000e+04,5.120000000000000000e+02,-7.840000000000000000e+02,-1.153000000000000000e+03,-6.220000000000000000e+02,-4.200000000000000000e+01
1.679988668422418594e+09,1.658400000000000000e+04,5.120000000000000000e+02,-7.840000000000000000e+02,-1.153000000000000000e+03,-6.220000000000000000e+02,-4.200000000000000000e+01
1.679988668422611237e+09,1.658400000000000000e+04,5.120000000000000000e+02,-7.840000000000000000e+02,-1.153000000000000000e+03,-6.220000000000000000e+02,-4.200000000000000000e+01
1.679988668422803402e+09,1.658400000000000000e+04,5.120000000000000000e+02,-7.840000000000000000e+02,-1.153000000000000000e+03,-6.220000000000000000e+02,-4.200000000000000000e+01
1.679988668422997236e+09,1.658400000000000000e+04,5.120000000000000000e+02,-7.840000000000000000e+02,-1.153000000000000000e+03,-6.220000000000000000e+02,-4.200000000000000000e+01
1.679988668423189163e+09,1.658400000000000000e+04,5.120000000000000000e+02,-7.840000000000000000e+02,-1.153000000000000000e+03,-6.220000000000000000e+02,-4.200000000000000000e+01
1.679988668423382282e+09,1.658400000000000000e+04,5.120000000000000000e+02,-7.840000000000000000e+02,-1.153000000000000000e+03,-6.220000000000000000e+02,-4.200000000000000000e+01
1.679988668423576355e+09,1.658400000000000000e+04,5.120000000000000000e+02,-7.840000000000000000e+02,-1.153000000000000000e+03,-6.220000000000000000e+02,-4.200000000000000000e+01
1.679988668423764944e+09,1.658400000000000000e+04,5.120000000000000000e+02,-7.840000000000000000e+02,-1.153000000000000000e+03,-6.220000000000000000e+02,-4.200000000000000000e+01
1.679988668423955917e+09,1.658400000000000000e+04,5.120000000000000000e+02,-7.840000000000000000e+02,-1.153000000000000000e+03,-6.220000000000000000e+02,-4.200000000000000000e+01
1.679988668424153090e+09,1.658400000000000000e+04,5.120000000000000000e+02,-7.840000000000000000e+02,-1.153000000000000000e+03,-6.220000000000000000e+02,-4.200000000000000000e+01
1.679988668424345016e+09,1.658400000000000000e+04,5.120000000000000000e+02,-7.840000000000000000e+02,-1.153000000000000000e+03,-6.220000000000000000e+02,-4.200000000000000000e+01
1.679988668424538374e+09,1.658400000000000000e+04,5.120000000000000000e+02,-7.840000000000000000e+02,-1.153000000000000000e+03,-6.220000000000000000e+02,-4.200000000000000000e+01
1.679988668424732924e+09,1.658400000000000000e+04,5.120000000000000000e+02,-7.840000000000000000e+02,-1.153000000000000000e+03,-6.220000000000000000e+02,-4.200000000000000000e+01
1.679988668424965620e+09,1.658400000000000000e+04,5.120000000000000000e+02,-7.840000000000000000e+02,-1.153000000000000000e+03,-6.220000000000000000e+02,-4.200000000000000000e+01
1.679988668425161123e+09,1.658400000000000000e+04,5.120000000000000000e+02,-7.840000000000000000e+02,-1.153000000000000000e+03,-6.220000000000000000e+02,-4.200000000000000000e+01
1.679988668425359011e+09,1.658400000000000000e+04,5.120000000000000000e+02,-7.840000000000000000e+02,-1.153000000000000000e+03,-6.220000000000000000e+02,-4.200000000000000000e+01
1.679988668425585985e+09,1.658400000000000000e+04,5.120000000000000000e+02,-7.840000000000000000e+02,-1.153000000000000000e+03,-6.220000000000000000e+02,-4.200000000000000000e+01
1.679988668425779343e+09,1.658400000000000000e+04,5.120000000000000000e+02,-7.840000000000000000e+02,-1.153000000000000000e+03,-6.220000000000000000e+02,-4.200000000000000000e+01
1.679988668426026583e+09,1.658400000000000000e+04,5.120000000000000000e+02,-7.840000000000000000e+02,-1.153000000000000000e+03,-6.220000000000000000e+02,-4.200000000000000000e+01
1.679988668426221132e+09,1.658400000000000000e+04,5.120000000000000000e+02,-7.840000000000000000e+02,-1.153000000000000000e+03,-6.220000000000000000e+02,-4.200000000000000000e+01
1.679988668426415682e+09,1.658400000000000000e+04,5.120000000000000000e+02,-7.840000000000000000e+02,-1.153000000000000000e+03,-6.220000000000000000e+02,-4.200000000000000000e+01
1.679988668426612377e+09,1.658400000000000000e+04,5.120000000000000000e+02,-7.840000000000000000e+02,-1.153000000000000000e+03,-6.220000000000000000e+02,-4.200000000000000000e+01
1.679988668426804781e+09,1.658400000000000000e+04,5.120000000000000000e+02,-7.840000000000000000e+02,-1.153000000000000000e+03,-6.220000000000000000e+02,-4.200000000000000000e+01
1.679988668426997662e+09,1.658400000000000000e+04,5.120000000000000000e+02,-7.840000000000000000e+02,-1.153000000000000000e+03,-6.220000000000000000e+02,-4.200000000000000000e+01
1.679988668427192688e+09,1.658400000000000000e+04,5.120000000000000000e+02,-7.840000000000000000e+02,-1.153000000000000000e+03,-6.220000000000000000e+02,-4.200000000000000000e+01
1.679988668427383661e+09,1.658400000000000000e+04,5.120000000000000000e+02,-7.840000000000000000e+02,-1.153000000000000000e+03,-6.220000000000000000e+02,-4.200000000000000000e+01
1.679988668427578449e+09,1.658400000000000000e+04,5.120000000000000000e+02,-7.840000000000000000e+02,-1.153000000000000000e+03,-6.220000000000000000e+02,-4.200000000000000000e+01
1.679988668427774429e+09,1.658400000000000000e+04,5.120000000000000000e+02,-7.840000000000000000e+02,-1.153000000000000000e+03,-6.220000000000000000e+02,-4.200000000000000000e+01
1.679988668427965641e+09,1.658400000000000000e+04,5.120000000000000000e+02,-7.840000000000000000e+02,-1.153000000000000000e+03,-6.220000000000000000e+02,-4.200000000000000000e+01
1.679988668428157091e+09,1.658400000000000000e+04,5.120000000000000000e+02,-7.840000000000000000e+02,-1.153000000000000000e+03,-6.220000000000000000e+02,-4.200000000000000000e+01
1.679988668428351164e+09,1.658400000000000000e+04,5.120000000000000000e+02,-7.840000000000000000e+02,-1.153000000000000000e+03,-6.220000000000000000e+02,-4.200000000000000000e+01
1.679988668428543329e+09,1.658400000000000000e+04,5.120000000000000000e+02,-7.840000000000000000e+02,-1.153000000000000000e+03,-6.220000000000000000e+02,-4.200000000000000000e+01
1.679988668428733110e+09,1.658400000000000000e+04,5.120000000000000000e+02,-7.840000000000000000e+02,-1.153000000000000000e+03,-6.220000000000000000e+02,-4.200000000000000000e+01
1.679988668428926706e+09,1.658400000000000000e+04,5.120000000000000000e+02,-7.840000000000000000e+02,-1.153000000000000000e+03,-6.220000000000000000e+02,-4.200000000000000000e+01
1.679988668429116011e+09,1.658400000000000000e+04,5.120000000000000000e+02,-7.840000000000000000e+02,-1.153000000000000000e+03,-6.220000000000000000e+02,-4.200000000000000000e+01
1.679988668429304361e+09,1.658400000000000000e+04,5.120000000000000000e+02,-7.840000000000000000e+02,-1.153000000000000000e+03,-6.220000000000000000e+02,-4.200000000000000000e+01
1.679988668429496765e+09,1.658400000000000000e+04,5.120000000000000000e+02,-7.840000000000000000e+02,-1.153000000000000000e+03,-6.220000000000000000e+02,-4.200000000000000000e+01
1.679988668429728031e+09,1.658400000000000000e+04,5.120000000000000000e+02,-7.840000000000000000e+02,-1.153000000000000000e+03,-6.220000000000000000e+02,-4.200000000000000000e+01
1.679988668429923296e+09,1.658400000000000000e+04,5.120000000000000000e+02,-7.840000000000000000e+02,-1.153000000000000000e+03,-6.220000000000000000e+02,-4.200000000000000000e+01
1.679988668430115700e+09,1.658400000000000000e+04,5.120000000000000000e+02,-7.840000000000000000e+02,-1.153000000000000000e+03,-6.220000000000000000e+02,-4.200000000000000000e+01
1.679988668430305719e+09,1.658400000000000000e+04,5.120000000000000000e+02,-7.840000000000000000e+02,-1.153000000000000000e+03,-6.220000000000000000e+02,-4.200000000000000000e+01
1.679988668430496454e+09,1.658400000000000000e+04,5.120000000000000000e+02,-7.840000000000000000e+02,-1.153000000000000000e+03,-6.220000000000000000e+02,-4.200000000000000000e+01
1.679988668430738688e+09,1.658400000000000000e+04,5.120000000000000000e+02,-7.840000000000000000e+02,-1.153000000000000000e+03,-6.220000000000000000e+02,-4.200000000000000000e+01
1.679988668430933237e+09,1.658400000000000000e+04,5.120000000000000000e+02,-7.840000000000000000e+02,-1.153000000000000000e+03,-6.220000000000000000e+02,-4.200000000000000000e+01
1.679988668431126118e+09,1.658400000000000000e+04,5.120000000000000000e+02,-7.840000000000000000e+02,-1.153000000000000000e+03,-6.220000000000000000e+02,-4.200000000000000000e+01
1.679988668431320906e+09,1.658400000000000000e+04,5.120000000000000000e+02,-7.840000000000000000e+02,-1.153000000000000000e+03,-6.220000000000000000e+02,-4.200000000000000000e+01
1.679988668431509495e+09,1.658400000000000000e+04,5.120000000000000000e+02,-7.840000000000000000e+02,-1.153000000000000000e+03,-6.220000000000000000e+02,-4.200000000000000000e+01
1.679988668431699514e+09,1.658400000000000000e+04,5.120000000000000000e+02,-7.840000000000000000e+02,-1.153000000000000000e+03,-6.220000000000000000e+02,-4.200000000000000000e+01
1.679988668431895256e+09,1.658400000000000000e+04,5.120000000000000000e+02,-7.840000000000000000e+02,-1.153000000000000000e+03,-6.220000000000000000e+02,-4.200000000000000000e+01
1.679988668432083607e+09,1.658400000000000000e+04,5.120000000000000000e+02,-7.840000000000000000e+02,-1.153000000000000000e+03,-6.220000000000000000e+02,-4.200000000000000000e+01
1.679988668432273865e+09,1.658400000000000000e+04,5.120000000000000000e+02,-7.840000000000000000e+02,-1.153000000000000000e+03,-6.220000000000000000e+02,-4.200000000000000000e+01
1.679988668432468176e+09,1.658400000000000000e+04,5.120000000000000000e+02,-7.840000000000000000e+02,-1.153000000000000000e+03,-6.220000000000000000e+02,-4.200000000000000000e+01
1.679988668432657242e+09,1.658400000000000000e+04,5.120000000000000000e+02,-7.840000000000000000e+02,-1.153000000000000000e+03,-6.220000000000000000e+02,-4.200000000000000000e+01
1.679988668432848692e+09,1.658400000000000000e+04,5.120000000000000000e+02,-7.840000000000000000e+02,-1.153000000000000000e+03,-6.220000000000000000e+02,-4.200000000000000000e+01
1.679988668433041334e+09,1.658400000000000000e+04,5.120000000000000000e+02,-7.840000000000000000e+02,-1.153000000000000000e+03,-6.220000000000000000e+02,-4.200000000000000000e+01
1.679988668433230400e+09,1.658400000000000000e+04,5.120000000000000000e+02,-7.840000000000000000e+02,-1.153000000000000000e+03,-6.220000000000000000e+02,-4.200000000000000000e+01
1.679988668433421612e+09,1.658400000000000000e+04,5.120000000000000000e+02,-7.840000000000000000e+02,-1.153000000000000000e+03,-6.220000000000000000e+02,-4.200000000000000000e+01
1.679988668433616161e+09,1.658400000000000000e+04,5.120000000000000000e+02,-7.840000000000000000e+02,-1.153000000000000000e+03,-6.220000000000000000e+02,-4.200000000000000000e+01
1.679988668433804750e+09,1.658400000000000000e+04,5.120000000000000000e+02,-7.840000000000000000e+02,-1.153000000000000000e+03,-6.220000000000000000e+02,-4.200000000000000000e+01
1.679988668433995724e+09,1.658400000000000000e+04,5.120000000000000000e+02,-7.840000000000000000e+02,-1.153000000000000000e+03,-6.220000000000000000e+02,-4.200000000000000000e+01
1.679988668434190035e+09,1.658400000000000000e+04,5.120000000000000000e+02,-7.840000000000000000e+02,-1.153000000000000000e+03,-6.220000000000000000e+02,-4.200000000000000000e+01
1.679988668434422493e+09,1.658400000000000000e+04,5.120000000000000000e+02,-7.840000000000000000e+02,-1.153000000000000000e+03,-6.220000000000000000e+02,-4.200000000000000000e+01
1.679988668434615374e+09,1.658400000000000000e+04,5.120000000000000000e+02,-7.840000000000000000e+02,-1.153000000000000000e+03,-6.220000000000000000e+02,-4.200000000000000000e+01
1.679988668434810877e+09,1.658400000000000000e+04,5.120000000000000000e+02,-7.840000000000000000e+02,-1.153000000000000000e+03,-6.220000000000000000e+02,-4.200000000000000000e+01
1.679988668435001135e+09,1.658400000000000000e+04,5.120000000000000000e+02,-7.840000000000000000e+02,-1.153000000000000000e+03,-6.220000000000000000e+02,-4.200000000000000000e+01
1.679988668435191631e+09,1.658400000000000000e+04,5.120000000000000000e+02,-7.840000000000000000e+02,-1.153000000000000000e+03,-6.220000000000000000e+02,-4.200000000000000000e+01
1.679988668435431242e+09,1.658400000000000000e+04,5.120000000000000000e+02,-7.840000000000000000e+02,-1.153000000000000000e+03,-6.220000000000000000e+02,-4.200000000000000000e+01
1.679988668435652256e+09,1.658400000000000000e+04,5.120000000000000000e+02,-7.840000000000000000e+02,-1.153000000000000000e+03,-6.220000000000000000e+02,-4.200000000000000000e+01
1.679988668435847282e+09,1.658400000000000000e+04,5.120000000000000000e+02,-7.840000000000000000e+02,-1.153000000000000000e+03,-6.220000000000000000e+02,-4.200000000000000000e+01
1.679988668436046124e+09,1.658400000000000000e+04,5.120000000000000000e+02,-7.840000000000000000e+02,-1.153000000000000000e+03,-6.220000000000000000e+02,-4.200000000000000000e+01
1.679988668436237335e+09,1.658400000000000000e+04,5.120000000000000000e+02,-7.840000000000000000e+02,-1.153000000000000000e+03,-6.220000000000000000e+02,-4.200000000000000000e+01
1.679988668436430454e+09,1.658400000000000000e+04,5.120000000000000000e+02,-7.840000000000000000e+02,-1.153000000000000000e+03,-6.220000000000000000e+02,-4.200000000000000000e+01
1.679988668436629057e+09,1.658400000000000000e+04,5.120000000000000000e+02,-7.840000000000000000e+02,-1.153000000000000000e+03,-6.220000000000000000e+02,-4.200000000000000000e+01
1.679988668436820030e+09,1.658400000000000000e+04,5.120000000000000000e+02,-7.840000000000000000e+02,-1.153000000000000000e+03,-6.220000000000000000e+02,-4.200000000000000000e+01
1.679988668437012911e+09,1.658400000000000000e+04,5.120000000000000000e+02,-7.840000000000000000e+02,-1.153000000000000000e+03,-6.220000000000000000e+02,-4.200000000000000000e+01
1.679988668437205076e+09,1.658400000000000000e+04,5.120000000000000000e+02,-7.840000000000000000e+02,-1.153000000000000000e+03,-6.220000000000000000e+02,-4.200000000000000000e+01
1.679988668437400103e+09,1.658400000000000000e+04,5.120000000000000000e+02,-7.840000000000000000e+02,-1.153000000000000000e+03,-6.220000000000000000e+02,-4.200000000000000000e+01
1.679988668437591314e+09,1.658400000000000000e+04,5.120000000000000000e+02,-7.840000000000000000e+02,-1.153000000000000000e+03,-6.220000000000000000e+02,-4.200000000000000000e+01
1.679988668437785149e+09,1.658400000000000000e+04,5.120000000000000000e+02,-7.840000000000000000e+02,-1.153000000000000000e+03,-6.220000000000000000e+02,-4.200000000000000000e+01
1.679988668437975407e+09,1.658400000000000000e+04,5.120000000000000000e+02,-7.840000000000000000e+02,-1.153000000000000000e+03,-6.220000000000000000e+02,-4.200000000000000000e+01
1.679988668438164711e+09,1.658400000000000000e+04,5.120000000000000000e+02,-7.840000000000000000e+02,-1.153000000000000000e+03,-6.220000000000000000e+02,-4.200000000000000000e+01
1.679988668438368082e+09,1.658400000000000000e+04,5.120000000000000000e+02,-7.840000000000000000e+02,-1.153000000000000000e+03,-6.220000000000000000e+02,-4.200000000000000000e+01
1.679988668438560724e+09,1.658400000000000000e+04,5.120000000000000000e+02,-7.840000000000000000e+02,-1.153000000000000000e+03,-6.220000000000000000e+02,-4.200000000000000000e+01
1.679988668438752651e+09,1.658400000000000000e+04,5.120000000000000000e+02,-7.840000000000000000e+02,-1.153000000000000000e+03,-6.220000000000000000e+02,-4.200000000000000000e+01
1.679988668438947916e+09,1.658400000000000000e+04,5.120000000000000000e+02,-7.840000000000000000e+02,-1.153000000000000000e+03,-6.220000000000000000e+02,-4.200000000000000000e+01
1.679988668439184189e+09,1.658400000000000000e+04,5.120000000000000000e+02,-7.840000000000000000e+02,-1.153000000000000000e+03,-6.220000000000000000e+02,-4.200000000000000000e+01
1.679988668439381838e+09,1.658400000000000000e+04,5.120000000000000000e+02,-7.840000000000000000e+02,-1.153000000000000000e+03,-6.220000000000000000e+02,-4.200000000000000000e+01
1.679988668439576626e+09,1.658400000000000000e+04,5.120000000000000000e+02,-7.840000000000000000e+02,-1.153000000000000000e+03,-6.220000000000000000e+02,-4.200000000000000000e+01
1.679988668439767122e+09,1.658400000000000000e+04,5.120000000000000000e+02,-7.840000000000000000e+02,-1.153000000000000000e+03,-6.220000000000000000e+02,-4.200000000000000000e+01
1.679988668439960241e+09,1.658400000000000000e+04,5.120000000000000000e+02,-7.840000000000000000e+02,-1.153000000000000000e+03,-6.220000000000000000e+02,-4.200000000000000000e+01
1.679988668440212965e+09,1.658400000000000000e+04,5.120000000000000000e+02,-7.840000000000000000e+02,-1.153000000000000000e+03,-6.220000000000000000e+02,-4.200000000000000000e+01
1.679988668440406799e+09,1.658400000000000000e+04,5.120000000000000000e+02,-7.840000000000000000e+02,-1.153000000000000000e+03,-6.220000000000000000e+02,-4.200000000000000000e+01
1.679988668440598726e+09,1.658400000000000000e+04,5.120000000000000000e+02,-7.840000000000000000e+02,-1.153000000000000000e+03,-6.220000000000000000e+02,-4.200000000000000000e+01
1.679988668440798044e+09,1.658400000000000000e+04,5.120000000000000000e+02,-7.840000000000000000e+02,-1.153000000000000000e+03,-6.220000000000000000e+02,-4.200000000000000000e+01
1.679988668440989971e+09,1.658400000000000000e+04,5.120000000000000000e+02,-7.840000000000000000e+02,-1.153000000000000000e+03,-6.220000000000000000e+02,-4.200000000000000000e+01
1.679988668441181898e+09,1.658400000000000000e+04,5.120000000000000000e+02,-7.840000000000000000e+02,-1.153000000000000000e+03,-6.220000000000000000e+02,-4.200000000000000000e+01
1.679988668441376925e+09,1.658400000000000000e+04,5.120000000000000000e+02,-7.840000000000000000e+02,-1.153000000000000000e+03,-6.220000000000000000e+02,-4.200000000000000000e+01
1.679988668441565990e+09,1.658400000000000000e+04,5.120000000000000000e+02,-7.840000000000000000e+02,-1.153000000000000000e+03,-6.220000000000000000e+02,-4.200000000000000000e+01
1.679988668441758394e+09,1.658400000000000000e+04,5.120000000000000000e+02,-7.840000000000000000e+02,-1.153000000000000000e+03,-6.220000000000000000e+02,-4.200000000000000000e+01
1.679988668441952944e+09,1.658400000000000000e+04,5.120000000000000000e+02,-7.840000000000000000e+02,-1.153000000000000000e+03,-6.220000000000000000e+02,-4.200000000000000000e+01
1.679988668442142248e+09,1.658400000000000000e+04,5.120000000000000000e+02,-7.840000000000000000e+02,-1.153000000000000000e+03,-6.220000000000000000e+02,-4.200000000000000000e+01
1.679988668442335606e+09,1.658400000000000000e+04,5.120000000000000000e+02,-7.840000000000000000e+02,-1.153000000000000000e+03,-6.220000000000000000e+02,-4.200000000000000000e+01
1.679988668442531824e+09,1.658400000000000000e+04,5.120000000000000000e+02,-7.840000000000000000e+02,-1.153000000000000000e+03,-6.220000000000000000e+02,-4.200000000000000000e+01
1.679988668442722797e+09,1.658400000000000000e+04,5.120000000000000000e+02,-7.840000000000000000e+02,-1.153000000000000000e+03,-6.220000000000000000e+02,-4.200000000000000000e+01
1.679988668442913532e+09,1.658400000000000000e+04,5.120000000000000000e+02,-7.840000000000000000e+02,-1.153000000000000000e+03,-6.220000000000000000e+02,-4.200000000000000000e+01
1.679988668443104982e+09,1.658400000000000000e+04,5.120000000000000000e+02,-7.840000000000000000e+02,-1.153000000000000000e+03,-6.220000000000000000e+02,-4.200000000000000000e+01
1.679988668443296909e+09,1.658400000000000000e+04,5.120000000000000000e+02,-7.840000000000000000e+02,-1.153000000000000000e+03,-6.220000000000000000e+02,-4.200000000000000000e+01
1.679988668443486691e+09,1.658400000000000000e+04,5.120000000000000000e+02,-7.840000000000000000e+02,-1.153000000000000000e+03,-6.220000000000000000e+02,-4.200000000000000000e+01
1.679988668443682909e+09,1.658400000000000000e+04,5.120000000000000000e+02,-7.840000000000000000e+02,-1.153000000000000000e+03,-6.220000000000000000e+02,-4.200000000000000000e+01
1.679988668443917513e+09,1.658400000000000000e+04,5.120000000000000000e+02,-7.840000000000000000e+02,-1.153000000000000000e+03,-6.220000000000000000e+02,-4.200000000000000000e+01
1.679988668444114447e+09,1.658400000000000000e+04,5.120000000000000000e+02,-7.840000000000000000e+02,-1.153000000000000000e+03,-6.220000000000000000e+02,-4.200000000000000000e+01
1.679988668444312334e+09,1.658400000000000000e+04,5.120000000000000000e+02,-7.840000000000000000e+02,-1.153000000000000000e+03,-6.220000000000000000e+02,-4.200000000000000000e+01
1.679988668444502354e+09,1.658400000000000000e+04,5.120000000000000000e+02,-7.840000000000000000e+02,-1.153000000000000000e+03,-6.220000000000000000e+02,-4.200000000000000000e+01
1.679988668444695234e+09,1.658400000000000000e+04,5.120000000000000000e+02,-7.840000000000000000e+02,-1.153000000000000000e+03,-6.220000000000000000e+02,-4.200000000000000000e+01
1.679988668444938660e+09,1.658400000000000000e+04,5.120000000000000000e+02,-7.840000000000000000e+02,-1.153000000000000000e+03,-6.220000000000000000e+02,-4.200000000000000000e+01
1.679988668445130348e+09,1.658400000000000000e+04,5.120000000000000000e+02,-7.840000000000000000e+02,-1.153000000000000000e+03,-6.220000000000000000e+02,-4.200000000000000000e+01
1.679988668445319653e+09,1.658400000000000000e+04,5.120000000000000000e+02,-7.840000000000000000e+02,-1.153000000000000000e+03,-6.220000000000000000e+02,-4.200000000000000000e+01
1.679988668445547819e+09,1.658400000000000000e+04,5.120000000000000000e+02,-7.840000000000000000e+02,-1.153000000000000000e+03,-6.220000000000000000e+02,-4.200000000000000000e+01
1.679988668445745230e+09,1.658400000000000000e+04,5.120000000000000000e+02,-7.840000000000000000e+02,-1.153000000000000000e+03,-6.220000000000000000e+02,-4.200000000000000000e+01
1.679988668445936441e+09,1.658400000000000000e+04,5.120000000000000000e+02,-7.840000000000000000e+02,-1.153000000000000000e+03,-6.220000000000000000e+02,-4.200000000000000000e+01
1.679988668446131468e+09,1.658400000000000000e+04,5.120000000000000000e+02,-7.840000000000000000e+02,-1.153000000000000000e+03,-6.220000000000000000e+02,-4.200000000000000000e+01
1.679988668446322918e+09,1.658400000000000000e+04,5.120000000000000000e+02,-7.840000000000000000e+02,-1.153000000000000000e+03,-6.220000000000000000e+02,-4.200000000000000000e+01
1.679988668446516991e+09,1.658400000000000000e+04,5.120000000000000000e+02,-7.840000000000000000e+02,-1.153000000000000000e+03,-6.220000000000000000e+02,-4.200000000000000000e+01
1.679988668446714163e+09,1.658400000000000000e+04,5.120000000000000000e+02,-7.840000000000000000e+02,-1.153000000000000000e+03,-6.220000000000000000e+02,-4.200000000000000000e+01
1.679988668446904898e+09,1.658400000000000000e+04,5.120000000000000000e+02,-7.840000000000000000e+02,-1.153000000000000000e+03,-6.220000000000000000e+02,-4.200000000000000000e+01
1.679988668447097301e+09,1.658400000000000000e+04,5.120000000000000000e+02,-7.840000000000000000e+02,-1.153000000000000000e+03,-6.220000000000000000e+02,-4.200000000000000000e+01
1.679988668447288752e+09,1.658400000000000000e+04,5.120000000000000000e+02,-7.840000000000000000e+02,-1.153000000000000000e+03,-6.220000000000000000e+02,-4.200000000000000000e+01
1.679988668447479248e+09,1.658400000000000000e+04,5.120000000000000000e+02,-7.840000000000000000e+02,-1.153000000000000000e+03,-6.220000000000000000e+02,-4.200000000000000000e+01
1.679988668447670698e+09,1.658400000000000000e+04,5.120000000000000000e+02,-7.840000000000000000e+02,-1.153000000000000000e+03,-6.220000000000000000e+02,-4.200000000000000000e+01
1.679988668447865963e+09,1.658400000000000000e+04,5.120000000000000000e+02,-7.840000000000000000e+02,-1.153000000000000000e+03,-6.220000000000000000e+02,-4.200000000000000000e+01
1.679988668448055744e+09,1.658400000000000000e+04,5.120000000000000000e+02,-7.840000000000000000e+02,-1.153000000000000000e+03,-6.220000000000000000e+02,-4.200000000000000000e+01
1.679988668448246956e+09,1.658400000000000000e+04,5.120000000000000000e+02,-7.840000000000000000e+02,-1.153000000000000000e+03,-6.220000000000000000e+02,-4.200000000000000000e+01
1.679988668448443413e+09,1.658400000000000000e+04,5.120000000000000000e+02,-7.840000000000000000e+02,-1.153000000000000000e+03,-6.220000000000000000e+02,-4.200000000000000000e+01
1.679988668448676825e+09,1.658400000000000000e+04,5.120000000000000000e+02,-7.840000000000000000e+02,-1.153000000000000000e+03,-6.220000000000000000e+02,-4.200000000000000000e+01
1.679988668448875189e+09,1.658400000000000000e+04,5.120000000000000000e+02,-7.840000000000000000e+02,-1.153000000000000000e+03,-6.220000000000000000e+02,-4.200000000000000000e+01
1.679988668449071646e+09,1.658400000000000000e+04,5.120000000000000000e+02,-7.840000000000000000e+02,-1.153000000000000000e+03,-6.220000000000000000e+02,-4.200000000000000000e+01
1.679988668449262381e+09,1.658400000000000000e+04,5.120000000000000000e+02,-7.840000000000000000e+02,-1.153000000000000000e+03,-6.220000000000000000e+02,-4.200000000000000000e+01
1.679988668449456692e+09,1.658400000000000000e+04,5.120000000000000000e+02,-7.840000000000000000e+02,-1.153000000000000000e+03,-6.220000000000000000e+02,-4.200000000000000000e+01
1.679988668449701309e+09,1.658400000000000000e+04,5.120000000000000000e+02,-7.840000000000000000e+02,-1.153000000000000000e+03,-6.220000000000000000e+02,-4.200000000000000000e+01
1.679988668449893475e+09,1.658400000000000000e+04,5.120000000000000000e+02,-7.840000000000000000e+02,-1.153000000000000000e+03,-6.220000000000000000e+02,-4.200000000000000000e+01
1.679988668450086594e+09,1.658400000000000000e+04,5.120000000000000000e+02,-7.840000000000000000e+02,-1.153000000000000000e+03,-6.220000000000000000e+02,-4.200000000000000000e+01
1.679988668450281143e+09,1.658400000000000000e+04,5.120000000000000000e+02,-7.840000000000000000e+02,-1.153000000000000000e+03,-6.220000000000000000e+02,-4.200000000000000000e+01
1.679988668450475216e+09,1.658400000000000000e+04,5.120000000000000000e+02,-7.840000000000000000e+02,-1.153000000000000000e+03,-6.220000000000000000e+02,-4.200000000000000000e+01
1.679988668450666189e+09,1.658400000000000000e+04,5.120000000000000000e+02,-7.840000000000000000e+02,-1.153000000000000000e+03,-6.220000000000000000e+02,-4.200000000000000000e+01
1.679988668450859547e+09,1.658400000000000000e+04,5.120000000000000000e+02,-7.840000000000000000e+02,-1.153000000000000000e+03,-6.220000000000000000e+02,-4.200000000000000000e+01
1.679988668451049566e+09,1.658400000000000000e+04,5.120000000000000000e+02,-7.840000000000000000e+02,-1.153000000000000000e+03,-6.220000000000000000e+02,-4.200000000000000000e+01
1.679988668451244354e+09,1.658400000000000000e+04,5.120000000000000000e+02,-7.840000000000000000e+02,-1.153000000000000000e+03,-6.220000000000000000e+02,-4.200000000000000000e+01
1.679988668451439619e+09,1.658400000000000000e+04,5.120000000000000000e+02,-7.840000000000000000e+02,-1.153000000000000000e+03,-6.220000000000000000e+02,-4.200000000000000000e+01
1.679988668451631308e+09,1.658400000000000000e+04,5.120000000000000000e+02,-7.840000000000000000e+02,-1.153000000000000000e+03,-6.220000000000000000e+02,-4.200000000000000000e+01
1.679988668451827526e+09,1.658400000000000000e+04,5.120000000000000000e+02,-7.840000000000000000e+02,-1.153000000000000000e+03,-6.220000000000000000e+02,-4.200000000000000000e+01
1.679988668452019930e+09,1.658400000000000000e+04,5.120000000000000000e+02,-7.840000000000000000e+02,-1.153000000000000000e+03,-6.220000000000000000e+02,-4.200000000000000000e+01
1.679988668452215433e+09,1.658400000000000000e+04,5.120000000000000000e+02,-7.840000000000000000e+02,-1.153000000000000000e+03,-6.220000000000000000e+02,-4.200000000000000000e+01
1.679988668452405453e+09,1.658400000000000000e+04,5.120000000000000000e+02,-7.840000000000000000e+02,-1.153000000000000000e+03,-6.220000000000000000e+02,-4.200000000000000000e+01
1.679988668452605009e+09,1.658400000000000000e+04,5.120000000000000000e+02,-7.840000000000000000e+02,-1.153000000000000000e+03,-6.220000000000000000e+02,-4.200000000000000000e+01
1.679988668452798128e+09,1.658400000000000000e+04,5.120000000000000000e+02,-7.840000000000000000e+02,-1.153000000000000000e+03,-6.220000000000000000e+02,-4.200000000000000000e+01
1.679988668452993631e+09,1.658400000000000000e+04,5.120000000000000000e+02,-7.840000000000000000e+02,-1.153000000000000000e+03,-6.220000000000000000e+02,-4.200000000000000000e+01
1.679988668453185797e+09,1.658400000000000000e+04,5.120000000000000000e+02,-7.840000000000000000e+02,-1.153000000000000000e+03,-6.220000000000000000e+02,-4.200000000000000000e+01
1.679988668453425169e+09,1.658400000000000000e+04,5.120000000000000000e+02,-7.840000000000000000e+02,-1.153000000000000000e+03,-6.220000000000000000e+02,-4.200000000000000000e+01
1.679988668453671217e+09,1.658400000000000000e+04,5.120000000000000000e+02,-7.840000000000000000e+02,-1.153000000000000000e+03,-6.220000000000000000e+02,-4.200000000000000000e+01
1.679988668453869820e+09,1.658400000000000000e+04,5.120000000000000000e+02,-7.840000000000000000e+02,-1.153000000000000000e+03,-6.220000000000000000e+02,-4.200000000000000000e+01
1.679988668454065084e+09,1.658400000000000000e+04,5.120000000000000000e+02,-7.840000000000000000e+02,-1.153000000000000000e+03,-6.220000000000000000e+02,-4.200000000000000000e+01
1.679988668454257488e+09,1.658400000000000000e+04,5.120000000000000000e+02,-7.840000000000000000e+02,-1.153000000000000000e+03,-6.220000000000000000e+02,-4.200000000000000000e+01
1.679988668454501629e+09,1.658400000000000000e+04,5.120000000000000000e+02,-7.840000000000000000e+02,-1.153000000000000000e+03,-6.220000000000000000e+02,-4.200000000000000000e+01
1.679988668454698563e+09,1.658400000000000000e+04,5.120000000000000000e+02,-7.840000000000000000e+02,-1.153000000000000000e+03,-6.220000000000000000e+02,-4.200000000000000000e+01
1.679988668454891920e+09,1.658400000000000000e+04,5.120000000000000000e+02,-7.840000000000000000e+02,-1.153000000000000000e+03,-6.220000000000000000e+02,-4.200000000000000000e+01
1.679988668455084085e+09,1.658400000000000000e+04,5.120000000000000000e+02,-7.840000000000000000e+02,-1.153000000000000000e+03,-6.220000000000000000e+02,-4.200000000000000000e+01
1.679988668455277920e+09,1.658400000000000000e+04,5.120000000000000000e+02,-7.840000000000000000e+02,-1.153000000000000000e+03,-6.220000000000000000e+02,-4.200000000000000000e+01
1.679988668455469847e+09,1.658400000000000000e+04,5.120000000000000000e+02,-7.840000000000000000e+02,-1.153000000000000000e+03,-6.220000000000000000e+02,-4.200000000000000000e+01
1.679988668455702066e+09,1.658400000000000000e+04,5.120000000000000000e+02,-7.840000000000000000e+02,-1.153000000000000000e+03,-6.220000000000000000e+02,-4.200000000000000000e+01
1.679988668455900431e+09,1.658400000000000000e+04,5.120000000000000000e+02,-7.840000000000000000e+02,-1.153000000000000000e+03,-6.220000000000000000e+02,-4.200000000000000000e+01
1.679988668456092596e+09,1.658400000000000000e+04,5.120000000000000000e+02,-7.840000000000000000e+02,-1.153000000000000000e+03,-6.220000000000000000e+02,-4.200000000000000000e+01
1.679988668456288576e+09,1.658400000000000000e+04,5.120000000000000000e+02,-7.840000000000000000e+02,-1.153000000000000000e+03,-6.220000000000000000e+02,-4.200000000000000000e+01
1.679988668456481457e+09,1.658400000000000000e+04,5.120000000000000000e+02,-7.840000000000000000e+02,-1.153000000000000000e+03,-6.220000000000000000e+02,-4.200000000000000000e+01
1.679988668456676722e+09,1.658400000000000000e+04,5.120000000000000000e+02,-7.840000000000000000e+02,-1.153000000000000000e+03,-6.220000000000000000e+02,-4.200000000000000000e+01
1.679988668456869841e+09,1.658400000000000000e+04,5.120000000000000000e+02,-7.840000000000000000e+02,-1.153000000000000000e+03,-6.220000000000000000e+02,-4.200000000000000000e+01
1.679988668457063913e+09,1.658400000000000000e+04,5.120000000000000000e+02,-7.840000000000000000e+02,-1.153000000000000000e+03,-6.220000000000000000e+02,-4.200000000000000000e+01
1.679988668457257271e+09,1.658400000000000000e+04,5.120000000000000000e+02,-7.840000000000000000e+02,-1.153000000000000000e+03,-6.220000000000000000e+02,-4.200000000000000000e+01
1.679988668457454681e+09,1.658400000000000000e+04,5.120000000000000000e+02,-7.840000000000000000e+02,-1.153000000000000000e+03,-6.220000000000000000e+02,-4.200000000000000000e+01
1.679988668457647324e+09,1.658400000000000000e+04,5.120000000000000000e+02,-7.840000000000000000e+02,-1.153000000000000000e+03,-6.220000000000000000e+02,-4.200000000000000000e+01
1.679988668457843781e+09,1.658400000000000000e+04,5.120000000000000000e+02,-7.840000000000000000e+02,-1.153000000000000000e+03,-6.220000000000000000e+02,-4.200000000000000000e+01
1.679988668458038092e+09,1.658400000000000000e+04,5.120000000000000000e+02,-7.840000000000000000e+02,-1.153000000000000000e+03,-6.220000000000000000e+02,-4.200000000000000000e+01
1.679988668458229303e+09,1.658400000000000000e+04,5.120000000000000000e+02,-7.840000000000000000e+02,-1.153000000000000000e+03,-6.220000000000000000e+02,-4.200000000000000000e+01
1.679988668458421707e+09,1.658400000000000000e+04,5.120000000000000000e+02,-7.840000000000000000e+02,-1.153000000000000000e+03,-6.220000000000000000e+02,-4.200000000000000000e+01
1.679988668458616018e+09,1.658400000000000000e+04,5.120000000000000000e+02,-7.840000000000000000e+02,-1.153000000000000000e+03,-6.220000000000000000e+02,-4.200000000000000000e+01
1.679988668458852291e+09,1.658400000000000000e+04,5.120000000000000000e+02,-7.840000000000000000e+02,-1.153000000000000000e+03,-6.220000000000000000e+02,-4.200000000000000000e+01
1.679988668459049225e+09,1.658400000000000000e+04,5.120000000000000000e+02,-7.840000000000000000e+02,-1.153000000000000000e+03,-6.220000000000000000e+02,-4.200000000000000000e+01
1.679988668459243536e+09,1.658400000000000000e+04,5.120000000000000000e+02,-7.840000000000000000e+02,-1.153000000000000000e+03,-6.220000000000000000e+02,-4.200000000000000000e+01
1.679988668459438086e+09,1.658400000000000000e+04,5.120000000000000000e+02,-7.840000000000000000e+02,-1.153000000000000000e+03,-6.220000000000000000e+02,-4.200000000000000000e+01
1.679988668459630966e+09,1.658400000000000000e+04,5.120000000000000000e+02,-7.840000000000000000e+02,-1.153000000000000000e+03,-6.220000000000000000e+02,-4.200000000000000000e+01
1.679988668459868431e+09,1.658400000000000000e+04,5.120000000000000000e+02,-7.840000000000000000e+02,-1.153000000000000000e+03,-6.220000000000000000e+02,-4.200000000000000000e+01
1.679988668460065603e+09,1.658400000000000000e+04,5.120000000000000000e+02,-7.840000000000000000e+02,-1.153000000000000000e+03,-6.220000000000000000e+02,-4.200000000000000000e+01
1.679988668460260153e+09,1.658400000000000000e+04,5.120000000000000000e+02,-7.840000000000000000e+02,-1.153000000000000000e+03,-6.220000000000000000e+02,-4.200000000000000000e+01
1.679988668460456610e+09,1.658400000000000000e+04,5.120000000000000000e+02,-7.840000000000000000e+02,-1.153000000000000000e+03,-6.220000000000000000e+02,-4.200000000000000000e+01
1.679988668460647106e+09,1.658400000000000000e+04,5.120000000000000000e+02,-7.840000000000000000e+02,-1.153000000000000000e+03,-6.220000000000000000e+02,-4.200000000000000000e+01
1.679988668460839510e+09,1.658400000000000000e+04,5.120000000000000000e+02,-7.840000000000000000e+02,-1.153000000000000000e+03,-6.220000000000000000e+02,-4.200000000000000000e+01
1.679988668461032867e+09,1.658400000000000000e+04,5.120000000000000000e+02,-7.840000000000000000e+02,-1.153000000000000000e+03,-6.220000000000000000e+02,-4.200000000000000000e+01
1.679988668461225748e+09,1.658400000000000000e+04,5.120000000000000000e+02,-7.840000000000000000e+02,-1.153000000000000000e+03,-6.220000000000000000e+02,-4.200000000000000000e+01
1.679988668461419106e+09,1.658400000000000000e+04,5.120000000000000000e+02,-7.840000000000000000e+02,-1.153000000000000000e+03,-6.220000000000000000e+02,-4.200000000000000000e+01
1.679988668461614370e+09,1.658400000000000000e+04,5.120000000000000000e+02,-7.840000000000000000e+02,-1.153000000000000000e+03,-6.220000000000000000e+02,-4.200000000000000000e+01
1.679988668461809158e+09,1.658400000000000000e+04,5.120000000000000000e+02,-7.840000000000000000e+02,-1.153000000000000000e+03,-6.220000000000000000e+02,-4.200000000000000000e+01
1.679988668462002754e+09,1.658400000000000000e+04,5.120000000000000000e+02,-7.840000000000000000e+02,-1.153000000000000000e+03,-6.220000000000000000e+02,-4.200000000000000000e+01
1.679988668462196112e+09,1.658400000000000000e+04,5.120000000000000000e+02,-7.840000000000000000e+02,-1.153000000000000000e+03,-6.220000000000000000e+02,-4.200000000000000000e+01
1.679988668462389708e+09,1.658400000000000000e+04,5.120000000000000000e+02,-7.840000000000000000e+02,-1.153000000000000000e+03,-6.220000000000000000e+02,-4.200000000000000000e+01
1.679988668462593555e+09,1.658400000000000000e+04,5.120000000000000000e+02,-7.840000000000000000e+02,-1.153000000000000000e+03,-6.220000000000000000e+02,-4.200000000000000000e+01
1.679988668462834597e+09,1.658400000000000000e+04,5.120000000000000000e+02,-7.840000000000000000e+02,-1.153000000000000000e+03,-6.220000000000000000e+02,-4.200000000000000000e+01
1.679988668463066816e+09,1.658400000000000000e+04,5.120000000000000000e+02,-7.840000000000000000e+02,-1.153000000000000000e+03,-6.220000000000000000e+02,-4.200000000000000000e+01
1.679988668463269234e+09,1.658400000000000000e+04,5.120000000000000000e+02,-7.840000000000000000e+02,-1.153000000000000000e+03,-6.220000000000000000e+02,-4.200000000000000000e+01
1.679988668463470936e+09,1.658400000000000000e+04,5.120000000000000000e+02,-7.840000000000000000e+02,-1.153000000000000000e+03,-6.220000000000000000e+02,-4.200000000000000000e+01
1.679988668463716269e+09,1.658400000000000000e+04,5.120000000000000000e+02,-7.840000000000000000e+02,-1.153000000000000000e+03,-6.220000000000000000e+02,-4.200000000000000000e+01
1.679988668463921547e+09,1.658400000000000000e+04,5.120000000000000000e+02,-7.840000000000000000e+02,-1.153000000000000000e+03,-6.220000000000000000e+02,-4.200000000000000000e+01
1.679988668464121819e+09,1.658400000000000000e+04,5.120000000000000000e+02,-7.840000000000000000e+02,-1.153000000000000000e+03,-6.220000000000000000e+02,-4.200000000000000000e+01
1.679988668464321852e+09,1.658400000000000000e+04,5.120000000000000000e+02,-7.840000000000000000e+02,-1.153000000000000000e+03,-6.220000000000000000e+02,-4.200000000000000000e+01
1.679988668464521408e+09,1.658400000000000000e+04,5.120000000000000000e+02,-7.840000000000000000e+02,-1.153000000000000000e+03,-6.220000000000000000e+02,-4.200000000000000000e+01
1.679988668464765787e+09,1.658400000000000000e+04,5.120000000000000000e+02,-7.840000000000000000e+02,-1.153000000000000000e+03,-6.220000000000000000e+02,-4.200000000000000000e+01
1.679988668464962959e+09,1.658400000000000000e+04,5.120000000000000000e+02,-7.840000000000000000e+02,-1.153000000000000000e+03,-6.220000000000000000e+02,-4.200000000000000000e+01
1.679988668465195417e+09,1.658400000000000000e+04,5.120000000000000000e+02,-7.840000000000000000e+02,-1.153000000000000000e+03,-6.220000000000000000e+02,-4.200000000000000000e+01
1.679988668465427637e+09,1.658400000000000000e+04,5.120000000000000000e+02,-7.840000000000000000e+02,-1.153000000000000000e+03,-6.220000000000000000e+02,-4.200000000000000000e+01
1.679988668465680122e+09,1.658400000000000000e+04,5.120000000000000000e+02,-7.840000000000000000e+02,-1.153000000000000000e+03,-6.220000000000000000e+02,-4.200000000000000000e+01
1.679988668465876579e+09,1.658400000000000000e+04,5.120000000000000000e+02,-7.840000000000000000e+02,-1.153000000000000000e+03,-6.220000000000000000e+02,-4.200000000000000000e+01
1.679988668466077328e+09,1.658400000000000000e+04,5.120000000000000000e+02,-7.840000000000000000e+02,-1.153000000000000000e+03,-6.220000000000000000e+02,-4.200000000000000000e+01
1.679988668466277599e+09,1.658400000000000000e+04,5.120000000000000000e+02,-7.840000000000000000e+02,-1.153000000000000000e+03,-6.220000000000000000e+02,-4.200000000000000000e+01
1.679988668466475725e+09,1.658400000000000000e+04,5.120000000000000000e+02,-7.840000000000000000e+02,-1.153000000000000000e+03,-6.220000000000000000e+02,-4.200000000000000000e+01
1.679988668466674328e+09,1.658400000000000000e+04,5.120000000000000000e+02,-7.840000000000000000e+02,-1.153000000000000000e+03,-6.220000000000000000e+02,-4.200000000000000000e+01
1.679988668466868162e+09,1.658400000000000000e+04,5.120000000000000000e+02,-7.840000000000000000e+02,-1.153000000000000000e+03,-6.220000000000000000e+02,-4.200000000000000000e+01
1.679988668467064857e+09,1.658400000000000000e+04,5.120000000000000000e+02,-7.840000000000000000e+02,-1.153000000000000000e+03,-6.220000000000000000e+02,-4.200000000000000000e+01
1.679988668467264652e+09,1.658400000000000000e+04,5.120000000000000000e+02,-7.840000000000000000e+02,-1.153000000000000000e+03,-6.220000000000000000e+02,-4.200000000000000000e+01
1.679988668467460632e+09,1.658400000000000000e+04,5.120000000000000000e+02,-7.840000000000000000e+02,-1.153000000000000000e+03,-6.220000000000000000e+02,-4.200000000000000000e+01
1.679988668467661619e+09,1.658400000000000000e+04,5.120000000000000000e+02,-7.840000000000000000e+02,-1.153000000000000000e+03,-6.220000000000000000e+02,-4.200000000000000000e+01
1.679988668467862844e+09,1.658400000000000000e+04,5.120000000000000000e+02,-7.840000000000000000e+02,-1.153000000000000000e+03,-6.220000000000000000e+02,-4.200000000000000000e+01
1.679988668468057871e+09,1.658400000000000000e+04,5.120000000000000000e+02,-7.840000000000000000e+02,-1.153000000000000000e+03,-6.220000000000000000e+02,-4.200000000000000000e+01
1.679988668468254805e+09,1.658400000000000000e+04,5.120000000000000000e+02,-7.840000000000000000e+02,-1.153000000000000000e+03,-6.220000000000000000e+02,-4.200000000000000000e+01
1.679988668468448877e+09,1.658400000000000000e+04,5.120000000000000000e+02,-7.840000000000000000e+02,-1.153000000000000000e+03,-6.220000000000000000e+02,-4.200000000000000000e+01
1.679988668468688488e+09,1.658400000000000000e+04,5.120000000000000000e+02,-7.840000000000000000e+02,-1.153000000000000000e+03,-6.220000000000000000e+02,-4.200000000000000000e+01
1.679988668468890190e+09,1.658400000000000000e+04,5.120000000000000000e+02,-7.840000000000000000e+02,-1.153000000000000000e+03,-6.220000000000000000e+02,-4.200000000000000000e+01
1.679988668469088554e+09,1.658400000000000000e+04,5.120000000000000000e+02,-7.840000000000000000e+02,-1.153000000000000000e+03,-6.220000000000000000e+02,-4.200000000000000000e+01
1.679988668469285965e+09,1.658400000000000000e+04,5.120000000000000000e+02,-7.840000000000000000e+02,-1.153000000000000000e+03,-6.220000000000000000e+02,-4.200000000000000000e+01
1.679988668469487190e+09,1.658400000000000000e+04,5.120000000000000000e+02,-7.840000000000000000e+02,-1.153000000000000000e+03,-6.220000000000000000e+02,-4.200000000000000000e+01
1.679988668469734430e+09,1.658400000000000000e+04,5.120000000000000000e+02,-7.840000000000000000e+02,-1.153000000000000000e+03,-6.220000000000000000e+02,-4.200000000000000000e+01
1.679988668469933271e+09,1.658400000000000000e+04,5.120000000000000000e+02,-7.840000000000000000e+02,-1.153000000000000000e+03,-6.220000000000000000e+02,-4.200000000000000000e+01
1.679988668470129490e+09,1.658400000000000000e+04,5.120000000000000000e+02,-7.840000000000000000e+02,-1.153000000000000000e+03,-6.220000000000000000e+02,-4.200000000000000000e+01
1.679988668470326424e+09,1.658400000000000000e+04,5.120000000000000000e+02,-7.840000000000000000e+02,-1.153000000000000000e+03,-6.220000000000000000e+02,-4.200000000000000000e+01
1.679988668470522165e+09,1.658400000000000000e+04,5.120000000000000000e+02,-7.840000000000000000e+02,-1.153000000000000000e+03,-6.220000000000000000e+02,-4.200000000000000000e+01
1.679988668470718622e+09,1.658400000000000000e+04,5.120000000000000000e+02,-7.840000000000000000e+02,-1.153000000000000000e+03,-6.220000000000000000e+02,-4.200000000000000000e+01
1.679988668470912218e+09,1.658400000000000000e+04,5.120000000000000000e+02,-7.840000000000000000e+02,-1.153000000000000000e+03,-6.220000000000000000e+02,-4.200000000000000000e+01
1.679988668471102715e+09,1.658400000000000000e+04,5.120000000000000000e+02,-7.840000000000000000e+02,-1.153000000000000000e+03,-6.220000000000000000e+02,-4.200000000000000000e+01
1.679988668471296072e+09,1.658400000000000000e+04,5.120000000000000000e+02,-7.840000000000000000e+02,-1.153000000000000000e+03,-6.220000000000000000e+02,-4.200000000000000000e+01
1.679988668471489906e+09,1.658400000000000000e+04,5.120000000000000000e+02,-7.840000000000000000e+02,-1.153000000000000000e+03,-6.220000000000000000e+02,-4.200000000000000000e+01
1.679988668471685410e+09,1.658400000000000000e+04,5.120000000000000000e+02,-7.840000000000000000e+02,-1.153000000000000000e+03,-6.220000000000000000e+02,-4.200000000000000000e+01
1.679988668471886158e+09,1.658400000000000000e+04,5.120000000000000000e+02,-7.840000000000000000e+02,-1.153000000000000000e+03,-6.220000000000000000e+02,-4.200000000000000000e+01
1.679988668472080946e+09,1.658400000000000000e+04,5.120000000000000000e+02,-7.840000000000000000e+02,-1.153000000000000000e+03,-6.220000000000000000e+02,-4.200000000000000000e+01
1.679988668472273827e+09,1.658400000000000000e+04,5.120000000000000000e+02,-7.840000000000000000e+02,-1.153000000000000000e+03,-6.220000000000000000e+02,-4.200000000000000000e+01
1.679988668472473145e+09,1.658400000000000000e+04,5.120000000000000000e+02,-7.840000000000000000e+02,-1.153000000000000000e+03,-6.220000000000000000e+02,-4.200000000000000000e+01
1.679988668472671032e+09,1.658400000000000000e+04,5.120000000000000000e+02,-7.840000000000000000e+02,-1.153000000000000000e+03,-6.220000000000000000e+02,-4.200000000000000000e+01
1.679988668472863913e+09,1.658400000000000000e+04,5.120000000000000000e+02,-7.840000000000000000e+02,-1.153000000000000000e+03,-6.220000000000000000e+02,-4.200000000000000000e+01
1.679988668473062515e+09,1.658400000000000000e+04,5.120000000000000000e+02,-7.840000000000000000e+02,-1.153000000000000000e+03,-6.220000000000000000e+02,-4.200000000000000000e+01
1.679988668473257542e+09,1.658400000000000000e+04,5.120000000000000000e+02,-7.840000000000000000e+02,-1.153000000000000000e+03,-6.220000000000000000e+02,-4.200000000000000000e+01
1.679988668473501921e+09,1.658400000000000000e+04,5.120000000000000000e+02,-7.840000000000000000e+02,-1.153000000000000000e+03,-6.220000000000000000e+02,-4.200000000000000000e+01
1.679988668473708868e+09,1.658400000000000000e+04,5.120000000000000000e+02,-7.840000000000000000e+02,-1.153000000000000000e+03,-6.220000000000000000e+02,-4.200000000000000000e+01
1.679988668473909855e+09,1.658400000000000000e+04,5.120000000000000000e+02,-7.840000000000000000e+02,-1.153000000000000000e+03,-6.220000000000000000e+02,-4.200000000000000000e+01
1.679988668474105835e+09,1.658400000000000000e+04,5.120000000000000000e+02,-7.840000000000000000e+02,-1.153000000000000000e+03,-6.220000000000000000e+02,-4.200000000000000000e+01
1.679988668474302530e+09,1.658400000000000000e+04,5.120000000000000000e+02,-7.840000000000000000e+02,-1.153000000000000000e+03,-6.220000000000000000e+02,-4.200000000000000000e+01
1.679988668474550247e+09,1.658400000000000000e+04,5.120000000000000000e+02,-7.840000000000000000e+02,-1.153000000000000000e+03,-6.220000000000000000e+02,-4.200000000000000000e+01
1.679988668474748373e+09,1.658400000000000000e+04,5.120000000000000000e+02,-7.840000000000000000e+02,-1.153000000000000000e+03,-6.220000000000000000e+02,-4.200000000000000000e+01
1.679988668474951267e+09,1.658400000000000000e+04,5.120000000000000000e+02,-7.840000000000000000e+02,-1.153000000000000000e+03,-6.220000000000000000e+02,-4.200000000000000000e+01
1.679988668475147724e+09,1.658400000000000000e+04,5.120000000000000000e+02,-7.840000000000000000e+02,-1.153000000000000000e+03,-6.220000000000000000e+02,-4.200000000000000000e+01
1.679988668475339174e+09,1.658400000000000000e+04,5.120000000000000000e+02,-7.840000000000000000e+02,-1.153000000000000000e+03,-6.220000000000000000e+02,-4.200000000000000000e+01
1.679988668475565195e+09,1.658400000000000000e+04,5.120000000000000000e+02,-7.840000000000000000e+02,-1.153000000000000000e+03,-6.220000000000000000e+02,-4.200000000000000000e+01
1.679988668475769997e+09,1.658400000000000000e+04,5.120000000000000000e+02,-7.840000000000000000e+02,-1.153000000000000000e+03,-6.220000000000000000e+02,-4.200000000000000000e+01
1.679988668475965738e+09,1.658400000000000000e+04,5.120000000000000000e+02,-7.840000000000000000e+02,-1.153000000000000000e+03,-6.220000000000000000e+02,-4.200000000000000000e+01
1.679988668476166725e+09,1.658400000000000000e+04,5.120000000000000000e+02,-7.840000000000000000e+02,-1.153000000000000000e+03,-6.220000000000000000e+02,-4.200000000000000000e+01
1.679988668476365089e+09,1.658400000000000000e+04,5.120000000000000000e+02,-7.840000000000000000e+02,-1.153000000000000000e+03,-6.220000000000000000e+02,-4.200000000000000000e+01
1.679988668476562500e+09,1.658400000000000000e+04,5.120000000000000000e+02,-7.840000000000000000e+02,-1.153000000000000000e+03,-6.220000000000000000e+02,-4.200000000000000000e+01
1.679988668476759195e+09,1.658400000000000000e+04,5.120000000000000000e+02,-7.840000000000000000e+02,-1.153000000000000000e+03,-6.220000000000000000e+02,-4.200000000000000000e+01
1.679988668476956367e+09,1.658400000000000000e+04,5.120000000000000000e+02,-7.840000000000000000e+02,-1.153000000000000000e+03,-6.220000000000000000e+02,-4.200000000000000000e+01
1.679988668477149963e+09,1.658400000000000000e+04,5.120000000000000000e+02,-7.840000000000000000e+02,-1.153000000000000000e+03,-6.220000000000000000e+02,-4.200000000000000000e+01
1.679988668477343321e+09,1.658400000000000000e+04,5.120000000000000000e+02,-7.840000000000000000e+02,-1.153000000000000000e+03,-6.220000000000000000e+02,-4.200000000000000000e+01
1.679988668477538347e+09,1.658400000000000000e+04,5.120000000000000000e+02,-7.840000000000000000e+02,-1.153000000000000000e+03,-6.220000000000000000e+02,-4.200000000000000000e+01
1.679988668477730274e+09,1.658400000000000000e+04,5.120000000000000000e+02,-7.840000000000000000e+02,-1.153000000000000000e+03,-6.220000000000000000e+02,-4.200000000000000000e+01
1.679988668477926493e+09,1.658400000000000000e+04,5.120000000000000000e+02,-7.840000000000000000e+02,-1.153000000000000000e+03,-6.220000000000000000e+02,-4.200000000000000000e+01
1.679988668478125572e+09,1.658400000000000000e+04,5.120000000000000000e+02,-7.840000000000000000e+02,-1.153000000000000000e+03,-6.220000000000000000e+02,-4.200000000000000000e+01
1.679988668478365421e+09,1.658400000000000000e+04,5.120000000000000000e+02,-7.840000000000000000e+02,-1.153000000000000000e+03,-6.220000000000000000e+02,-4.200000000000000000e+01
1.679988668478569508e+09,1.658400000000000000e+04,5.120000000000000000e+02,-7.840000000000000000e+02,-1.153000000000000000e+03,-6.220000000000000000e+02,-4.200000000000000000e+01
1.679988668478769779e+09,1.658400000000000000e+04,5.120000000000000000e+02,-7.840000000000000000e+02,-1.153000000000000000e+03,-6.220000000000000000e+02,-4.200000000000000000e+01
1.679988668478964806e+09,1.658400000000000000e+04,5.120000000000000000e+02,-7.840000000000000000e+02,-1.153000000000000000e+03,-6.220000000000000000e+02,-4.200000000000000000e+01
1.679988668479161263e+09,1.658400000000000000e+04,5.120000000000000000e+02,-7.840000000000000000e+02,-1.153000000000000000e+03,-6.220000000000000000e+02,-4.200000000000000000e+01
1.679988668479406118e+09,1.658400000000000000e+04,5.120000000000000000e+02,-7.840000000000000000e+02,-1.153000000000000000e+03,-6.220000000000000000e+02,-4.200000000000000000e+01
1.679988668479603052e+09,1.658400000000000000e+04,5.120000000000000000e+02,-7.840000000000000000e+02,-1.153000000000000000e+03,-6.220000000000000000e+02,-4.200000000000000000e+01
1.679988668479802608e+09,1.658400000000000000e+04,5.120000000000000000e+02,-7.840000000000000000e+02,-1.153000000000000000e+03,-6.220000000000000000e+02,-4.200000000000000000e+01
1.679988668480002403e+09,1.658400000000000000e+04,5.120000000000000000e+02,-7.840000000000000000e+02,-1.153000000000000000e+03,-6.220000000000000000e+02,-4.200000000000000000e+01
1.679988668480196238e+09,1.658400000000000000e+04,5.120000000000000000e+02,-7.840000000000000000e+02,-1.153000000000000000e+03,-6.220000000000000000e+02,-4.200000000000000000e+01
1.679988668480395079e+09,1.658400000000000000e+04,5.120000000000000000e+02,-7.840000000000000000e+02,-1.153000000000000000e+03,-6.220000000000000000e+02,-4.200000000000000000e+01
1.679988668480592728e+09,1.658400000000000000e+04,5.120000000000000000e+02,-7.840000000000000000e+02,-1.153000000000000000e+03,-6.220000000000000000e+02,-4.200000000000000000e+01
1.679988668480786800e+09,1.658400000000000000e+04,5.120000000000000000e+02,-7.840000000000000000e+02,-1.153000000000000000e+03,-6.220000000000000000e+02,-4.200000000000000000e+01
1.679988668480983973e+09,1.658400000000000000e+04,5.120000000000000000e+02,-7.840000000000000000e+02,-1.153000000000000000e+03,-6.220000000000000000e+02,-4.200000000000000000e+01
1.679988668481183290e+09,1.658400000000000000e+04,5.120000000000000000e+02,-7.840000000000000000e+02,-1.153000000000000000e+03,-6.220000000000000000e+02,-4.200000000000000000e+01
1.679988668481375694e+09,1.658400000000000000e+04,5.120000000000000000e+02,-7.840000000000000000e+02,-1.153000000000000000e+03,-6.220000000000000000e+02,-4.200000000000000000e+01
1.679988668481573343e+09,1.658400000000000000e+04,5.120000000000000000e+02,-7.840000000000000000e+02,-1.153000000000000000e+03,-6.220000000000000000e+02,-4.200000000000000000e+01
1.679988668481771469e+09,1.658400000000000000e+04,5.120000000000000000e+02,-7.840000000000000000e+02,-1.153000000000000000e+03,-6.220000000000000000e+02,-4.200000000000000000e+01
1.679988668481964827e+09,1.658400000000000000e+04,5.120000000000000000e+02,-7.840000000000000000e+02,-1.153000000000000000e+03,-6.220000000000000000e+02,-4.200000000000000000e+01
1.679988668482160330e+09,1.658400000000000000e+04,5.120000000000000000e+02,-7.840000000000000000e+02,-1.153000000000000000e+03,-6.220000000000000000e+02,-4.200000000000000000e+01
1.679988668482359886e+09,1.658400000000000000e+04,5.120000000000000000e+02,-7.840000000000000000e+02,-1.153000000000000000e+03,-6.220000000000000000e+02,-4.200000000000000000e+01
1.679988668482552767e+09,1.658400000000000000e+04,5.120000000000000000e+02,-7.840000000000000000e+02,-1.153000000000000000e+03,-6.220000000000000000e+02,-4.200000000000000000e+01
1.679988668482752562e+09,1.658400000000000000e+04,5.120000000000000000e+02,-7.840000000000000000e+02,-1.153000000000000000e+03,-6.220000000000000000e+02,-4.200000000000000000e+01
1.679988668482954025e+09,1.658400000000000000e+04,5.120000000000000000e+02,-7.840000000000000000e+02,-1.153000000000000000e+03,-6.220000000000000000e+02,-4.200000000000000000e+01
1.679988668483193159e+09,1.658400000000000000e+04,5.120000000000000000e+02,-7.840000000000000000e+02,-1.153000000000000000e+03,-6.220000000000000000e+02,-4.200000000000000000e+01
1.679988668483393431e+09,1.658400000000000000e+04,5.120000000000000000e+02,-7.840000000000000000e+02,-1.153000000000000000e+03,-6.220000000000000000e+02,-4.200000000000000000e+01
1.679988668483593464e+09,1.658400000000000000e+04,5.120000000000000000e+02,-7.840000000000000000e+02,-1.153000000000000000e+03,-6.220000000000000000e+02,-4.200000000000000000e+01
1.679988668483786345e+09,1.658400000000000000e+04,5.120000000000000000e+02,-7.840000000000000000e+02,-1.153000000000000000e+03,-6.220000000000000000e+02,-4.200000000000000000e+01
1.679988668483981371e+09,1.658400000000000000e+04,5.120000000000000000e+02,-7.840000000000000000e+02,-1.153000000000000000e+03,-6.220000000000000000e+02,-4.200000000000000000e+01
1.679988668484226704e+09,1.658400000000000000e+04,5.120000000000000000e+02,-7.840000000000000000e+02,-1.153000000000000000e+03,-6.220000000000000000e+02,-4.200000000000000000e+01
1.679988668484425306e+09,1.658400000000000000e+04,5.120000000000000000e+02,-7.840000000000000000e+02,-1.153000000000000000e+03,-6.220000000000000000e+02,-4.200000000000000000e+01
1.679988668484625578e+09,1.658400000000000000e+04,5.120000000000000000e+02,-7.840000000000000000e+02,-1.153000000000000000e+03,-6.220000000000000000e+02,-4.200000000000000000e+01
1.679988668484824657e+09,1.658400000000000000e+04,5.120000000000000000e+02,-7.840000000000000000e+02,-1.153000000000000000e+03,-6.220000000000000000e+02,-4.200000000000000000e+01
1.679988668485017776e+09,1.658400000000000000e+04,5.120000000000000000e+02,-7.840000000000000000e+02,-1.153000000000000000e+03,-6.220000000000000000e+02,-4.200000000000000000e+01
1.679988668485215902e+09,1.658400000000000000e+04,5.120000000000000000e+02,-7.840000000000000000e+02,-1.153000000000000000e+03,-6.220000000000000000e+02,-4.200000000000000000e+01
1.679988668485414982e+09,1.658400000000000000e+04,5.120000000000000000e+02,-7.840000000000000000e+02,-1.153000000000000000e+03,-6.220000000000000000e+02,-4.200000000000000000e+01
1.679988668485653877e+09,1.658400000000000000e+04,5.120000000000000000e+02,-7.840000000000000000e+02,-1.153000000000000000e+03,-6.220000000000000000e+02,-4.200000000000000000e+01
1.679988668485854626e+09,1.658400000000000000e+04,5.120000000000000000e+02,-7.840000000000000000e+02,-1.153000000000000000e+03,-6.220000000000000000e+02,-4.200000000000000000e+01
1.679988668486051798e+09,1.658400000000000000e+04,5.120000000000000000e+02,-7.840000000000000000e+02,-1.153000000000000000e+03,-6.220000000000000000e+02,-4.200000000000000000e+01
1.679988668486247778e+09,1.658400000000000000e+04,5.120000000000000000e+02,-7.840000000000000000e+02,-1.153000000000000000e+03,-6.220000000000000000e+02,-4.200000000000000000e+01
1.679988668486446619e+09,1.658400000000000000e+04,5.120000000000000000e+02,-7.840000000000000000e+02,-1.153000000000000000e+03,-6.220000000000000000e+02,-4.200000000000000000e+01
1.679988668486644030e+09,1.658400000000000000e+04,5.120000000000000000e+02,-7.840000000000000000e+02,-1.153000000000000000e+03,-6.220000000000000000e+02,-4.200000000000000000e+01
1.679988668486839771e+09,1.658400000000000000e+04,5.120000000000000000e+02,-7.840000000000000000e+02,-1.153000000000000000e+03,-6.220000000000000000e+02,-4.200000000000000000e+01
1.679988668487036705e+09,1.658400000000000000e+04,5.120000000000000000e+02,-7.840000000000000000e+02,-1.153000000000000000e+03,-6.220000000000000000e+02,-4.200000000000000000e+01
1.679988668487238646e+09,1.658400000000000000e+04,5.120000000000000000e+02,-7.840000000000000000e+02,-1.153000000000000000e+03,-6.220000000000000000e+02,-4.200000000000000000e+01
1.679988668487438440e+09,1.658400000000000000e+04,5.120000000000000000e+02,-7.840000000000000000e+02,-1.153000000000000000e+03,-6.220000000000000000e+02,-4.200000000000000000e+01
1.679988668487633944e+09,1.658400000000000000e+04,5.120000000000000000e+02,-7.840000000000000000e+02,-1.153000000000000000e+03,-6.220000000000000000e+02,-4.200000000000000000e+01
1.679988668487834215e+09,1.658400000000000000e+04,5.120000000000000000e+02,-7.840000000000000000e+02,-1.153000000000000000e+03,-6.220000000000000000e+02,-4.200000000000000000e+01
1.679988668488077164e+09,1.658400000000000000e+04,5.120000000000000000e+02,-7.840000000000000000e+02,-1.153000000000000000e+03,-6.220000000000000000e+02,-4.200000000000000000e+01
1.679988668488286018e+09,1.658400000000000000e+04,5.120000000000000000e+02,-7.840000000000000000e+02,-1.153000000000000000e+03,-6.220000000000000000e+02,-4.200000000000000000e+01
1.679988668488488197e+09,1.658400000000000000e+04,5.120000000000000000e+02,-7.840000000000000000e+02,-1.153000000000000000e+03,-6.220000000000000000e+02,-4.200000000000000000e+01
1.679988668488681793e+09,1.658400000000000000e+04,5.120000000000000000e+02,-7.840000000000000000e+02,-1.153000000000000000e+03,-6.220000000000000000e+02,-4.200000000000000000e+01
1.679988668488879681e+09,1.658400000000000000e+04,5.120000000000000000e+02,-7.840000000000000000e+02,-1.153000000000000000e+03,-6.220000000000000000e+02,-4.200000000000000000e+01
1.679988668489125013e+09,1.658400000000000000e+04,5.120000000000000000e+02,-7.840000000000000000e+02,-1.153000000000000000e+03,-6.220000000000000000e+02,-4.200000000000000000e+01
1.679988668489322424e+09,1.658400000000000000e+04,5.120000000000000000e+02,-7.840000000000000000e+02,-1.153000000000000000e+03,-6.220000000000000000e+02,-4.200000000000000000e+01
1.679988668489523411e+09,1.658400000000000000e+04,5.120000000000000000e+02,-7.840000000000000000e+02,-1.153000000000000000e+03,-6.220000000000000000e+02,-4.200000000000000000e+01
1.679988668489721298e+09,1.658400000000000000e+04,5.120000000000000000e+02,-7.840000000000000000e+02,-1.153000000000000000e+03,-6.220000000000000000e+02,-4.200000000000000000e+01
1.679988668489920616e+09,1.658400000000000000e+04,5.120000000000000000e+02,-7.840000000000000000e+02,-1.153000000000000000e+03,-6.220000000000000000e+02,-4.200000000000000000e+01
1.679988668490118980e+09,1.658400000000000000e+04,5.120000000000000000e+02,-7.840000000000000000e+02,-1.153000000000000000e+03,-6.220000000000000000e+02,-4.200000000000000000e+01
1.679988668490316868e+09,1.658400000000000000e+04,5.120000000000000000e+02,-7.840000000000000000e+02,-1.153000000000000000e+03,-6.220000000000000000e+02,-4.200000000000000000e+01
1.679988668490511417e+09,1.658400000000000000e+04,5.120000000000000000e+02,-7.840000000000000000e+02,-1.153000000000000000e+03,-6.220000000000000000e+02,-4.200000000000000000e+01
1.679988668490710974e+09,1.658400000000000000e+04,5.120000000000000000e+02,-7.840000000000000000e+02,-1.153000000000000000e+03,-6.220000000000000000e+02,-4.200000000000000000e+01
1.679988668490939140e+09,1.658400000000000000e+04,5.120000000000000000e+02,-7.840000000000000000e+02,-1.153000000000000000e+03,-6.220000000000000000e+02,-4.200000000000000000e+01
1.679988668491173029e+09,1.658400000000000000e+04,5.120000000000000000e+02,-7.840000000000000000e+02,-1.153000000000000000e+03,-6.220000000000000000e+02,-4.200000000000000000e+01
1.679988668491424084e+09,1.658400000000000000e+04,5.120000000000000000e+02,-7.840000000000000000e+02,-1.153000000000000000e+03,-6.220000000000000000e+02,-4.200000000000000000e+01
1.679988668491678953e+09,1.658400000000000000e+04,5.120000000000000000e+02,-7.840000000000000000e+02,-1.153000000000000000e+03,-6.220000000000000000e+02,-4.200000000000000000e+01
1.679988668491926670e+09,1.658400000000000000e+04,5.120000000000000000e+02,-7.840000000000000000e+02,-1.153000000000000000e+03,-6.220000000000000000e+02,-4.200000000000000000e+01
1.679988668492173672e+09,1.658400000000000000e+04,5.120000000000000000e+02,-7.840000000000000000e+02,-1.153000000000000000e+03,-6.220000000000000000e+02,-4.200000000000000000e+01
1.679988668492432117e+09,1.658400000000000000e+04,5.120000000000000000e+02,-7.840000000000000000e+02,-1.153000000000000000e+03,-6.220000000000000000e+02,-4.200000000000000000e+01
1.679988668492681503e+09,1.658400000000000000e+04,5.120000000000000000e+02,-7.840000000000000000e+02,-1.153000000000000000e+03,-6.220000000000000000e+02,-4.200000000000000000e+01
1.679988668492953777e+09,1.658400000000000000e+04,5.120000000000000000e+02,-7.840000000000000000e+02,-1.153000000000000000e+03,-6.220000000000000000e+02,-4.200000000000000000e+01
1.679988668493186235e+09,1.658400000000000000e+04,5.120000000000000000e+02,-7.840000000000000000e+02,-1.153000000000000000e+03,-6.220000000000000000e+02,-4.200000000000000000e+01
1.679988668493497849e+09,1.658400000000000000e+04,5.120000000000000000e+02,-7.840000000000000000e+02,-1.153000000000000000e+03,-6.220000000000000000e+02,-4.200000000000000000e+01
1.679988668493765593e+09,1.658400000000000000e+04,5.120000000000000000e+02,-7.840000000000000000e+02,-1.153000000000000000e+03,-6.220000000000000000e+02,-4.200000000000000000e+01
1.679988668494011879e+09,1.658400000000000000e+04,5.120000000000000000e+02,-7.840000000000000000e+02,-1.153000000000000000e+03,-6.220000000000000000e+02,-4.200000000000000000e+01
1.679988668494239092e+09,1.658400000000000000e+04,5.120000000000000000e+02,-7.840000000000000000e+02,-1.153000000000000000e+03,-6.220000000000000000e+02,-4.200000000000000000e+01
1.679988668494448662e+09,1.658400000000000000e+04,5.120000000000000000e+02,-7.840000000000000000e+02,-1.153000000000000000e+03,-6.220000000000000000e+02,-4.200000000000000000e+01
1.679988668494696140e+09,1.658400000000000000e+04,5.120000000000000000e+02,-7.840000000000000000e+02,-1.153000000000000000e+03,-6.220000000000000000e+02,-4.200000000000000000e+01
1.679988668494900942e+09,1.658400000000000000e+04,5.120000000000000000e+02,-7.840000000000000000e+02,-1.153000000000000000e+03,-6.220000000000000000e+02,-4.200000000000000000e+01
1.679988668495101929e+09,1.658400000000000000e+04,5.120000000000000000e+02,-7.840000000000000000e+02,-1.153000000000000000e+03,-6.220000000000000000e+02,-4.200000000000000000e+01
1.679988668495344877e+09,1.658400000000000000e+04,5.120000000000000000e+02,-7.840000000000000000e+02,-1.153000000000000000e+03,-6.220000000000000000e+02,-4.200000000000000000e+01
1.679988668495642424e+09,1.658400000000000000e+04,5.120000000000000000e+02,-7.840000000000000000e+02,-1.153000000000000000e+03,-6.220000000000000000e+02,-4.200000000000000000e+01
1.679988668495927572e+09,1.658400000000000000e+04,5.120000000000000000e+02,-7.840000000000000000e+02,-1.153000000000000000e+03,-6.220000000000000000e+02,-4.200000000000000000e+01
1.679988668496180296e+09,1.658400000000000000e+04,5.120000000000000000e+02,-7.840000000000000000e+02,-1.153000000000000000e+03,-6.220000000000000000e+02,-4.200000000000000000e+01
1.679988668496429682e+09,1.658400000000000000e+04,5.120000000000000000e+02,-7.840000000000000000e+02,-1.153000000000000000e+03,-6.220000000000000000e+02,-4.200000000000000000e+01
1.679988668496692896e+09,1.658400000000000000e+04,5.120000000000000000e+02,-7.840000000000000000e+02,-1.153000000000000000e+03,-6.220000000000000000e+02,-4.200000000000000000e+01
1.679988668496901274e+09,1.658400000000000000e+04,5.120000000000000000e+02,-7.840000000000000000e+02,-1.153000000000000000e+03,-6.220000000000000000e+02,-4.200000000000000000e+01
1.679988668497109175e+09,1.658400000000000000e+04,5.120000000000000000e+02,-7.840000000000000000e+02,-1.153000000000000000e+03,-6.220000000000000000e+02,-4.200000000000000000e+01
1.679988668497315884e+09,1.658400000000000000e+04,5.120000000000000000e+02,-7.840000000000000000e+02,-1.153000000000000000e+03,-6.220000000000000000e+02,-4.200000000000000000e+01
1.679988668497520208e+09,1.658400000000000000e+04,5.120000000000000000e+02,-7.840000000000000000e+02,-1.153000000000000000e+03,-6.220000000000000000e+02,-4.200000000000000000e+01
1.679988668497723579e+09,1.658400000000000000e+04,5.120000000000000000e+02,-7.840000000000000000e+02,-1.153000000000000000e+03,-6.220000000000000000e+02,-4.200000000000000000e+01
1.679988668497927904e+09,1.658400000000000000e+04,5.120000000000000000e+02,-7.840000000000000000e+02,-1.153000000000000000e+03,-6.220000000000000000e+02,-4.200000000000000000e+01
1.679988668498126268e+09,1.658400000000000000e+04,5.120000000000000000e+02,-7.840000000000000000e+02,-1.153000000000000000e+03,-6.220000000000000000e+02,-4.200000000000000000e+01
1.679988668498326778e+09,1.658400000000000000e+04,5.120000000000000000e+02,-7.840000000000000000e+02,-1.153000000000000000e+03,-6.220000000000000000e+02,-4.200000000000000000e+01
1.679988668498524427e+09,1.658400000000000000e+04,5.120000000000000000e+02,-7.840000000000000000e+02,-1.153000000000000000e+03,-6.220000000000000000e+02,-4.200000000000000000e+01
1.679988668498723269e+09,1.658400000000000000e+04,5.120000000000000000e+02,-7.840000000000000000e+02,-1.153000000000000000e+03,-6.220000000000000000e+02,-4.200000000000000000e+01
1.679988668498921156e+09,1.658400000000000000e+04,5.120000000000000000e+02,-7.840000000000000000e+02,-1.153000000000000000e+03,-6.220000000000000000e+02,-4.200000000000000000e+01
1.679988668499121189e+09,1.658400000000000000e+04,5.120000000000000000e+02,-7.840000000000000000e+02,-1.153000000000000000e+03,-6.220000000000000000e+02,-4.200000000000000000e+01
1.679988668499318123e+09,1.658400000000000000e+04,5.120000000000000000e+02,-7.840000000000000000e+02,-1.153000000000000000e+03,-6.220000000000000000e+02,-4.200000000000000000e+01
1.679988668499561787e+09,1.658400000000000000e+04,5.120000000000000000e+02,-7.840000000000000000e+02,-1.153000000000000000e+03,-6.220000000000000000e+02,-4.200000000000000000e+01
1.679988668499766588e+09,1.658400000000000000e+04,5.120000000000000000e+02,-7.840000000000000000e+02,-1.153000000000000000e+03,-6.220000000000000000e+02,-4.200000000000000000e+01
1.679988668499973536e+09,1.658400000000000000e+04,5.120000000000000000e+02,-7.840000000000000000e+02,-1.153000000000000000e+03,-6.220000000000000000e+02,-4.200000000000000000e+01
1.679988668500203371e+09,1.658400000000000000e+04,5.120000000000000000e+02,-7.840000000000000000e+02,-1.153000000000000000e+03,-6.220000000000000000e+02,-4.200000000000000000e+01
1.679988668500414371e+09,1.658400000000000000e+04,5.120000000000000000e+02,-7.840000000000000000e+02,-1.153000000000000000e+03,-6.220000000000000000e+02,-4.200000000000000000e+01
1.679988668500669003e+09,1.658400000000000000e+04,5.120000000000000000e+02,-7.840000000000000000e+02,-1.153000000000000000e+03,-6.220000000000000000e+02,-4.200000000000000000e+01
1.679988668500868320e+09,1.658400000000000000e+04,5.120000000000000000e+02,-7.840000000000000000e+02,-1.153000000000000000e+03,-6.220000000000000000e+02,-4.200000000000000000e+01
1.679988668501072407e+09,1.658400000000000000e+04,5.120000000000000000e+02,-7.840000000000000000e+02,-1.153000000000000000e+03,-6.220000000000000000e+02,-4.200000000000000000e+01
1.679988668501271725e+09,1.658400000000000000e+04,5.120000000000000000e+02,-7.840000000000000000e+02,-1.153000000000000000e+03,-6.220000000000000000e+02,-4.200000000000000000e+01
1.679988668501466513e+09,1.658400000000000000e+04,5.120000000000000000e+02,-7.840000000000000000e+02,-1.153000000000000000e+03,-6.220000000000000000e+02,-4.200000000000000000e+01
1.679988668501662016e+09,1.658400000000000000e+04,5.120000000000000000e+02,-7.840000000000000000e+02,-1.153000000000000000e+03,-6.220000000000000000e+02,-4.200000000000000000e+01
1.679988668501861572e+09,1.658400000000000000e+04,5.120000000000000000e+02,-7.840000000000000000e+02,-1.153000000000000000e+03,-6.220000000000000000e+02,-4.200000000000000000e+01
1.679988668502058744e+09,1.658400000000000000e+04,5.120000000000000000e+02,-7.840000000000000000e+02,-1.153000000000000000e+03,-6.220000000000000000e+02,-4.200000000000000000e+01
1.679988668502256870e+09,1.658400000000000000e+04,5.120000000000000000e+02,-7.840000000000000000e+02,-1.153000000000000000e+03,-6.220000000000000000e+02,-4.200000000000000000e+01
1.679988668502458096e+09,1.658400000000000000e+04,5.120000000000000000e+02,-7.840000000000000000e+02,-1.153000000000000000e+03,-6.220000000000000000e+02,-4.200000000000000000e+01
1.679988668502653360e+09,1.658400000000000000e+04,5.120000000000000000e+02,-7.840000000000000000e+02,-1.153000000000000000e+03,-6.220000000000000000e+02,-4.200000000000000000e+01
1.679988668502851725e+09,1.658400000000000000e+04,5.120000000000000000e+02,-7.840000000000000000e+02,-1.153000000000000000e+03,-6.220000000000000000e+02,-4.200000000000000000e+01
1.679988668503050089e+09,1.658400000000000000e+04,5.120000000000000000e+02,-7.840000000000000000e+02,-1.153000000000000000e+03,-6.220000000000000000e+02,-4.200000000000000000e+01
1.679988668503245354e+09,1.658400000000000000e+04,5.120000000000000000e+02,-7.840000000000000000e+02,-1.153000000000000000e+03,-6.220000000000000000e+02,-4.200000000000000000e+01
1.679988668503446341e+09,1.658400000000000000e+04,5.120000000000000000e+02,-7.840000000000000000e+02,-1.153000000000000000e+03,-6.220000000000000000e+02,-4.200000000000000000e+01
1.679988668503643751e+09,1.658400000000000000e+04,5.120000000000000000e+02,-7.840000000000000000e+02,-1.153000000000000000e+03,-6.220000000000000000e+02,-4.200000000000000000e+01
1.679988668503840923e+09,1.658400000000000000e+04,5.120000000000000000e+02,-7.840000000000000000e+02,-1.153000000000000000e+03,-6.220000000000000000e+02,-4.200000000000000000e+01
1.679988668504041672e+09,1.658400000000000000e+04,5.120000000000000000e+02,-7.840000000000000000e+02,-1.153000000000000000e+03,-6.220000000000000000e+02,-4.200000000000000000e+01
1.679988668504238129e+09,1.658400000000000000e+04,5.120000000000000000e+02,-7.840000000000000000e+02,-1.153000000000000000e+03,-6.220000000000000000e+02,-4.200000000000000000e+01
1.679988668504482031e+09,1.658400000000000000e+04,5.120000000000000000e+02,-7.840000000000000000e+02,-1.153000000000000000e+03,-6.220000000000000000e+02,-4.200000000000000000e+01
1.679988668504687309e+09,1.658400000000000000e+04,5.120000000000000000e+02,-7.840000000000000000e+02,-1.153000000000000000e+03,-6.220000000000000000e+02,-4.200000000000000000e+01
1.679988668504886866e+09,1.658400000000000000e+04,5.120000000000000000e+02,-7.840000000000000000e+02,-1.153000000000000000e+03,-6.220000000000000000e+02,-4.200000000000000000e+01
1.679988668505083799e+09,1.658400000000000000e+04,5.120000000000000000e+02,-7.840000000000000000e+02,-1.153000000000000000e+03,-6.220000000000000000e+02,-4.200000000000000000e+01
1.679988668505280733e+09,1.658400000000000000e+04,5.120000000000000000e+02,-7.840000000000000000e+02,-1.153000000000000000e+03,-6.220000000000000000e+02,-4.200000000000000000e+01
1.679988668505562782e+09,1.658400000000000000e+04,5.120000000000000000e+02,-7.840000000000000000e+02,-1.153000000000000000e+03,-6.220000000000000000e+02,-4.200000000000000000e+01
1.679988668505769968e+09,1.658400000000000000e+04,5.120000000000000000e+02,-7.840000000000000000e+02,-1.153000000000000000e+03,-6.220000000000000000e+02,-4.200000000000000000e+01
1.679988668505973577e+09,1.658400000000000000e+04,5.120000000000000000e+02,-7.840000000000000000e+02,-1.153000000000000000e+03,-6.220000000000000000e+02,-4.200000000000000000e+01
1.679988668506170034e+09,1.658400000000000000e+04,5.120000000000000000e+02,-7.840000000000000000e+02,-1.153000000000000000e+03,-6.220000000000000000e+02,-4.200000000000000000e+01
1.679988668506367922e+09,1.658400000000000000e+04,5.120000000000000000e+02,-7.840000000000000000e+02,-1.153000000000000000e+03,-6.220000000000000000e+02,-4.200000000000000000e+01
1.679988668506566286e+09,1.658400000000000000e+04,5.120000000000000000e+02,-7.840000000000000000e+02,-1.153000000000000000e+03,-6.220000000000000000e+02,-4.200000000000000000e+01
1.679988668506804466e+09,1.658400000000000000e+04,5.120000000000000000e+02,-7.840000000000000000e+02,-1.153000000000000000e+03,-6.220000000000000000e+02,-4.200000000000000000e+01
1.679988668507026196e+09,1.658400000000000000e+04,5.120000000000000000e+02,-7.840000000000000000e+02,-1.153000000000000000e+03,-6.220000000000000000e+02,-4.200000000000000000e+01
1.679988668507233143e+09,1.658400000000000000e+04,5.120000000000000000e+02,-7.840000000000000000e+02,-1.153000000000000000e+03,-6.220000000000000000e+02,-4.200000000000000000e+01
1.679988668507438660e+09,1.658400000000000000e+04,5.120000000000000000e+02,-7.840000000000000000e+02,-1.153000000000000000e+03,-6.220000000000000000e+02,-4.200000000000000000e+01
1.679988668507655382e+09,1.658400000000000000e+04,5.120000000000000000e+02,-7.840000000000000000e+02,-1.153000000000000000e+03,-6.220000000000000000e+02,-4.200000000000000000e+01
1.679988668507906675e+09,1.658400000000000000e+04,5.120000000000000000e+02,-7.840000000000000000e+02,-1.153000000000000000e+03,-6.220000000000000000e+02,-4.200000000000000000e+01
1.679988668508209705e+09,1.658400000000000000e+04,5.120000000000000000e+02,-7.840000000000000000e+02,-1.153000000000000000e+03,-6.220000000000000000e+02,-4.200000000000000000e+01
1.679988668508461714e+09,1.658400000000000000e+04,5.120000000000000000e+02,-7.840000000000000000e+02,-1.153000000000000000e+03,-6.220000000000000000e+02,-4.200000000000000000e+01
1.679988668508719921e+09,1.658400000000000000e+04,5.120000000000000000e+02,-7.840000000000000000e+02,-1.153000000000000000e+03,-6.220000000000000000e+02,-4.200000000000000000e+01
1.679988668508960962e+09,1.658400000000000000e+04,5.120000000000000000e+02,-7.840000000000000000e+02,-1.153000000000000000e+03,-6.220000000000000000e+02,-4.200000000000000000e+01
1.679988668509214163e+09,1.658400000000000000e+04,5.120000000000000000e+02,-7.840000000000000000e+02,-1.153000000000000000e+03,-6.220000000000000000e+02,-4.200000000000000000e+01
1.679988668509463072e+09,1.658400000000000000e+04,5.120000000000000000e+02,-7.840000000000000000e+02,-1.153000000000000000e+03,-6.220000000000000000e+02,-4.200000000000000000e+01
1.679988668509702444e+09,1.658400000000000000e+04,5.120000000000000000e+02,-7.840000000000000000e+02,-1.153000000000000000e+03,-6.220000000000000000e+02,-4.200000000000000000e+01
1.679988668510011196e+09,1.658400000000000000e+04,5.120000000000000000e+02,-7.840000000000000000e+02,-1.153000000000000000e+03,-6.220000000000000000e+02,-4.200000000000000000e+01
1.679988668510272264e+09,1.658400000000000000e+04,5.120000000000000000e+02,-7.840000000000000000e+02,-1.153000000000000000e+03,-6.220000000000000000e+02,-4.200000000000000000e+01
1.679988668510521173e+09,1.658400000000000000e+04,5.120000000000000000e+02,-7.840000000000000000e+02,-1.153000000000000000e+03,-6.220000000000000000e+02,-4.200000000000000000e+01
1.679988668510774374e+09,1.658400000000000000e+04,5.120000000000000000e+02,-7.840000000000000000e+02,-1.153000000000000000e+03,-6.220000000000000000e+02,-4.200000000000000000e+01
1.679988668511018276e+09,1.658400000000000000e+04,5.120000000000000000e+02,-7.840000000000000000e+02,-1.153000000000000000e+03,-6.220000000000000000e+02,-4.200000000000000000e+01
1.679988668511315107e+09,1.658400000000000000e+04,5.120000000000000000e+02,-7.840000000000000000e+02,-1.153000000000000000e+03,-6.220000000000000000e+02,-4.200000000000000000e+01
1.679988668511525869e+09,1.658400000000000000e+04,5.120000000000000000e+02,-7.840000000000000000e+02,-1.153000000000000000e+03,-6.220000000000000000e+02,-4.200000000000000000e+01
1.679988668511734724e+09,1.658400000000000000e+04,5.120000000000000000e+02,-7.840000000000000000e+02,-1.153000000000000000e+03,-6.220000000000000000e+02,-4.200000000000000000e+01
1.679988668511937857e+09,1.658400000000000000e+04,5.120000000000000000e+02,-7.840000000000000000e+02,-1.153000000000000000e+03,-6.220000000000000000e+02,-4.200000000000000000e+01
1.679988668512143135e+09,1.658400000000000000e+04,5.120000000000000000e+02,-7.840000000000000000e+02,-1.153000000000000000e+03,-6.220000000000000000e+02,-4.200000000000000000e+01
1.679988668512367249e+09,1.658400000000000000e+04,5.120000000000000000e+02,-7.840000000000000000e+02,-1.153000000000000000e+03,-6.220000000000000000e+02,-4.200000000000000000e+01
1.679988668512627363e+09,1.658400000000000000e+04,5.120000000000000000e+02,-7.840000000000000000e+02,-1.153000000000000000e+03,-6.220000000000000000e+02,-4.200000000000000000e+01
1.679988668512899399e+09,1.658400000000000000e+04,5.120000000000000000e+02,-7.840000000000000000e+02,-1.153000000000000000e+03,-6.220000000000000000e+02,-4.200000000000000000e+01
1.679988668513158083e+09,1.658400000000000000e+04,5.120000000000000000e+02,-7.840000000000000000e+02,-1.153000000000000000e+03,-6.220000000000000000e+02,-4.200000000000000000e+01
1.679988668513415337e+09,1.658400000000000000e+04,5.120000000000000000e+02,-7.840000000000000000e+02,-1.153000000000000000e+03,-6.220000000000000000e+02,-4.200000000000000000e+01
1.679988668513664722e+09,1.658400000000000000e+04,5.120000000000000000e+02,-7.840000000000000000e+02,-1.153000000000000000e+03,-6.220000000000000000e+02,-4.200000000000000000e+01
1.679988668513927698e+09,1.658400000000000000e+04,5.120000000000000000e+02,-7.840000000000000000e+02,-1.153000000000000000e+03,-6.220000000000000000e+02,-4.200000000000000000e+01
1.679988668514181852e+09,1.658400000000000000e+04,5.120000000000000000e+02,-7.840000000000000000e+02,-1.153000000000000000e+03,-6.220000000000000000e+02,-4.200000000000000000e+01
1.679988668514393806e+09,1.658400000000000000e+04,5.120000000000000000e+02,-7.840000000000000000e+02,-1.153000000000000000e+03,-6.220000000000000000e+02,-4.200000000000000000e+01
1.679988668514605761e+09,1.658400000000000000e+04,5.120000000000000000e+02,-7.840000000000000000e+02,-1.153000000000000000e+03,-6.220000000000000000e+02,-4.200000000000000000e+01
1.679988668514813185e+09,1.658400000000000000e+04,5.120000000000000000e+02,-7.840000000000000000e+02,-1.153000000000000000e+03,-6.220000000000000000e+02,-4.200000000000000000e+01
1.679988668515012503e+09,1.658400000000000000e+04,5.120000000000000000e+02,-7.840000000000000000e+02,-1.153000000000000000e+03,-6.220000000000000000e+02,-4.200000000000000000e+01
1.679988668515212536e+09,1.658400000000000000e+04,5.120000000000000000e+02,-7.840000000000000000e+02,-1.153000000000000000e+03,-6.220000000000000000e+02,-4.200000000000000000e+01
1.679988668515414953e+09,1.658400000000000000e+04,5.120000000000000000e+02,-7.840000000000000000e+02,-1.153000000000000000e+03,-6.220000000000000000e+02,-4.200000000000000000e+01
1.679988668515720844e+09,1.658400000000000000e+04,5.120000000000000000e+02,-7.840000000000000000e+02,-1.153000000000000000e+03,-6.220000000000000000e+02,-4.200000000000000000e+01
1.679988668515935898e+09,1.658400000000000000e+04,5.120000000000000000e+02,-7.840000000000000000e+02,-1.153000000000000000e+03,-6.220000000000000000e+02,-4.200000000000000000e+01
1.679988668516140699e+09,1.658400000000000000e+04,5.120000000000000000e+02,-7.840000000000000000e+02,-1.153000000000000000e+03,-6.220000000000000000e+02,-4.200000000000000000e+01
1.679988668516338348e+09,1.658400000000000000e+04,5.120000000000000000e+02,-7.840000000000000000e+02,-1.153000000000000000e+03,-6.220000000000000000e+02,-4.200000000000000000e+01
1.679988668516546011e+09,1.658400000000000000e+04,5.120000000000000000e+02,-7.840000000000000000e+02,-1.153000000000000000e+03,-6.220000000000000000e+02,-4.200000000000000000e+01
1.679988668516808510e+09,1.658400000000000000e+04,5.120000000000000000e+02,-7.840000000000000000e+02,-1.153000000000000000e+03,-6.220000000000000000e+02,-4.200000000000000000e+01
1.679988668517013311e+09,1.658400000000000000e+04,5.120000000000000000e+02,-7.840000000000000000e+02,-1.153000000000000000e+03,-6.220000000000000000e+02,-4.200000000000000000e+01
1.679988668517214298e+09,1.658400000000000000e+04,5.120000000000000000e+02,-7.840000000000000000e+02,-1.153000000000000000e+03,-6.220000000000000000e+02,-4.200000000000000000e+01
1.679988668517416000e+09,1.658400000000000000e+04,5.120000000000000000e+02,-7.840000000000000000e+02,-1.153000000000000000e+03,-6.220000000000000000e+02,-4.200000000000000000e+01
1.679988668517617941e+09,1.658400000000000000e+04,5.120000000000000000e+02,-7.840000000000000000e+02,-1.153000000000000000e+03,-6.220000000000000000e+02,-4.200000000000000000e+01
1.679988668517818451e+09,1.658400000000000000e+04,5.120000000000000000e+02,-7.840000000000000000e+02,-1.153000000000000000e+03,-6.220000000000000000e+02,-4.200000000000000000e+01
1.679988668518024445e+09,1.658400000000000000e+04,5.120000000000000000e+02,-7.840000000000000000e+02,-1.153000000000000000e+03,-6.220000000000000000e+02,-4.200000000000000000e+01
1.679988668518218517e+09,1.658400000000000000e+04,5.120000000000000000e+02,-7.840000000000000000e+02,-1.153000000000000000e+03,-6.220000000000000000e+02,-4.200000000000000000e+01
1.679988668518418074e+09,1.658400000000000000e+04,5.120000000000000000e+02,-7.840000000000000000e+02,-1.153000000000000000e+03,-6.220000000000000000e+02,-4.200000000000000000e+01
1.679988668518618584e+09,1.658400000000000000e+04,5.120000000000000000e+02,-7.840000000000000000e+02,-1.153000000000000000e+03,-6.220000000000000000e+02,-4.200000000000000000e+01
1.679988668518818617e+09,1.658400000000000000e+04,5.120000000000000000e+02,-7.840000000000000000e+02,-1.153000000000000000e+03,-6.220000000000000000e+02,-4.200000000000000000e+01
1.679988668519022942e+09,1.658400000000000000e+04,5.120000000000000000e+02,-7.840000000000000000e+02,-1.153000000000000000e+03,-6.220000000000000000e+02,-4.200000000000000000e+01
1.679988668519217968e+09,1.658400000000000000e+04,5.120000000000000000e+02,-7.840000000000000000e+02,-1.153000000000000000e+03,-6.220000000000000000e+02,-4.200000000000000000e+01
1.679988668519412041e+09,1.658400000000000000e+04,5.120000000000000000e+02,-7.840000000000000000e+02,-1.153000000000000000e+03,-6.220000000000000000e+02,-4.200000000000000000e+01
1.679988668519611835e+09,1.658400000000000000e+04,5.120000000000000000e+02,-7.840000000000000000e+02,-1.153000000000000000e+03,-6.220000000000000000e+02,-4.200000000000000000e+01
1.679988668519809484e+09,1.658400000000000000e+04,5.120000000000000000e+02,-7.840000000000000000e+02,-1.153000000000000000e+03,-6.220000000000000000e+02,-4.200000000000000000e+01
1.679988668520008564e+09,1.658400000000000000e+04,5.120000000000000000e+02,-7.840000000000000000e+02,-1.153000000000000000e+03,-6.220000000000000000e+02,-4.200000000000000000e+01
1.679988668520209312e+09,1.658400000000000000e+04,5.120000000000000000e+02,-7.840000000000000000e+02,-1.153000000000000000e+03,-6.220000000000000000e+02,-4.200000000000000000e+01
1.679988668520411253e+09,1.658400000000000000e+04,5.120000000000000000e+02,-7.840000000000000000e+02,-1.153000000000000000e+03,-6.220000000000000000e+02,-4.200000000000000000e+01
1.679988668520656347e+09,1.658400000000000000e+04,5.120000000000000000e+02,-7.840000000000000000e+02,-1.153000000000000000e+03,-6.220000000000000000e+02,-4.200000000000000000e+01
1.679988668520866156e+09,1.658400000000000000e+04,5.120000000000000000e+02,-7.840000000000000000e+02,-1.153000000000000000e+03,-6.220000000000000000e+02,-4.200000000000000000e+01
1.679988668521068096e+09,1.658400000000000000e+04,5.120000000000000000e+02,-7.840000000000000000e+02,-1.153000000000000000e+03,-6.220000000000000000e+02,-4.200000000000000000e+01
1.679988668521275043e+09,1.658400000000000000e+04,5.120000000000000000e+02,-7.840000000000000000e+02,-1.153000000000000000e+03,-6.220000000000000000e+02,-4.200000000000000000e+01
1.679988668521471977e+09,1.658400000000000000e+04,5.120000000000000000e+02,-7.840000000000000000e+02,-1.153000000000000000e+03,-6.220000000000000000e+02,-4.200000000000000000e+01
1.679988668521729946e+09,1.658400000000000000e+04,5.120000000000000000e+02,-7.840000000000000000e+02,-1.153000000000000000e+03,-6.220000000000000000e+02,-4.200000000000000000e+01
1.679988668521933556e+09,1.658400000000000000e+04,5.120000000000000000e+02,-7.840000000000000000e+02,-1.153000000000000000e+03,-6.220000000000000000e+02,-4.200000000000000000e+01
1.679988668522137880e+09,1.658400000000000000e+04,5.120000000000000000e+02,-7.840000000000000000e+02,-1.153000000000000000e+03,-6.220000000000000000e+02,-4.200000000000000000e+01
1.679988668522338152e+09,1.658400000000000000e+04,5.120000000000000000e+02,-7.840000000000000000e+02,-1.153000000000000000e+03,-6.220000000000000000e+02,-4.200000000000000000e+01
1.679988668522539854e+09,1.658400000000000000e+04,5.120000000000000000e+02,-7.840000000000000000e+02,-1.153000000000000000e+03,-6.220000000000000000e+02,-4.200000000000000000e+01
1.679988668522753716e+09,1.658400000000000000e+04,5.120000000000000000e+02,-7.840000000000000000e+02,-1.153000000000000000e+03,-6.220000000000000000e+02,-4.200000000000000000e+01
1.679988668522983789e+09,1.658400000000000000e+04,5.120000000000000000e+02,-7.840000000000000000e+02,-1.153000000000000000e+03,-6.220000000000000000e+02,-4.200000000000000000e+01
1.679988668523213863e+09,1.658400000000000000e+04,5.120000000000000000e+02,-7.840000000000000000e+02,-1.153000000000000000e+03,-6.220000000000000000e+02,-4.200000000000000000e+01
1.679988668523421288e+09,1.658400000000000000e+04,5.120000000000000000e+02,-7.840000000000000000e+02,-1.153000000000000000e+03,-6.220000000000000000e+02,-4.200000000000000000e+01
1.679988668523627758e+09,1.658400000000000000e+04,5.120000000000000000e+02,-7.840000000000000000e+02,-1.153000000000000000e+03,-6.220000000000000000e+02,-4.200000000000000000e+01
1.679988668523831606e+09,1.658400000000000000e+04,5.120000000000000000e+02,-7.840000000000000000e+02,-1.153000000000000000e+03,-6.220000000000000000e+02,-4.200000000000000000e+01
1.679988668524028063e+09,1.658400000000000000e+04,5.120000000000000000e+02,-7.840000000000000000e+02,-1.153000000000000000e+03,-6.220000000000000000e+02,-4.200000000000000000e+01
1.679988668524235725e+09,1.658400000000000000e+04,5.120000000000000000e+02,-7.840000000000000000e+02,-1.153000000000000000e+03,-6.220000000000000000e+02,-4.200000000000000000e+01
1.679988668524465322e+09,1.658400000000000000e+04,5.120000000000000000e+02,-7.840000000000000000e+02,-1.153000000000000000e+03,-6.220000000000000000e+02,-4.200000000000000000e+01
1.679988668524734259e+09,1.658400000000000000e+04,5.120000000000000000e+02,-7.840000000000000000e+02,-1.153000000000000000e+03,-6.220000000000000000e+02,-4.200000000000000000e+01
1.679988668525002956e+09,1.658400000000000000e+04,5.120000000000000000e+02,-7.840000000000000000e+02,-1.153000000000000000e+03,-6.220000000000000000e+02,-4.200000000000000000e+01
1.679988668525261641e+09,1.658400000000000000e+04,5.120000000000000000e+02,-7.840000000000000000e+02,-1.153000000000000000e+03,-6.220000000000000000e+02,-4.200000000000000000e+01
1.679988668525560856e+09,1.658400000000000000e+04,5.120000000000000000e+02,-7.840000000000000000e+02,-1.153000000000000000e+03,-6.220000000000000000e+02,-4.200000000000000000e+01
1.679988668525828123e+09,1.658400000000000000e+04,5.120000000000000000e+02,-7.840000000000000000e+02,-1.153000000000000000e+03,-6.220000000000000000e+02,-4.200000000000000000e+01
1.679988668526140928e+09,1.658400000000000000e+04,5.120000000000000000e+02,-7.840000000000000000e+02,-1.153000000000000000e+03,-6.220000000000000000e+02,-4.200000000000000000e+01
1.679988668526395798e+09,1.658400000000000000e+04,5.120000000000000000e+02,-7.840000000000000000e+02,-1.153000000000000000e+03,-6.220000000000000000e+02,-4.200000000000000000e+01
1.679988668526650190e+09,1.658400000000000000e+04,5.120000000000000000e+02,-7.840000000000000000e+02,-1.153000000000000000e+03,-6.220000000000000000e+02,-4.200000000000000000e+01
1.679988668526908398e+09,1.658400000000000000e+04,5.120000000000000000e+02,-7.840000000000000000e+02,-1.153000000000000000e+03,-6.220000000000000000e+02,-4.200000000000000000e+01
1.679988668527180433e+09,1.658400000000000000e+04,5.120000000000000000e+02,-7.840000000000000000e+02,-1.153000000000000000e+03,-6.220000000000000000e+02,-4.200000000000000000e+01
1.679988668527491093e+09,1.658400000000000000e+04,5.120000000000000000e+02,-7.840000000000000000e+02,-1.153000000000000000e+03,-6.220000000000000000e+02,-4.200000000000000000e+01
1.679988668527709007e+09,1.658400000000000000e+04,5.120000000000000000e+02,-7.840000000000000000e+02,-1.153000000000000000e+03,-6.220000000000000000e+02,-4.200000000000000000e+01
1.679988668527919531e+09,1.658400000000000000e+04,5.120000000000000000e+02,-7.840000000000000000e+02,-1.153000000000000000e+03,-6.220000000000000000e+02,-4.200000000000000000e+01
1.679988668528125286e+09,1.658400000000000000e+04,5.120000000000000000e+02,-7.840000000000000000e+02,-1.153000000000000000e+03,-6.220000000000000000e+02,-4.200000000000000000e+01
1.679988668528331995e+09,1.658400000000000000e+04,5.120000000000000000e+02,-7.840000000000000000e+02,-1.153000000000000000e+03,-6.220000000000000000e+02,-4.200000000000000000e+01
1.679988668528548002e+09,1.658400000000000000e+04,5.120000000000000000e+02,-7.840000000000000000e+02,-1.153000000000000000e+03,-6.220000000000000000e+02,-4.200000000000000000e+01
1.679988668528798819e+09,1.658400000000000000e+04,5.120000000000000000e+02,-7.840000000000000000e+02,-1.153000000000000000e+03,-6.220000000000000000e+02,-4.200000000000000000e+01
1.679988668529056787e+09,1.658400000000000000e+04,5.120000000000000000e+02,-7.840000000000000000e+02,-1.153000000000000000e+03,-6.220000000000000000e+02,-4.200000000000000000e+01
1.679988668529320717e+09,1.658400000000000000e+04,5.120000000000000000e+02,-7.840000000000000000e+02,-1.153000000000000000e+03,-6.220000000000000000e+02,-4.200000000000000000e+01
1.679988668529579163e+09,1.658400000000000000e+04,5.120000000000000000e+02,-7.840000000000000000e+02,-1.153000000000000000e+03,-6.220000000000000000e+02,-4.200000000000000000e+01
1.679988668529829741e+09,1.658400000000000000e+04,5.120000000000000000e+02,-7.840000000000000000e+02,-1.153000000000000000e+03,-6.220000000000000000e+02,-4.200000000000000000e+01
1.679988668530102730e+09,1.658400000000000000e+04,5.120000000000000000e+02,-7.840000000000000000e+02,-1.153000000000000000e+03,-6.220000000000000000e+02,-4.200000000000000000e+01
1.679988668530323029e+09,1.658400000000000000e+04,5.120000000000000000e+02,-7.840000000000000000e+02,-1.153000000000000000e+03,-6.220000000000000000e+02,-4.200000000000000000e+01
1.679988668530536413e+09,1.658400000000000000e+04,5.120000000000000000e+02,-7.840000000000000000e+02,-1.153000000000000000e+03,-6.220000000000000000e+02,-4.200000000000000000e+01
1.679988668530744791e+09,1.658400000000000000e+04,5.120000000000000000e+02,-7.840000000000000000e+02,-1.153000000000000000e+03,-6.220000000000000000e+02,-4.200000000000000000e+01
1.679988668530944586e+09,1.658400000000000000e+04,5.120000000000000000e+02,-7.840000000000000000e+02,-1.153000000000000000e+03,-6.220000000000000000e+02,-4.200000000000000000e+01
1.679988668531152725e+09,1.658400000000000000e+04,5.120000000000000000e+02,-7.840000000000000000e+02,-1.153000000000000000e+03,-6.220000000000000000e+02,-4.200000000000000000e+01
1.679988668531350613e+09,1.658400000000000000e+04,5.120000000000000000e+02,-7.840000000000000000e+02,-1.153000000000000000e+03,-6.220000000000000000e+02,-4.200000000000000000e+01
1.679988668531554699e+09,1.658400000000000000e+04,5.120000000000000000e+02,-7.840000000000000000e+02,-1.153000000000000000e+03,-6.220000000000000000e+02,-4.200000000000000000e+01
1.679988668531809330e+09,1.658400000000000000e+04,5.120000000000000000e+02,-7.840000000000000000e+02,-1.153000000000000000e+03,-6.220000000000000000e+02,-4.200000000000000000e+01
1.679988668532015800e+09,1.658400000000000000e+04,5.120000000000000000e+02,-7.840000000000000000e+02,-1.153000000000000000e+03,-6.220000000000000000e+02,-4.200000000000000000e+01
1.679988668532218456e+09,1.658400000000000000e+04,5.120000000000000000e+02,-7.840000000000000000e+02,-1.153000000000000000e+03,-6.220000000000000000e+02,-4.200000000000000000e+01
1.679988668532428503e+09,1.658400000000000000e+04,5.120000000000000000e+02,-7.840000000000000000e+02,-1.153000000000000000e+03,-6.220000000000000000e+02,-4.200000000000000000e+01
1.679988668532633781e+09,1.658400000000000000e+04,5.120000000000000000e+02,-7.840000000000000000e+02,-1.153000000000000000e+03,-6.220000000000000000e+02,-4.200000000000000000e+01
1.679988668532897949e+09,1.658400000000000000e+04,5.120000000000000000e+02,-7.840000000000000000e+02,-1.153000000000000000e+03,-6.220000000000000000e+02,-4.200000000000000000e+01
1.679988668533140659e+09,1.658400000000000000e+04,5.120000000000000000e+02,-7.840000000000000000e+02,-1.153000000000000000e+03,-6.220000000000000000e+02,-4.200000000000000000e+01
1.679988668533354759e+09,1.658400000000000000e+04,5.120000000000000000e+02,-7.840000000000000000e+02,-1.153000000000000000e+03,-6.220000000000000000e+02,-4.200000000000000000e+01
1.679988668533555746e+09,1.658400000000000000e+04,5.120000000000000000e+02,-7.840000000000000000e+02,-1.153000000000000000e+03,-6.220000000000000000e+02,-4.200000000000000000e+01
1.679988668533757925e+09,1.658400000000000000e+04,5.120000000000000000e+02,-7.840000000000000000e+02,-1.153000000000000000e+03,-6.220000000000000000e+02,-4.200000000000000000e+01
1.679988668533962727e+09,1.658400000000000000e+04,5.120000000000000000e+02,-7.840000000000000000e+02,-1.153000000000000000e+03,-6.220000000000000000e+02,-4.200000000000000000e+01
1.679988668534164429e+09,1.658400000000000000e+04,5.120000000000000000e+02,-7.840000000000000000e+02,-1.153000000000000000e+03,-6.220000000000000000e+02,-4.200000000000000000e+01
1.679988668534365892e+09,1.658400000000000000e+04,5.120000000000000000e+02,-7.840000000000000000e+02,-1.153000000000000000e+03,-6.220000000000000000e+02,-4.200000000000000000e+01
1.679988668534564018e+09,1.658400000000000000e+04,5.120000000000000000e+02,-7.840000000000000000e+02,-1.153000000000000000e+03,-6.220000000000000000e+02,-4.200000000000000000e+01
1.679988668534762859e+09,1.658400000000000000e+04,5.120000000000000000e+02,-7.840000000000000000e+02,-1.153000000000000000e+03,-6.220000000000000000e+02,-4.200000000000000000e+01
1.679988668534965515e+09,1.658400000000000000e+04,5.120000000000000000e+02,-7.840000000000000000e+02,-1.153000000000000000e+03,-6.220000000000000000e+02,-4.200000000000000000e+01
1.679988668535164833e+09,1.658400000000000000e+04,5.120000000000000000e+02,-7.840000000000000000e+02,-1.153000000000000000e+03,-6.220000000000000000e+02,-4.200000000000000000e+01
1.679988668535361528e+09,1.658400000000000000e+04,5.120000000000000000e+02,-7.840000000000000000e+02,-1.153000000000000000e+03,-6.220000000000000000e+02,-4.200000000000000000e+01
1.679988668535616875e+09,1.658400000000000000e+04,5.120000000000000000e+02,-7.840000000000000000e+02,-1.153000000000000000e+03,-6.220000000000000000e+02,-4.200000000000000000e+01
1.679988668535830736e+09,1.658400000000000000e+04,5.120000000000000000e+02,-7.840000000000000000e+02,-1.153000000000000000e+03,-6.220000000000000000e+02,-4.200000000000000000e+01
1.679988668536037922e+09,1.658400000000000000e+04,5.120000000000000000e+02,-7.840000000000000000e+02,-1.153000000000000000e+03,-6.220000000000000000e+02,-4.200000000000000000e+01
1.679988668536242008e+09,1.658400000000000000e+04,5.120000000000000000e+02,-7.840000000000000000e+02,-1.153000000000000000e+03,-6.220000000000000000e+02,-4.200000000000000000e+01
1.679988668536443472e+09,1.658400000000000000e+04,5.120000000000000000e+02,-7.840000000000000000e+02,-1.153000000000000000e+03,-6.220000000000000000e+02,-4.200000000000000000e+01
1.679988668536648512e+09,1.658400000000000000e+04,5.120000000000000000e+02,-7.840000000000000000e+02,-1.153000000000000000e+03,-6.220000000000000000e+02,-4.200000000000000000e+01
1.679988668536898136e+09,1.658400000000000000e+04,5.120000000000000000e+02,-7.840000000000000000e+02,-1.153000000000000000e+03,-6.220000000000000000e+02,-4.200000000000000000e+01
1.679988668537120104e+09,1.658400000000000000e+04,5.120000000000000000e+02,-7.840000000000000000e+02,-1.153000000000000000e+03,-6.220000000000000000e+02,-4.200000000000000000e+01
1.679988668537344933e+09,1.658400000000000000e+04,5.120000000000000000e+02,-7.840000000000000000e+02,-1.153000000000000000e+03,-6.220000000000000000e+02,-4.200000000000000000e+01
1.679988668537636518e+09,1.658400000000000000e+04,5.120000000000000000e+02,-7.840000000000000000e+02,-1.153000000000000000e+03,-6.220000000000000000e+02,-4.200000000000000000e+01
1.679988668537908316e+09,1.658400000000000000e+04,5.120000000000000000e+02,-7.840000000000000000e+02,-1.153000000000000000e+03,-6.220000000000000000e+02,-4.200000000000000000e+01
1.679988668538240433e+09,1.658400000000000000e+04,5.120000000000000000e+02,-7.840000000000000000e+02,-1.153000000000000000e+03,-6.220000000000000000e+02,-4.200000000000000000e+01
1.679988668538518667e+09,1.658400000000000000e+04,5.120000000000000000e+02,-7.840000000000000000e+02,-1.153000000000000000e+03,-6.220000000000000000e+02,-4.200000000000000000e+01
1.679988668538769007e+09,1.658400000000000000e+04,5.120000000000000000e+02,-7.840000000000000000e+02,-1.153000000000000000e+03,-6.220000000000000000e+02,-4.200000000000000000e+01
1.679988668539014578e+09,1.658400000000000000e+04,5.120000000000000000e+02,-7.840000000000000000e+02,-1.153000000000000000e+03,-6.220000000000000000e+02,-4.200000000000000000e+01
1.679988668539255381e+09,1.658400000000000000e+04,5.120000000000000000e+02,-7.840000000000000000e+02,-1.153000000000000000e+03,-6.220000000000000000e+02,-4.200000000000000000e+01
1.679988668539524078e+09,1.658400000000000000e+04,5.120000000000000000e+02,-7.840000000000000000e+02,-1.153000000000000000e+03,-6.220000000000000000e+02,-4.200000000000000000e+01
1.679988668539765358e+09,1.658400000000000000e+04,5.120000000000000000e+02,-7.840000000000000000e+02,-1.153000000000000000e+03,-6.220000000000000000e+02,-4.200000000000000000e+01
1.679988668540016174e+09,1.658400000000000000e+04,5.120000000000000000e+02,-7.840000000000000000e+02,-1.153000000000000000e+03,-6.220000000000000000e+02,-4.200000000000000000e+01
1.679988668540282726e+09,1.658400000000000000e+04,5.120000000000000000e+02,-7.840000000000000000e+02,-1.153000000000000000e+03,-6.220000000000000000e+02,-4.200000000000000000e+01
1.679988668540514231e+09,1.658400000000000000e+04,5.120000000000000000e+02,-7.840000000000000000e+02,-1.153000000000000000e+03,-6.220000000000000000e+02,-4.200000000000000000e+01
1.679988668540724516e+09,1.658400000000000000e+04,5.120000000000000000e+02,-7.840000000000000000e+02,-1.153000000000000000e+03,-6.220000000000000000e+02,-4.200000000000000000e+01
1.679988668540930748e+09,1.658400000000000000e+04,5.120000000000000000e+02,-7.840000000000000000e+02,-1.153000000000000000e+03,-6.220000000000000000e+02,-4.200000000000000000e+01
1.679988668541132689e+09,1.658400000000000000e+04,5.120000000000000000e+02,-7.840000000000000000e+02,-1.153000000000000000e+03,-6.220000000000000000e+02,-4.200000000000000000e+01
1.679988668541344166e+09,1.658400000000000000e+04,5.120000000000000000e+02,-7.840000000000000000e+02,-1.153000000000000000e+03,-6.220000000000000000e+02,-4.200000000000000000e+01
1.679988668541586637e+09,1.658400000000000000e+04,5.120000000000000000e+02,-7.840000000000000000e+02,-1.153000000000000000e+03,-6.220000000000000000e+02,-4.200000000000000000e+01
1.679988668541876554e+09,1.658400000000000000e+04,5.120000000000000000e+02,-7.840000000000000000e+02,-1.153000000000000000e+03,-6.220000000000000000e+02,-4.200000000000000000e+01
1.679988668542164326e+09,1.658400000000000000e+04,5.120000000000000000e+02,-7.840000000000000000e+02,-1.153000000000000000e+03,-6.220000000000000000e+02,-4.200000000000000000e+01
1.679988668542428732e+09,1.658400000000000000e+04,5.120000000000000000e+02,-7.840000000000000000e+02,-1.153000000000000000e+03,-6.220000000000000000e+02,-4.200000000000000000e+01
1.679988668542718649e+09,1.658400000000000000e+04,5.120000000000000000e+02,-7.840000000000000000e+02,-1.153000000000000000e+03,-6.220000000000000000e+02,-4.200000000000000000e+01
1.679988668542989254e+09,1.658400000000000000e+04,5.120000000000000000e+02,-7.840000000000000000e+02,-1.153000000000000000e+03,-6.220000000000000000e+02,-4.200000000000000000e+01
1.679988668543205738e+09,1.658400000000000000e+04,5.120000000000000000e+02,-7.840000000000000000e+02,-1.153000000000000000e+03,-6.220000000000000000e+02,-4.200000000000000000e+01
1.679988668543412924e+09,1.658400000000000000e+04,5.120000000000000000e+02,-7.840000000000000000e+02,-1.153000000000000000e+03,-6.220000000000000000e+02,-4.200000000000000000e+01
1.679988668543663979e+09,1.658400000000000000e+04,5.120000000000000000e+02,-7.840000000000000000e+02,-1.153000000000000000e+03,-6.220000000000000000e+02,-4.200000000000000000e+01
1.679988668543879271e+09,1.658400000000000000e+04,5.120000000000000000e+02,-7.840000000000000000e+02,-1.153000000000000000e+03,-6.220000000000000000e+02,-4.200000000000000000e+01
1.679988668544079065e+09,1.658400000000000000e+04,5.120000000000000000e+02,-7.840000000000000000e+02,-1.153000000000000000e+03,-6.220000000000000000e+02,-4.200000000000000000e+01
1.679988668544286013e+09,1.658400000000000000e+04,5.120000000000000000e+02,-7.840000000000000000e+02,-1.153000000000000000e+03,-6.220000000000000000e+02,-4.200000000000000000e+01
1.679988668544490099e+09,1.658400000000000000e+04,5.120000000000000000e+02,-7.840000000000000000e+02,-1.153000000000000000e+03,-6.220000000000000000e+02,-4.200000000000000000e+01
1.679988668544747591e+09,1.658400000000000000e+04,5.120000000000000000e+02,-7.840000000000000000e+02,-1.153000000000000000e+03,-6.220000000000000000e+02,-4.200000000000000000e+01
1.679988668544955730e+09,1.658400000000000000e+04,5.120000000000000000e+02,-7.840000000000000000e+02,-1.153000000000000000e+03,-6.220000000000000000e+02,-4.200000000000000000e+01
1.679988668545162201e+09,1.658400000000000000e+04,5.120000000000000000e+02,-7.840000000000000000e+02,-1.153000000000000000e+03,-6.220000000000000000e+02,-4.200000000000000000e+01
1.679988668545366526e+09,1.658400000000000000e+04,5.120000000000000000e+02,-7.840000000000000000e+02,-1.153000000000000000e+03,-6.220000000000000000e+02,-4.200000000000000000e+01
1.679988668545613527e+09,1.658400000000000000e+04,5.120000000000000000e+02,-7.840000000000000000e+02,-1.153000000000000000e+03,-6.220000000000000000e+02,-4.200000000000000000e+01
1.679988668545824528e+09,1.658400000000000000e+04,5.120000000000000000e+02,-7.840000000000000000e+02,-1.153000000000000000e+03,-6.220000000000000000e+02,-4.200000000000000000e+01
1.679988668546040773e+09,1.658400000000000000e+04,5.120000000000000000e+02,-7.840000000000000000e+02,-1.153000000000000000e+03,-6.220000000000000000e+02,-4.200000000000000000e+01
1.679988668546278715e+09,1.658400000000000000e+04,5.120000000000000000e+02,-7.840000000000000000e+02,-1.153000000000000000e+03,-6.220000000000000000e+02,-4.200000000000000000e+01
1.679988668546504021e+09,1.658400000000000000e+04,5.120000000000000000e+02,-7.840000000000000000e+02,-1.153000000000000000e+03,-6.220000000000000000e+02,-4.200000000000000000e+01
1.679988668546705961e+09,1.658400000000000000e+04,5.120000000000000000e+02,-7.840000000000000000e+02,-1.153000000000000000e+03,-6.220000000000000000e+02,-4.200000000000000000e+01
1.679988668546907187e+09,1.658400000000000000e+04,5.120000000000000000e+02,-7.840000000000000000e+02,-1.153000000000000000e+03,-6.220000000000000000e+02,-4.200000000000000000e+01
1.679988668547112465e+09,1.658400000000000000e+04,5.120000000000000000e+02,-7.840000000000000000e+02,-1.153000000000000000e+03,-6.220000000000000000e+02,-4.200000000000000000e+01
1.679988668547315359e+09,1.658400000000000000e+04,5.120000000000000000e+02,-7.840000000000000000e+02,-1.153000000000000000e+03,-6.220000000000000000e+02,-4.200000000000000000e+01
1.679988668547517538e+09,1.658400000000000000e+04,5.120000000000000000e+02,-7.840000000000000000e+02,-1.153000000000000000e+03,-6.220000000000000000e+02,-4.200000000000000000e+01
1.679988668547719955e+09,1.658400000000000000e+04,5.120000000000000000e+02,-7.840000000000000000e+02,-1.153000000000000000e+03,-6.220000000000000000e+02,-4.200000000000000000e+01
1.679988668547920465e+09,1.658400000000000000e+04,5.120000000000000000e+02,-7.840000000000000000e+02,-1.153000000000000000e+03,-6.220000000000000000e+02,-4.200000000000000000e+01
1.679988668548120260e+09,1.658400000000000000e+04,5.120000000000000000e+02,-7.840000000000000000e+02,-1.153000000000000000e+03,-6.220000000000000000e+02,-4.200000000000000000e+01
1.679988668548323154e+09,1.658400000000000000e+04,5.120000000000000000e+02,-7.840000000000000000e+02,-1.153000000000000000e+03,-6.220000000000000000e+02,-4.200000000000000000e+01
1.679988668548521280e+09,1.658400000000000000e+04,5.120000000000000000e+02,-7.840000000000000000e+02,-1.153000000000000000e+03,-6.220000000000000000e+02,-4.200000000000000000e+01
1.679988668548768520e+09,1.658400000000000000e+04,5.120000000000000000e+02,-7.840000000000000000e+02,-1.153000000000000000e+03,-6.220000000000000000e+02,-4.200000000000000000e+01
1.679988668548980474e+09,1.658400000000000000e+04,5.120000000000000000e+02,-7.840000000000000000e+02,-1.153000000000000000e+03,-6.220000000000000000e+02,-4.200000000000000000e+01
1.679988668549181223e+09,1.658400000000000000e+04,5.120000000000000000e+02,-7.840000000000000000e+02,-1.153000000000000000e+03,-6.220000000000000000e+02,-4.200000000000000000e+01
1.679988668549386978e+09,1.658400000000000000e+04,5.120000000000000000e+02,-7.840000000000000000e+02,-1.153000000000000000e+03,-6.220000000000000000e+02,-4.200000000000000000e+01
1.679988668549592018e+09,1.658400000000000000e+04,5.120000000000000000e+02,-7.840000000000000000e+02,-1.153000000000000000e+03,-6.220000000000000000e+02,-4.200000000000000000e+01
1.679988668549842358e+09,1.658400000000000000e+04,5.120000000000000000e+02,-7.840000000000000000e+02,-1.153000000000000000e+03,-6.220000000000000000e+02,-4.200000000000000000e+01
1.679988668550040722e+09,1.658400000000000000e+04,5.120000000000000000e+02,-7.840000000000000000e+02,-1.153000000000000000e+03,-6.220000000000000000e+02,-4.200000000000000000e+01
1.679988668550244570e+09,1.658400000000000000e+04,5.120000000000000000e+02,-7.840000000000000000e+02,-1.153000000000000000e+03,-6.220000000000000000e+02,-4.200000000000000000e+01
1.679988668550442934e+09,1.658400000000000000e+04,5.120000000000000000e+02,-7.840000000000000000e+02,-1.153000000000000000e+03,-6.220000000000000000e+02,-4.200000000000000000e+01
1.679988668550647497e+09,1.658400000000000000e+04,5.120000000000000000e+02,-7.840000000000000000e+02,-1.153000000000000000e+03,-6.220000000000000000e+02,-4.200000000000000000e+01
1.679988668550850868e+09,1.658400000000000000e+04,5.120000000000000000e+02,-7.840000000000000000e+02,-1.153000000000000000e+03,-6.220000000000000000e+02,-4.200000000000000000e+01
1.679988668551045656e+09,1.658400000000000000e+04,5.120000000000000000e+02,-7.840000000000000000e+02,-1.153000000000000000e+03,-6.220000000000000000e+02,-4.200000000000000000e+01
1.679988668551244974e+09,1.658400000000000000e+04,5.120000000000000000e+02,-7.840000000000000000e+02,-1.153000000000000000e+03,-6.220000000000000000e+02,-4.200000000000000000e+01
1.679988668551461458e+09,1.658400000000000000e+04,5.120000000000000000e+02,-7.840000000000000000e+02,-1.153000000000000000e+03,-6.220000000000000000e+02,-4.200000000000000000e+01
1.679988668552011013e+09,1.658400000000000000e+04,5.120000000000000000e+02,-7.840000000000000000e+02,-1.153000000000000000e+03,-6.220000000000000000e+02,-4.200000000000000000e+01
1.679988668552299738e+09,1.658400000000000000e+04,5.120000000000000000e+02,-7.840000000000000000e+02,-1.153000000000000000e+03,-6.220000000000000000e+02,-4.200000000000000000e+01
1.679988668552560568e+09,1.658400000000000000e+04,5.120000000000000000e+02,-7.840000000000000000e+02,-1.153000000000000000e+03,-6.220000000000000000e+02,-4.200000000000000000e+01
1.679988668552824736e+09,1.658400000000000000e+04,5.120000000000000000e+02,-7.840000000000000000e+02,-1.153000000000000000e+03,-6.220000000000000000e+02,-4.200000000000000000e+01
1.679988668553096294e+09,1.658400000000000000e+04,5.120000000000000000e+02,-7.840000000000000000e+02,-1.153000000000000000e+03,-6.220000000000000000e+02,-4.200000000000000000e+01
1.679988668553347826e+09,1.658400000000000000e+04,5.120000000000000000e+02,-7.840000000000000000e+02,-1.153000000000000000e+03,-6.220000000000000000e+02,-4.200000000000000000e+01
1.679988668553587675e+09,1.658400000000000000e+04,5.120000000000000000e+02,-7.840000000000000000e+02,-1.153000000000000000e+03,-6.220000000000000000e+02,-4.200000000000000000e+01
1.679988668553848982e+09,1.658400000000000000e+04,5.120000000000000000e+02,-7.840000000000000000e+02,-1.153000000000000000e+03,-6.220000000000000000e+02,-4.200000000000000000e+01
1.679988668554096222e+09,1.658400000000000000e+04,5.120000000000000000e+02,-7.840000000000000000e+02,-1.153000000000000000e+03,-6.220000000000000000e+02,-4.200000000000000000e+01
1.679988668554408073e+09,1.658400000000000000e+04,5.120000000000000000e+02,-7.840000000000000000e+02,-1.153000000000000000e+03,-6.220000000000000000e+02,-4.200000000000000000e+01
1.679988668554692745e+09,1.658400000000000000e+04,5.120000000000000000e+02,-7.840000000000000000e+02,-1.153000000000000000e+03,-6.220000000000000000e+02,-4.200000000000000000e+01
1.679988668554926157e+09,1.658400000000000000e+04,5.120000000000000000e+02,-7.840000000000000000e+02,-1.153000000000000000e+03,-6.220000000000000000e+02,-4.200000000000000000e+01
1.679988668555141687e+09,1.658400000000000000e+04,5.120000000000000000e+02,-7.840000000000000000e+02,-1.153000000000000000e+03,-6.220000000000000000e+02,-4.200000000000000000e+01
1.679988668555357218e+09,1.658400000000000000e+04,5.120000000000000000e+02,-7.840000000000000000e+02,-1.153000000000000000e+03,-6.220000000000000000e+02,-4.200000000000000000e+01
1.679988668555607796e+09,1.658400000000000000e+04,5.120000000000000000e+02,-7.840000000000000000e+02,-1.153000000000000000e+03,-6.220000000000000000e+02,-4.200000000000000000e+01
1.679988668555876970e+09,1.658400000000000000e+04,5.120000000000000000e+02,-7.840000000000000000e+02,-1.153000000000000000e+03,-6.220000000000000000e+02,-4.200000000000000000e+01
1.679988668556153774e+09,1.658400000000000000e+04,5.120000000000000000e+02,-7.840000000000000000e+02,-1.153000000000000000e+03,-6.220000000000000000e+02,-4.200000000000000000e+01
1.679988668556423426e+09,1.658400000000000000e+04,5.120000000000000000e+02,-7.840000000000000000e+02,-1.153000000000000000e+03,-6.220000000000000000e+02,-4.200000000000000000e+01
1.679988668556689262e+09,1.658400000000000000e+04,5.120000000000000000e+02,-7.840000000000000000e+02,-1.153000000000000000e+03,-6.220000000000000000e+02,-4.200000000000000000e+01
1.679988668556956053e+09,1.658400000000000000e+04,5.120000000000000000e+02,-7.840000000000000000e+02,-1.153000000000000000e+03,-6.220000000000000000e+02,-4.200000000000000000e+01
1.679988668557210445e+09,1.658400000000000000e+04,5.120000000000000000e+02,-7.840000000000000000e+02,-1.153000000000000000e+03,-6.220000000000000000e+02,-4.200000000000000000e+01
1.679988668557485580e+09,1.658400000000000000e+04,5.120000000000000000e+02,-7.840000000000000000e+02,-1.153000000000000000e+03,-6.220000000000000000e+02,-4.200000000000000000e+01
1.679988668557705879e+09,1.658400000000000000e+04,5.120000000000000000e+02,-7.840000000000000000e+02,-1.153000000000000000e+03,-6.220000000000000000e+02,-4.200000000000000000e+01
1.679988668557918310e+09,1.658400000000000000e+04,5.120000000000000000e+02,-7.840000000000000000e+02,-1.153000000000000000e+03,-6.220000000000000000e+02,-4.200000000000000000e+01
1.679988668558128119e+09,1.658400000000000000e+04,5.120000000000000000e+02,-7.840000000000000000e+02,-1.153000000000000000e+03,-6.220000000000000000e+02,-4.200000000000000000e+01
1.679988668558339119e+09,1.658400000000000000e+04,5.120000000000000000e+02,-7.840000000000000000e+02,-1.153000000000000000e+03,-6.220000000000000000e+02,-4.200000000000000000e+01
1.679988668558550358e+09,1.658400000000000000e+04,5.120000000000000000e+02,-7.840000000000000000e+02,-1.153000000000000000e+03,-6.220000000000000000e+02,-4.200000000000000000e+01
1.679988668558751583e+09,1.658400000000000000e+04,5.120000000000000000e+02,-7.840000000000000000e+02,-1.153000000000000000e+03,-6.220000000000000000e+02,-4.200000000000000000e+01
1.679988668558959007e+09,1.658400000000000000e+04,5.120000000000000000e+02,-7.840000000000000000e+02,-1.153000000000000000e+03,-6.220000000000000000e+02,-4.200000000000000000e+01
1.679988668559164762e+09,1.658400000000000000e+04,5.120000000000000000e+02,-7.840000000000000000e+02,-1.153000000000000000e+03,-6.220000000000000000e+02,-4.200000000000000000e+01
1.679988668559367418e+09,1.658400000000000000e+04,5.120000000000000000e+02,-7.840000000000000000e+02,-1.153000000000000000e+03,-6.220000000000000000e+02,-4.200000000000000000e+01
1.679988668559581518e+09,1.658400000000000000e+04,5.120000000000000000e+02,-7.840000000000000000e+02,-1.153000000000000000e+03,-6.220000000000000000e+02,-4.200000000000000000e+01
1.679988668559785843e+09,1.658400000000000000e+04,5.120000000000000000e+02,-7.840000000000000000e+02,-1.153000000000000000e+03,-6.220000000000000000e+02,-4.200000000000000000e+01
1.679988668560034990e+09,1.658400000000000000e+04,5.120000000000000000e+02,-7.840000000000000000e+02,-1.153000000000000000e+03,-6.220000000000000000e+02,-4.200000000000000000e+01
1.679988668560256958e+09,1.658400000000000000e+04,5.120000000000000000e+02,-7.840000000000000000e+02,-1.153000000000000000e+03,-6.220000000000000000e+02,-4.200000000000000000e+01
1.679988668560485363e+09,1.658400000000000000e+04,5.120000000000000000e+02,-7.840000000000000000e+02,-1.153000000000000000e+03,-6.220000000000000000e+02,-4.200000000000000000e+01
1.679988668560717344e+09,1.658400000000000000e+04,5.120000000000000000e+02,-7.840000000000000000e+02,-1.153000000000000000e+03,-6.220000000000000000e+02,-4.200000000000000000e+01
1.679988668560929775e+09,1.658400000000000000e+04,5.120000000000000000e+02,-7.840000000000000000e+02,-1.153000000000000000e+03,-6.220000000000000000e+02,-4.200000000000000000e+01
1.679988668561140299e+09,1.658400000000000000e+04,5.120000000000000000e+02,-7.840000000000000000e+02,-1.153000000000000000e+03,-6.220000000000000000e+02,-4.200000000000000000e+01
1.679988668561396122e+09,1.658400000000000000e+04,5.120000000000000000e+02,-7.840000000000000000e+02,-1.153000000000000000e+03,-6.220000000000000000e+02,-4.200000000000000000e+01
1.679988668561603308e+09,1.658400000000000000e+04,5.120000000000000000e+02,-7.840000000000000000e+02,-1.153000000000000000e+03,-6.220000000000000000e+02,-4.200000000000000000e+01
1.679988668561808348e+09,1.658400000000000000e+04,5.120000000000000000e+02,-7.840000000000000000e+02,-1.153000000000000000e+03,-6.220000000000000000e+02,-4.200000000000000000e+01
1.679988668562013388e+09,1.658400000000000000e+04,5.120000000000000000e+02,-7.840000000000000000e+02,-1.153000000000000000e+03,-6.220000000000000000e+02,-4.200000000000000000e+01
1.679988668562220335e+09,1.658400000000000000e+04,5.120000000000000000e+02,-7.840000000000000000e+02,-1.153000000000000000e+03,-6.220000000000000000e+02,-4.200000000000000000e+01
1.679988668562428236e+09,1.658400000000000000e+04,5.120000000000000000e+02,-7.840000000000000000e+02,-1.153000000000000000e+03,-6.220000000000000000e+02,-4.200000000000000000e+01
1.679988668562626600e+09,1.658400000000000000e+04,5.120000000000000000e+02,-7.840000000000000000e+02,-1.153000000000000000e+03,-6.220000000000000000e+02,-4.200000000000000000e+01
1.679988668562829733e+09,1.658400000000000000e+04,5.120000000000000000e+02,-7.840000000000000000e+02,-1.153000000000000000e+03,-6.220000000000000000e+02,-4.200000000000000000e+01
1.679988668563035727e+09,1.658400000000000000e+04,5.120000000000000000e+02,-7.840000000000000000e+02,-1.153000000000000000e+03,-6.220000000000000000e+02,-4.200000000000000000e+01
1.679988668563238859e+09,1.658400000000000000e+04,5.120000000000000000e+02,-7.840000000000000000e+02,-1.153000000000000000e+03,-6.220000000000000000e+02,-4.200000000000000000e+01
1.679988668563444853e+09,1.658400000000000000e+04,5.120000000000000000e+02,-7.840000000000000000e+02,-1.153000000000000000e+03,-6.220000000000000000e+02,-4.200000000000000000e+01
1.679988668563648462e+09,1.658400000000000000e+04,5.120000000000000000e+02,-7.840000000000000000e+02,-1.153000000000000000e+03,-6.220000000000000000e+02,-4.200000000000000000e+01
1.679988668563849211e+09,1.658400000000000000e+04,5.120000000000000000e+02,-7.840000000000000000e+02,-1.153000000000000000e+03,-6.220000000000000000e+02,-4.200000000000000000e+01
1.679988668564057827e+09,1.658400000000000000e+04,5.120000000000000000e+02,-7.840000000000000000e+02,-1.153000000000000000e+03,-6.220000000000000000e+02,-4.200000000000000000e+01
1.679988668564259529e+09,1.658400000000000000e+04,5.120000000000000000e+02,-7.840000000000000000e+02,-1.153000000000000000e+03,-6.220000000000000000e+02,-4.200000000000000000e+01
1.679988668564454556e+09,1.658400000000000000e+04,5.120000000000000000e+02,-7.840000000000000000e+02,-1.153000000000000000e+03,-6.220000000000000000e+02,-4.200000000000000000e+01
1.679988668564660311e+09,1.658400000000000000e+04,5.120000000000000000e+02,-7.840000000000000000e+02,-1.153000000000000000e+03,-6.220000000000000000e+02,-4.200000000000000000e+01
1.679988668564865112e+09,1.658400000000000000e+04,5.120000000000000000e+02,-7.840000000000000000e+02,-1.153000000000000000e+03,-6.220000000000000000e+02,-4.200000000000000000e+01
1.679988668565111637e+09,1.658400000000000000e+04,5.120000000000000000e+02,-7.840000000000000000e+02,-1.153000000000000000e+03,-6.220000000000000000e+02,-4.200000000000000000e+01
1.679988668565325499e+09,1.658400000000000000e+04,5.120000000000000000e+02,-7.840000000000000000e+02,-1.153000000000000000e+03,-6.220000000000000000e+02,-4.200000000000000000e+01
1.679988668565559149e+09,1.658400000000000000e+04,5.120000000000000000e+02,-7.840000000000000000e+02,-1.153000000000000000e+03,-6.220000000000000000e+02,-4.200000000000000000e+01
1.679988668565765142e+09,1.658400000000000000e+04,5.120000000000000000e+02,-7.840000000000000000e+02,-1.153000000000000000e+03,-6.220000000000000000e+02,-4.200000000000000000e+01
1.679988668565977573e+09,1.658400000000000000e+04,5.120000000000000000e+02,-7.840000000000000000e+02,-1.153000000000000000e+03,-6.220000000000000000e+02,-4.200000000000000000e+01
1.679988668566188574e+09,1.658400000000000000e+04,5.120000000000000000e+02,-7.840000000000000000e+02,-1.153000000000000000e+03,-6.220000000000000000e+02,-4.200000000000000000e+01
1.679988668566451311e+09,1.658400000000000000e+04,5.120000000000000000e+02,-7.840000000000000000e+02,-1.153000000000000000e+03,-6.220000000000000000e+02,-4.200000000000000000e+01
1.679988668566702366e+09,1.658400000000000000e+04,5.120000000000000000e+02,-7.840000000000000000e+02,-1.153000000000000000e+03,-6.220000000000000000e+02,-4.200000000000000000e+01
1.679988668566986561e+09,1.658400000000000000e+04,5.120000000000000000e+02,-7.840000000000000000e+02,-1.153000000000000000e+03,-6.220000000000000000e+02,-4.200000000000000000e+01
1.679988668567278624e+09,1.658400000000000000e+04,5.120000000000000000e+02,-7.840000000000000000e+02,-1.153000000000000000e+03,-6.220000000000000000e+02,-4.200000000000000000e+01
1.679988668567553520e+09,1.658400000000000000e+04,5.120000000000000000e+02,-7.840000000000000000e+02,-1.153000000000000000e+03,-6.220000000000000000e+02,-4.200000000000000000e+01
1.679988668567806959e+09,1.658400000000000000e+04,5.120000000000000000e+02,-7.840000000000000000e+02,-1.153000000000000000e+03,-6.220000000000000000e+02,-4.200000000000000000e+01
1.679988668568069220e+09,1.658400000000000000e+04,5.120000000000000000e+02,-7.840000000000000000e+02,-1.153000000000000000e+03,-6.220000000000000000e+02,-4.200000000000000000e+01
1.679988668568335772e+09,1.658400000000000000e+04,5.120000000000000000e+02,-7.840000000000000000e+02,-1.153000000000000000e+03,-6.220000000000000000e+02,-4.200000000000000000e+01
1.679988668568585157e+09,1.658400000000000000e+04,5.120000000000000000e+02,-7.840000000000000000e+02,-1.153000000000000000e+03,-6.220000000000000000e+02,-4.200000000000000000e+01
1.679988668568835020e+09,1.658400000000000000e+04,5.120000000000000000e+02,-7.840000000000000000e+02,-1.153000000000000000e+03,-6.220000000000000000e+02,-4.200000000000000000e+01
1.679988668569097996e+09,1.658400000000000000e+04,5.120000000000000000e+02,-7.840000000000000000e+02,-1.153000000000000000e+03,-6.220000000000000000e+02,-4.200000000000000000e+01
1.679988668569365025e+09,1.658400000000000000e+04,5.120000000000000000e+02,-7.840000000000000000e+02,-1.153000000000000000e+03,-6.220000000000000000e+02,-4.200000000000000000e+01
1.679988668569619179e+09,1.658400000000000000e+04,5.120000000000000000e+02,-7.840000000000000000e+02,-1.153000000000000000e+03,-6.220000000000000000e+02,-4.200000000000000000e+01
1.679988668569871426e+09,1.658400000000000000e+04,5.120000000000000000e+02,-7.840000000000000000e+02,-1.153000000000000000e+03,-6.220000000000000000e+02,-4.200000000000000000e+01
1.679988668570132017e+09,1.658400000000000000e+04,5.120000000000000000e+02,-7.840000000000000000e+02,-1.153000000000000000e+03,-6.220000000000000000e+02,-4.200000000000000000e+01
1.679988668570380688e+09,1.658400000000000000e+04,5.120000000000000000e+02,-7.840000000000000000e+02,-1.153000000000000000e+03,-6.220000000000000000e+02,-4.200000000000000000e+01
1.679988668570653677e+09,1.658400000000000000e+04,5.120000000000000000e+02,-7.840000000000000000e+02,-1.153000000000000000e+03,-6.220000000000000000e+02,-4.200000000000000000e+01
1.679988668570906162e+09,1.658400000000000000e+04,5.120000000000000000e+02,-7.840000000000000000e+02,-1.153000000000000000e+03,-6.220000000000000000e+02,-4.200000000000000000e+01
1.679988668571198702e+09,1.658400000000000000e+04,5.120000000000000000e+02,-7.840000000000000000e+02,-1.153000000000000000e+03,-6.220000000000000000e+02,-4.200000000000000000e+01
1.679988668571423769e+09,1.658400000000000000e+04,5.120000000000000000e+02,-7.840000000000000000e+02,-1.153000000000000000e+03,-6.220000000000000000e+02,-4.200000000000000000e+01
1.679988668571628094e+09,1.658400000000000000e+04,5.120000000000000000e+02,-7.840000000000000000e+02,-1.153000000000000000e+03,-6.220000000000000000e+02,-4.200000000000000000e+01
1.679988668571834803e+09,1.658400000000000000e+04,5.120000000000000000e+02,-7.840000000000000000e+02,-1.153000000000000000e+03,-6.220000000000000000e+02,-4.200000000000000000e+01
1.679988668572049141e+09,1.658400000000000000e+04,5.120000000000000000e+02,-7.840000000000000000e+02,-1.153000000000000000e+03,-6.220000000000000000e+02,-4.200000000000000000e+01
1.679988668572310925e+09,1.658400000000000000e+04,5.120000000000000000e+02,-7.840000000000000000e+02,-1.153000000000000000e+03,-6.220000000000000000e+02,-4.200000000000000000e+01
1.679988668572667837e+09,1.658400000000000000e+04,5.120000000000000000e+02,-7.840000000000000000e+02,-1.153000000000000000e+03,-6.220000000000000000e+02,-4.200000000000000000e+01
1.679988668572943926e+09,1.658400000000000000e+04,5.120000000000000000e+02,-7.840000000000000000e+02,-1.153000000000000000e+03,-6.220000000000000000e+02,-4.200000000000000000e+01
1.679988668573198557e+09,1.658400000000000000e+04,5.120000000000000000e+02,-7.840000000000000000e+02,-1.153000000000000000e+03,-6.220000000000000000e+02,-4.200000000000000000e+01
1.679988668573453665e+09,1.658400000000000000e+04,5.120000000000000000e+02,-7.840000000000000000e+02,-1.153000000000000000e+03,-6.220000000000000000e+02,-4.200000000000000000e+01
1.679988668573726177e+09,1.658400000000000000e+04,5.120000000000000000e+02,-7.840000000000000000e+02,-1.153000000000000000e+03,-6.220000000000000000e+02,-4.200000000000000000e+01
1.679988668573942184e+09,1.658400000000000000e+04,5.120000000000000000e+02,-7.840000000000000000e+02,-1.153000000000000000e+03,-6.220000000000000000e+02,-4.200000000000000000e+01
1.679988668574146986e+09,1.658400000000000000e+04,5.120000000000000000e+02,-7.840000000000000000e+02,-1.153000000000000000e+03,-6.220000000000000000e+02,-4.200000000000000000e+01
1.679988668574361324e+09,1.658400000000000000e+04,5.120000000000000000e+02,-7.840000000000000000e+02,-1.153000000000000000e+03,-6.220000000000000000e+02,-4.200000000000000000e+01
1.679988668574571848e+09,1.658400000000000000e+04,5.120000000000000000e+02,-7.840000000000000000e+02,-1.153000000000000000e+03,-6.220000000000000000e+02,-4.200000000000000000e+01
1.679988668574774742e+09,1.658400000000000000e+04,5.120000000000000000e+02,-7.840000000000000000e+02,-1.153000000000000000e+03,-6.220000000000000000e+02,-4.200000000000000000e+01
1.679988668574977636e+09,1.658400000000000000e+04,5.120000000000000000e+02,-7.840000000000000000e+02,-1.153000000000000000e+03,-6.220000000000000000e+02,-4.200000000000000000e+01
1.679988668575186253e+09,1.658400000000000000e+04,5.120000000000000000e+02,-7.840000000000000000e+02,-1.153000000000000000e+03,-6.220000000000000000e+02,-4.200000000000000000e+01
1.679988668575389147e+09,1.658400000000000000e+04,5.120000000000000000e+02,-7.840000000000000000e+02,-1.153000000000000000e+03,-6.220000000000000000e+02,-4.200000000000000000e+01
1.679988668575637579e+09,1.658400000000000000e+04,5.120000000000000000e+02,-7.840000000000000000e+02,-1.153000000000000000e+03,-6.220000000000000000e+02,-4.200000000000000000e+01
1.679988668575845003e+09,1.658400000000000000e+04,5.120000000000000000e+02,-7.840000000000000000e+02,-1.153000000000000000e+03,-6.220000000000000000e+02,-4.200000000000000000e+01
1.679988668576051950e+09,1.658400000000000000e+04,5.120000000000000000e+02,-7.840000000000000000e+02,-1.153000000000000000e+03,-6.220000000000000000e+02,-4.200000000000000000e+01
1.679988668576259375e+09,1.658400000000000000e+04,5.120000000000000000e+02,-7.840000000000000000e+02,-1.153000000000000000e+03,-6.220000000000000000e+02,-4.200000000000000000e+01
1.679988668576469660e+09,1.658400000000000000e+04,5.120000000000000000e+02,-7.840000000000000000e+02,-1.153000000000000000e+03,-6.220000000000000000e+02,-4.200000000000000000e+01
1.679988668576748371e+09,1.658400000000000000e+04,5.120000000000000000e+02,-7.840000000000000000e+02,-1.153000000000000000e+03,-6.220000000000000000e+02,-4.200000000000000000e+01
1.679988668576995373e+09,1.658400000000000000e+04,5.120000000000000000e+02,-7.840000000000000000e+02,-1.153000000000000000e+03,-6.220000000000000000e+02,-4.200000000000000000e+01
1.679988668577217817e+09,1.658400000000000000e+04,5.120000000000000000e+02,-7.840000000000000000e+02,-1.153000000000000000e+03,-6.220000000000000000e+02,-4.200000000000000000e+01
1.679988668577435970e+09,1.658400000000000000e+04,5.120000000000000000e+02,-7.840000000000000000e+02,-1.153000000000000000e+03,-6.220000000000000000e+02,-4.200000000000000000e+01
1.679988668577643633e+09,1.658400000000000000e+04,5.120000000000000000e+02,-7.840000000000000000e+02,-1.153000000000000000e+03,-6.220000000000000000e+02,-4.200000000000000000e+01
1.679988668577848911e+09,1.658400000000000000e+04,5.120000000000000000e+02,-7.840000000000000000e+02,-1.153000000000000000e+03,-6.220000000000000000e+02,-4.200000000000000000e+01
1.679988668578103304e+09,1.658400000000000000e+04,5.120000000000000000e+02,-7.840000000000000000e+02,-1.153000000000000000e+03,-6.220000000000000000e+02,-4.200000000000000000e+01
1.679988668578313112e+09,1.658400000000000000e+04,5.120000000000000000e+02,-7.840000000000000000e+02,-1.153000000000000000e+03,-6.220000000000000000e+02,-4.200000000000000000e+01
1.679988668578523159e+09,1.658400000000000000e+04,5.120000000000000000e+02,-7.840000000000000000e+02,-1.153000000000000000e+03,-6.220000000000000000e+02,-4.200000000000000000e+01
1.679988668578727722e+09,1.658400000000000000e+04,5.120000000000000000e+02,-7.840000000000000000e+02,-1.153000000000000000e+03,-6.220000000000000000e+02,-4.200000000000000000e+01
1.679988668578937531e+09,1.658400000000000000e+04,5.120000000000000000e+02,-7.840000000000000000e+02,-1.153000000000000000e+03,-6.220000000000000000e+02,-4.200000000000000000e+01
1.679988668579140902e+09,1.658400000000000000e+04,5.120000000000000000e+02,-7.840000000000000000e+02,-1.153000000000000000e+03,-6.220000000000000000e+02,-4.200000000000000000e+01
1.679988668579339266e+09,1.658400000000000000e+04,5.120000000000000000e+02,-7.840000000000000000e+02,-1.153000000000000000e+03,-6.220000000000000000e+02,-4.200000000000000000e+01
1.679988668579548359e+09,1.658400000000000000e+04,5.120000000000000000e+02,-7.840000000000000000e+02,-1.153000000000000000e+03,-6.220000000000000000e+02,-4.200000000000000000e+01
1.679988668579755068e+09,1.658400000000000000e+04,5.120000000000000000e+02,-7.840000000000000000e+02,-1.153000000000000000e+03,-6.220000000000000000e+02,-4.200000000000000000e+01
1.679988668579960108e+09,1.658400000000000000e+04,5.120000000000000000e+02,-7.840000000000000000e+02,-1.153000000000000000e+03,-6.220000000000000000e+02,-4.200000000000000000e+01
1.679988668580169916e+09,1.658400000000000000e+04,5.120000000000000000e+02,-7.840000000000000000e+02,-1.153000000000000000e+03,-6.220000000000000000e+02,-4.200000000000000000e+01
1.679988668580375910e+09,1.658400000000000000e+04,5.120000000000000000e+02,-7.840000000000000000e+02,-1.153000000000000000e+03,-6.220000000000000000e+02,-4.200000000000000000e+01
1.679988668580585003e+09,1.658400000000000000e+04,5.120000000000000000e+02,-7.840000000000000000e+02,-1.153000000000000000e+03,-6.220000000000000000e+02,-4.200000000000000000e+01
1.679988668580808163e+09,1.658400000000000000e+04,5.120000000000000000e+02,-7.840000000000000000e+02,-1.153000000000000000e+03,-6.220000000000000000e+02,-4.200000000000000000e+01
1.679988668581054211e+09,1.658400000000000000e+04,5.120000000000000000e+02,-7.840000000000000000e+02,-1.153000000000000000e+03,-6.220000000000000000e+02,-4.200000000000000000e+01
1.679988668581324339e+09,1.658400000000000000e+04,5.120000000000000000e+02,-7.840000000000000000e+02,-1.153000000000000000e+03,-6.220000000000000000e+02,-4.200000000000000000e+01
1.679988668581594944e+09,1.658400000000000000e+04,5.120000000000000000e+02,-7.840000000000000000e+02,-1.153000000000000000e+03,-6.220000000000000000e+02,-4.200000000000000000e+01
1.679988668581855059e+09,1.658400000000000000e+04,5.120000000000000000e+02,-7.840000000000000000e+02,-1.153000000000000000e+03,-6.220000000000000000e+02,-4.200000000000000000e+01
1.679988668582177162e+09,1.658400000000000000e+04,5.120000000000000000e+02,-7.840000000000000000e+02,-1.153000000000000000e+03,-6.220000000000000000e+02,-4.200000000000000000e+01
1.679988668582464933e+09,1.658400000000000000e+04,5.120000000000000000e+02,-7.840000000000000000e+02,-1.153000000000000000e+03,-6.220000000000000000e+02,-4.200000000000000000e+01
1.679988668582725525e+09,1.658400000000000000e+04,5.120000000000000000e+02,-7.840000000000000000e+02,-1.153000000000000000e+03,-6.220000000000000000e+02,-4.200000000000000000e+01
1.679988668582973003e+09,1.658400000000000000e+04,5.120000000000000000e+02,-7.840000000000000000e+02,-1.153000000000000000e+03,-6.220000000000000000e+02,-4.200000000000000000e+01
1.679988668583239317e+09,1.658400000000000000e+04,5.120000000000000000e+02,-7.840000000000000000e+02,-1.153000000000000000e+03,-6.220000000000000000e+02,-4.200000000000000000e+01
1.679988668583486557e+09,1.658400000000000000e+04,5.120000000000000000e+02,-7.840000000000000000e+02,-1.153000000000000000e+03,-6.220000000000000000e+02,-4.200000000000000000e+01
1.679988668583824396e+09,1.658400000000000000e+04,5.120000000000000000e+02,-7.840000000000000000e+02,-1.153000000000000000e+03,-6.220000000000000000e+02,-4.200000000000000000e+01
1.679988668584095478e+09,1.658400000000000000e+04,5.120000000000000000e+02,-7.840000000000000000e+02,-1.153000000000000000e+03,-6.220000000000000000e+02,-4.200000000000000000e+01
1.679988668584346294e+09,1.658400000000000000e+04,5.120000000000000000e+02,-7.840000000000000000e+02,-1.153000000000000000e+03,-6.220000000000000000e+02,-4.200000000000000000e+01
1.679988668584623098e+09,1.658400000000000000e+04,5.120000000000000000e+02,-7.840000000000000000e+02,-1.153000000000000000e+03,-6.220000000000000000e+02,-4.200000000000000000e+01
1.679988668584886312e+09,1.658400000000000000e+04,5.120000000000000000e+02,-7.840000000000000000e+02,-1.153000000000000000e+03,-6.220000000000000000e+02,-4.200000000000000000e+01
1.679988668585147381e+09,1.658400000000000000e+04,5.120000000000000000e+02,-7.840000000000000000e+02,-1.153000000000000000e+03,-6.220000000000000000e+02,-4.200000000000000000e+01
1.679988668585403442e+09,1.658400000000000000e+04,5.120000000000000000e+02,-7.840000000000000000e+02,-1.153000000000000000e+03,-6.220000000000000000e+02,-4.200000000000000000e+01
1.679988668585786343e+09,1.658400000000000000e+04,5.120000000000000000e+02,-7.840000000000000000e+02,-1.153000000000000000e+03,-6.220000000000000000e+02,-4.200000000000000000e+01
1.679988668586055517e+09,1.658400000000000000e+04,5.120000000000000000e+02,-7.840000000000000000e+02,-1.153000000000000000e+03,-6.220000000000000000e+02,-4.200000000000000000e+01
1.679988668586334944e+09,1.658400000000000000e+04,5.120000000000000000e+02,-7.840000000000000000e+02,-1.153000000000000000e+03,-6.220000000000000000e+02,-4.200000000000000000e+01
1.679988668586615086e+09,1.658400000000000000e+04,5.120000000000000000e+02,-7.840000000000000000e+02,-1.153000000000000000e+03,-6.220000000000000000e+02,-4.200000000000000000e+01
1.679988668586882591e+09,1.658400000000000000e+04,5.120000000000000000e+02,-7.840000000000000000e+02,-1.153000000000000000e+03,-6.220000000000000000e+02,-4.200000000000000000e+01
1.679988668587175846e+09,1.658400000000000000e+04,5.120000000000000000e+02,-7.840000000000000000e+02,-1.153000000000000000e+03,-6.220000000000000000e+02,-4.200000000000000000e+01
1.679988668587461710e+09,1.658400000000000000e+04,5.120000000000000000e+02,-7.840000000000000000e+02,-1.153000000000000000e+03,-6.220000000000000000e+02,-4.200000000000000000e+01
1.679988668587675571e+09,1.658400000000000000e+04,5.120000000000000000e+02,-7.840000000000000000e+02,-1.153000000000000000e+03,-6.220000000000000000e+02,-4.200000000000000000e+01
1.679988668587894201e+09,1.658400000000000000e+04,5.120000000000000000e+02,-7.840000000000000000e+02,-1.153000000000000000e+03,-6.220000000000000000e+02,-4.200000000000000000e+01
1.679988668588109970e+09,1.658400000000000000e+04,5.120000000000000000e+02,-7.840000000000000000e+02,-1.153000000000000000e+03,-6.220000000000000000e+02,-4.200000000000000000e+01
1.679988668588324547e+09,1.658400000000000000e+04,5.120000000000000000e+02,-7.840000000000000000e+02,-1.153000000000000000e+03,-6.220000000000000000e+02,-4.200000000000000000e+01
1.679988668588529110e+09,1.658400000000000000e+04,5.120000000000000000e+02,-7.840000000000000000e+02,-1.153000000000000000e+03,-6.220000000000000000e+02,-4.200000000000000000e+01
1.679988668588743687e+09,1.658400000000000000e+04,5.120000000000000000e+02,-7.840000000000000000e+02,-1.153000000000000000e+03,-6.220000000000000000e+02,-4.200000000000000000e+01
1.679988668588957071e+09,1.658400000000000000e+04,5.120000000000000000e+02,-7.840000000000000000e+02,-1.153000000000000000e+03,-6.220000000000000000e+02,-4.200000000000000000e+01
1.679988668589213848e+09,1.658400000000000000e+04,5.120000000000000000e+02,-7.840000000000000000e+02,-1.153000000000000000e+03,-6.220000000000000000e+02,-4.200000000000000000e+01
1.679988668589441299e+09,1.658400000000000000e+04,5.120000000000000000e+02,-7.840000000000000000e+02,-1.153000000000000000e+03,-6.220000000000000000e+02,-4.200000000000000000e+01
1.679988668589687586e+09,1.658400000000000000e+04,5.120000000000000000e+02,-7.840000000000000000e+02,-1.153000000000000000e+03,-6.220000000000000000e+02,-4.200000000000000000e+01
1.679988668589910507e+09,1.658400000000000000e+04,5.120000000000000000e+02,-7.840000000000000000e+02,-1.153000000000000000e+03,-6.220000000000000000e+02,-4.200000000000000000e+01
1.679988668590123415e+09,1.658400000000000000e+04,5.120000000000000000e+02,-7.840000000000000000e+02,-1.153000000000000000e+03,-6.220000000000000000e+02,-4.200000000000000000e+01
1.679988668590333462e+09,1.658400000000000000e+04,5.120000000000000000e+02,-7.840000000000000000e+02,-1.153000000000000000e+03,-6.220000000000000000e+02,-4.200000000000000000e+01
1.679988668590587378e+09,1.658400000000000000e+04,5.120000000000000000e+02,-7.840000000000000000e+02,-1.153000000000000000e+03,-6.220000000000000000e+02,-4.200000000000000000e+01
1.679988668590801954e+09,1.658400000000000000e+04,5.120000000000000000e+02,-7.840000000000000000e+02,-1.153000000000000000e+03,-6.220000000000000000e+02,-4.200000000000000000e+01
1.679988668591010571e+09,1.658400000000000000e+04,5.120000000000000000e+02,-7.840000000000000000e+02,-1.153000000000000000e+03,-6.220000000000000000e+02,-4.200000000000000000e+01
1.679988668591215372e+09,1.658400000000000000e+04,5.120000000000000000e+02,-7.840000000000000000e+02,-1.153000000000000000e+03,-6.220000000000000000e+02,-4.200000000000000000e+01
1.679988668591425419e+09,1.658400000000000000e+04,5.120000000000000000e+02,-7.840000000000000000e+02,-1.153000000000000000e+03,-6.220000000000000000e+02,-4.200000000000000000e+01
1.679988668591631889e+09,1.658400000000000000e+04,5.120000000000000000e+02,-7.840000000000000000e+02,-1.153000000000000000e+03,-6.220000000000000000e+02,-4.200000000000000000e+01
1.679988668591834784e+09,1.658400000000000000e+04,5.120000000000000000e+02,-7.840000000000000000e+02,-1.153000000000000000e+03,-6.220000000000000000e+02,-4.200000000000000000e+01
1.679988668592045546e+09,1.658400000000000000e+04,5.120000000000000000e+02,-7.840000000000000000e+02,-1.153000000000000000e+03,-6.220000000000000000e+02,-4.200000000000000000e+01
1.679988668592252016e+09,1.658400000000000000e+04,5.120000000000000000e+02,-7.840000000000000000e+02,-1.153000000000000000e+03,-6.220000000000000000e+02,-4.200000000000000000e+01
1.679988668592455864e+09,1.658400000000000000e+04,5.120000000000000000e+02,-7.840000000000000000e+02,-1.153000000000000000e+03,-6.220000000000000000e+02,-4.200000000000000000e+01
1.679988668592666626e+09,1.658400000000000000e+04,5.120000000000000000e+02,-7.840000000000000000e+02,-1.153000000000000000e+03,-6.220000000000000000e+02,-4.200000000000000000e+01
1.679988668592870474e+09,1.658400000000000000e+04,5.120000000000000000e+02,-7.840000000000000000e+02,-1.153000000000000000e+03,-6.220000000000000000e+02,-4.200000000000000000e+01
1.679988668593072653e+09,1.658400000000000000e+04,5.120000000000000000e+02,-7.840000000000000000e+02,-1.153000000000000000e+03,-6.220000000000000000e+02,-4.200000000000000000e+01
1.679988668593276739e+09,1.658400000000000000e+04,5.120000000000000000e+02,-7.840000000000000000e+02,-1.153000000000000000e+03,-6.220000000000000000e+02,-4.200000000000000000e+01
1.679988668593483210e+09,1.658400000000000000e+04,5.120000000000000000e+02,-7.840000000000000000e+02,-1.153000000000000000e+03,-6.220000000000000000e+02,-4.200000000000000000e+01
1.679988668593687773e+09,1.658400000000000000e+04,5.120000000000000000e+02,-7.840000000000000000e+02,-1.153000000000000000e+03,-6.220000000000000000e+02,-4.200000000000000000e+01
1.679988668593893290e+09,1.658400000000000000e+04,5.120000000000000000e+02,-7.840000000000000000e+02,-1.153000000000000000e+03,-6.220000000000000000e+02,-4.200000000000000000e+01
1.679988668594100237e+09,1.658400000000000000e+04,5.120000000000000000e+02,-7.840000000000000000e+02,-1.153000000000000000e+03,-6.220000000000000000e+02,-4.200000000000000000e+01
1.679988668594354630e+09,1.658400000000000000e+04,5.120000000000000000e+02,-7.840000000000000000e+02,-1.153000000000000000e+03,-6.220000000000000000e+02,-4.200000000000000000e+01
1.679988668594575644e+09,1.658400000000000000e+04,5.120000000000000000e+02,-7.840000000000000000e+02,-1.153000000000000000e+03,-6.220000000000000000e+02,-4.200000000000000000e+01
1.679988668594785690e+09,1.658400000000000000e+04,5.120000000000000000e+02,-7.840000000000000000e+02,-1.153000000000000000e+03,-6.220000000000000000e+02,-4.200000000000000000e+01
1.679988668594993353e+09,1.658400000000000000e+04,5.120000000000000000e+02,-7.840000000000000000e+02,-1.153000000000000000e+03,-6.220000000000000000e+02,-4.200000000000000000e+01
1.679988668595201254e+09,1.658400000000000000e+04,5.120000000000000000e+02,-7.840000000000000000e+02,-1.153000000000000000e+03,-6.220000000000000000e+02,-4.200000000000000000e+01
1.679988668595409870e+09,1.658400000000000000e+04,5.120000000000000000e+02,-7.840000000000000000e+02,-1.153000000000000000e+03,-6.220000000000000000e+02,-4.200000000000000000e+01
1.679988668595710516e+09,1.658400000000000000e+04,5.120000000000000000e+02,-7.840000000000000000e+02,-1.153000000000000000e+03,-6.220000000000000000e+02,-4.200000000000000000e+01
1.679988668595928431e+09,1.658400000000000000e+04,5.120000000000000000e+02,-7.840000000000000000e+02,-1.153000000000000000e+03,-6.220000000000000000e+02,-4.200000000000000000e+01
1.679988668596141815e+09,1.658400000000000000e+04,5.120000000000000000e+02,-7.840000000000000000e+02,-1.153000000000000000e+03,-6.220000000000000000e+02,-4.200000000000000000e+01
1.679988668596354723e+09,1.658400000000000000e+04,5.120000000000000000e+02,-7.840000000000000000e+02,-1.153000000000000000e+03,-6.220000000000000000e+02,-4.200000000000000000e+01
1.679988668596567392e+09,1.658400000000000000e+04,5.120000000000000000e+02,-7.840000000000000000e+02,-1.153000000000000000e+03,-6.220000000000000000e+02,-4.200000000000000000e+01
1.679988668596778393e+09,1.658400000000000000e+04,5.120000000000000000e+02,-7.840000000000000000e+02,-1.153000000000000000e+03,-6.220000000000000000e+02,-4.200000000000000000e+01
1.679988668597003222e+09,1.658400000000000000e+04,5.120000000000000000e+02,-7.840000000000000000e+02,-1.153000000000000000e+03,-6.220000000000000000e+02,-4.200000000000000000e+01
1.679988668597273111e+09,1.658400000000000000e+04,5.120000000000000000e+02,-7.840000000000000000e+02,-1.153000000000000000e+03,-6.220000000000000000e+02,-4.200000000000000000e+01
1.679988668597535849e+09,1.658400000000000000e+04,5.120000000000000000e+02,-7.840000000000000000e+02,-1.153000000000000000e+03,-6.220000000000000000e+02,-4.200000000000000000e+01
1.679988668597803593e+09,1.658400000000000000e+04,5.120000000000000000e+02,-7.840000000000000000e+02,-1.153000000000000000e+03,-6.220000000000000000e+02,-4.200000000000000000e+01
1.679988668598086119e+09,1.658400000000000000e+04,5.120000000000000000e+02,-7.840000000000000000e+02,-1.153000000000000000e+03,-6.220000000000000000e+02,-4.200000000000000000e+01
1.679988668598348856e+09,1.658400000000000000e+04,5.120000000000000000e+02,-7.840000000000000000e+02,-1.153000000000000000e+03,-6.220000000000000000e+02,-4.200000000000000000e+01
1.679988668598614454e+09,1.658400000000000000e+04,5.120000000000000000e+02,-7.840000000000000000e+02,-1.153000000000000000e+03,-6.220000000000000000e+02,-4.200000000000000000e+01
1.679988668598939419e+09,1.658400000000000000e+04,5.120000000000000000e+02,-7.840000000000000000e+02,-1.153000000000000000e+03,-6.220000000000000000e+02,-4.200000000000000000e+01
1.679988668599188805e+09,1.658400000000000000e+04,5.120000000000000000e+02,-7.840000000000000000e+02,-1.153000000000000000e+03,-6.220000000000000000e+02,-4.200000000000000000e+01
1.679988668599457264e+09,1.658400000000000000e+04,5.120000000000000000e+02,-7.840000000000000000e+02,-1.153000000000000000e+03,-6.220000000000000000e+02,-4.200000000000000000e+01
1.679988668599727392e+09,1.658400000000000000e+04,5.120000000000000000e+02,-7.840000000000000000e+02,-1.153000000000000000e+03,-6.220000000000000000e+02,-4.200000000000000000e+01
1.679988668599997520e+09,1.658400000000000000e+04,5.120000000000000000e+02,-7.840000000000000000e+02,-1.153000000000000000e+03,-6.220000000000000000e+02,-4.200000000000000000e+01
1.679988668600300312e+09,1.658400000000000000e+04,5.120000000000000000e+02,-7.840000000000000000e+02,-1.153000000000000000e+03,-6.220000000000000000e+02,-4.200000000000000000e+01
1.679988668600585222e+09,1.658400000000000000e+04,5.120000000000000000e+02,-7.840000000000000000e+02,-1.153000000000000000e+03,-6.220000000000000000e+02,-4.200000000000000000e+01
1.679988668600841045e+09,1.658400000000000000e+04,5.120000000000000000e+02,-7.840000000000000000e+02,-1.153000000000000000e+03,-6.220000000000000000e+02,-4.200000000000000000e+01
1.679988668601099968e+09,1.658400000000000000e+04,5.120000000000000000e+02,-7.840000000000000000e+02,-1.153000000000000000e+03,-6.220000000000000000e+02,-4.200000000000000000e+01
1.679988668601377487e+09,1.658400000000000000e+04,5.120000000000000000e+02,-7.840000000000000000e+02,-1.153000000000000000e+03,-6.220000000000000000e+02,-4.200000000000000000e+01
1.679988668601647377e+09,1.658400000000000000e+04,5.120000000000000000e+02,-7.840000000000000000e+02,-1.153000000000000000e+03,-6.220000000000000000e+02,-4.200000000000000000e+01
1.679988668602002621e+09,1.658400000000000000e+04,5.120000000000000000e+02,-7.840000000000000000e+02,-1.153000000000000000e+03,-6.220000000000000000e+02,-4.200000000000000000e+01
1.679988668602280378e+09,1.658400000000000000e+04,5.120000000000000000e+02,-7.840000000000000000e+02,-1.153000000000000000e+03,-6.220000000000000000e+02,-4.200000000000000000e+01
1.679988668602540255e+09,1.658400000000000000e+04,5.120000000000000000e+02,-7.840000000000000000e+02,-1.153000000000000000e+03,-6.220000000000000000e+02,-4.200000000000000000e+01
1.679988668602818489e+09,1.658400000000000000e+04,5.120000000000000000e+02,-7.840000000000000000e+02,-1.153000000000000000e+03,-6.220000000000000000e+02,-4.200000000000000000e+01
1.679988668603066206e+09,1.658400000000000000e+04,5.120000000000000000e+02,-7.840000000000000000e+02,-1.153000000000000000e+03,-6.220000000000000000e+02,-4.200000000000000000e+01
1.679988668603286982e+09,1.658400000000000000e+04,5.120000000000000000e+02,-7.840000000000000000e+02,-1.153000000000000000e+03,-6.220000000000000000e+02,-4.200000000000000000e+01
1.679988668603503704e+09,1.658400000000000000e+04,5.120000000000000000e+02,-7.840000000000000000e+02,-1.153000000000000000e+03,-6.220000000000000000e+02,-4.200000000000000000e+01
1.679988668603716135e+09,1.658400000000000000e+04,5.120000000000000000e+02,-7.840000000000000000e+02,-1.153000000000000000e+03,-6.220000000000000000e+02,-4.200000000000000000e+01
1.679988668603935719e+09,1.658400000000000000e+04,5.120000000000000000e+02,-7.840000000000000000e+02,-1.153000000000000000e+03,-6.220000000000000000e+02,-4.200000000000000000e+01
1.679988668604144335e+09,1.658400000000000000e+04,5.120000000000000000e+02,-7.840000000000000000e+02,-1.153000000000000000e+03,-6.220000000000000000e+02,-4.200000000000000000e+01
1.679988668604360342e+09,1.658400000000000000e+04,5.120000000000000000e+02,-7.840000000000000000e+02,-1.153000000000000000e+03,-6.220000000000000000e+02,-4.200000000000000000e+01
1.679988668604569912e+09,1.658400000000000000e+04,5.120000000000000000e+02,-7.840000000000000000e+02,-1.153000000000000000e+03,-6.220000000000000000e+02,-4.200000000000000000e+01
1.679988668604776144e+09,1.658400000000000000e+04,5.120000000000000000e+02,-7.840000000000000000e+02,-1.153000000000000000e+03,-6.220000000000000000e+02,-4.200000000000000000e+01
1.679988668604990721e+09,1.658400000000000000e+04,5.120000000000000000e+02,-7.840000000000000000e+02,-1.153000000000000000e+03,-6.220000000000000000e+02,-4.200000000000000000e+01
1.679988668605203390e+09,1.658400000000000000e+04,5.120000000000000000e+02,-7.840000000000000000e+02,-1.153000000000000000e+03,-6.220000000000000000e+02,-4.200000000000000000e+01
1.679988668605411768e+09,1.658400000000000000e+04,5.120000000000000000e+02,-7.840000000000000000e+02,-1.153000000000000000e+03,-6.220000000000000000e+02,-4.200000000000000000e+01
1.679988668605670691e+09,1.658400000000000000e+04,5.120000000000000000e+02,-7.840000000000000000e+02,-1.153000000000000000e+03,-6.220000000000000000e+02,-4.200000000000000000e+01
1.679988668605888367e+09,1.658400000000000000e+04,5.120000000000000000e+02,-7.840000000000000000e+02,-1.153000000000000000e+03,-6.220000000000000000e+02,-4.200000000000000000e+01
1.679988668606144428e+09,1.658400000000000000e+04,5.120000000000000000e+02,-7.840000000000000000e+02,-1.153000000000000000e+03,-6.220000000000000000e+02,-4.200000000000000000e+01
1.679988668606362343e+09,1.658400000000000000e+04,5.120000000000000000e+02,-7.840000000000000000e+02,-1.153000000000000000e+03,-6.220000000000000000e+02,-4.200000000000000000e+01
1.679988668606577158e+09,1.658400000000000000e+04,5.120000000000000000e+02,-7.840000000000000000e+02,-1.153000000000000000e+03,-6.220000000000000000e+02,-4.200000000000000000e+01
1.679988668606796503e+09,1.658400000000000000e+04,5.120000000000000000e+02,-7.840000000000000000e+02,-1.153000000000000000e+03,-6.220000000000000000e+02,-4.200000000000000000e+01
1.679988668607043743e+09,1.658400000000000000e+04,5.120000000000000000e+02,-7.840000000000000000e+02,-1.153000000000000000e+03,-6.220000000000000000e+02,-4.200000000000000000e+01
1.679988668607291937e+09,1.658400000000000000e+04,5.120000000000000000e+02,-7.840000000000000000e+02,-1.153000000000000000e+03,-6.220000000000000000e+02,-4.200000000000000000e+01
1.679988668607553720e+09,1.658400000000000000e+04,5.120000000000000000e+02,-7.840000000000000000e+02,-1.153000000000000000e+03,-6.220000000000000000e+02,-4.200000000000000000e+01
1.679988668607779741e+09,1.658400000000000000e+04,5.120000000000000000e+02,-7.840000000000000000e+02,-1.153000000000000000e+03,-6.220000000000000000e+02,-4.200000000000000000e+01
1.679988668607992649e+09,1.658400000000000000e+04,5.120000000000000000e+02,-7.840000000000000000e+02,-1.153000000000000000e+03,-6.220000000000000000e+02,-4.200000000000000000e+01
1.679988668608200788e+09,1.658400000000000000e+04,5.120000000000000000e+02,-7.840000000000000000e+02,-1.153000000000000000e+03,-6.220000000000000000e+02,-4.200000000000000000e+01
1.679988668608418465e+09,1.658400000000000000e+04,5.120000000000000000e+02,-7.840000000000000000e+02,-1.153000000000000000e+03,-6.220000000000000000e+02,-4.200000000000000000e+01
1.679988668608626604e+09,1.658400000000000000e+04,5.120000000000000000e+02,-7.840000000000000000e+02,-1.153000000000000000e+03,-6.220000000000000000e+02,-4.200000000000000000e+01
1.679988668608838797e+09,1.658400000000000000e+04,5.120000000000000000e+02,-7.840000000000000000e+02,-1.153000000000000000e+03,-6.220000000000000000e+02,-4.200000000000000000e+01
1.679988668609048128e+09,1.658400000000000000e+04,5.120000000000000000e+02,-7.840000000000000000e+02,-1.153000000000000000e+03,-6.220000000000000000e+02,-4.200000000000000000e+01
1.679988668609259367e+09,1.658400000000000000e+04,5.120000000000000000e+02,-7.840000000000000000e+02,-1.153000000000000000e+03,-6.220000000000000000e+02,-4.200000000000000000e+01
1.679988668609462500e+09,1.658400000000000000e+04,5.120000000000000000e+02,-7.840000000000000000e+02,-1.153000000000000000e+03,-6.220000000000000000e+02,-4.200000000000000000e+01
1.679988668609669209e+09,1.658400000000000000e+04,5.120000000000000000e+02,-7.840000000000000000e+02,-1.153000000000000000e+03,-6.220000000000000000e+02,-4.200000000000000000e+01
1.679988668609878540e+09,1.658400000000000000e+04,5.120000000000000000e+02,-7.840000000000000000e+02,-1.153000000000000000e+03,-6.220000000000000000e+02,-4.200000000000000000e+01
1.679988668610101938e+09,1.658400000000000000e+04,5.120000000000000000e+02,-7.840000000000000000e+02,-1.153000000000000000e+03,-6.220000000000000000e+02,-4.200000000000000000e+01
1.679988668610379696e+09,1.658400000000000000e+04,5.120000000000000000e+02,-7.840000000000000000e+02,-1.153000000000000000e+03,-6.220000000000000000e+02,-4.200000000000000000e+01
1.679988668610673428e+09,1.658400000000000000e+04,5.120000000000000000e+02,-7.840000000000000000e+02,-1.153000000000000000e+03,-6.220000000000000000e+02,-4.200000000000000000e+01
1.679988668610930681e+09,1.658400000000000000e+04,5.120000000000000000e+02,-7.840000000000000000e+02,-1.153000000000000000e+03,-6.220000000000000000e+02,-4.200000000000000000e+01
1.679988668611199379e+09,1.658400000000000000e+04,5.120000000000000000e+02,-7.840000000000000000e+02,-1.153000000000000000e+03,-6.220000000000000000e+02,-4.200000000000000000e+01
1.679988668611464977e+09,1.658400000000000000e+04,5.120000000000000000e+02,-7.840000000000000000e+02,-1.153000000000000000e+03,-6.220000000000000000e+02,-4.200000000000000000e+01
1.679988668611776590e+09,1.658400000000000000e+04,5.120000000000000000e+02,-7.840000000000000000e+02,-1.153000000000000000e+03,-6.220000000000000000e+02,-4.200000000000000000e+01
1.679988668612056255e+09,1.658400000000000000e+04,5.120000000000000000e+02,-7.840000000000000000e+02,-1.153000000000000000e+03,-6.220000000000000000e+02,-4.200000000000000000e+01
1.679988668612329483e+09,1.658400000000000000e+04,5.120000000000000000e+02,-7.840000000000000000e+02,-1.153000000000000000e+03,-6.220000000000000000e+02,-4.200000000000000000e+01
1.679988668612589598e+09,1.658400000000000000e+04,5.120000000000000000e+02,-7.840000000000000000e+02,-1.153000000000000000e+03,-6.220000000000000000e+02,-4.200000000000000000e+01
1.679988668612857819e+09,1.658400000000000000e+04,5.120000000000000000e+02,-7.840000000000000000e+02,-1.153000000000000000e+03,-6.220000000000000000e+02,-4.200000000000000000e+01
1.679988668613115788e+09,1.658400000000000000e+04,5.120000000000000000e+02,-7.840000000000000000e+02,-1.153000000000000000e+03,-6.220000000000000000e+02,-4.200000000000000000e+01
1.679988668613451004e+09,1.658400000000000000e+04,5.120000000000000000e+02,-7.840000000000000000e+02,-1.153000000000000000e+03,-6.220000000000000000e+02,-4.200000000000000000e+01
1.679988668613714695e+09,1.658400000000000000e+04,5.120000000000000000e+02,-7.840000000000000000e+02,-1.153000000000000000e+03,-6.220000000000000000e+02,-4.200000000000000000e+01
1.679988668613976717e+09,1.658400000000000000e+04,5.120000000000000000e+02,-7.840000000000000000e+02,-1.153000000000000000e+03,-6.220000000000000000e+02,-4.200000000000000000e+01
1.679988668614238501e+09,1.658400000000000000e+04,5.120000000000000000e+02,-7.840000000000000000e+02,-1.153000000000000000e+03,-6.220000000000000000e+02,-4.200000000000000000e+01
1.679988668614494562e+09,1.658400000000000000e+04,5.120000000000000000e+02,-7.840000000000000000e+02,-1.153000000000000000e+03,-6.220000000000000000e+02,-4.200000000000000000e+01
1.679988668614751339e+09,1.658400000000000000e+04,5.120000000000000000e+02,-7.840000000000000000e+02,-1.153000000000000000e+03,-6.220000000000000000e+02,-4.200000000000000000e+01
1.679988668615008116e+09,1.658400000000000000e+04,5.120000000000000000e+02,-7.840000000000000000e+02,-1.153000000000000000e+03,-6.220000000000000000e+02,-4.200000000000000000e+01
1.679988668615297318e+09,1.658400000000000000e+04,5.120000000000000000e+02,-7.840000000000000000e+02,-1.153000000000000000e+03,-6.220000000000000000e+02,-4.200000000000000000e+01
1.679988668615610361e+09,1.658400000000000000e+04,5.120000000000000000e+02,-7.840000000000000000e+02,-1.153000000000000000e+03,-6.220000000000000000e+02,-4.200000000000000000e+01
1.679988668615885973e+09,1.658400000000000000e+04,5.120000000000000000e+02,-7.840000000000000000e+02,-1.153000000000000000e+03,-6.220000000000000000e+02,-4.200000000000000000e+01
1.679988668616166830e+09,1.658400000000000000e+04,5.120000000000000000e+02,-7.840000000000000000e+02,-1.153000000000000000e+03,-6.220000000000000000e+02,-4.200000000000000000e+01
1.679988668616444826e+09,1.658400000000000000e+04,5.120000000000000000e+02,-7.840000000000000000e+02,-1.153000000000000000e+03,-6.220000000000000000e+02,-4.200000000000000000e+01
1.679988668616704941e+09,1.658400000000000000e+04,5.120000000000000000e+02,-7.840000000000000000e+02,-1.153000000000000000e+03,-6.220000000000000000e+02,-4.200000000000000000e+01
1.679988668617016792e+09,1.658400000000000000e+04,5.120000000000000000e+02,-7.840000000000000000e+02,-1.153000000000000000e+03,-6.220000000000000000e+02,-4.200000000000000000e+01
1.679988668617265224e+09,1.658400000000000000e+04,5.120000000000000000e+02,-7.840000000000000000e+02,-1.153000000000000000e+03,-6.220000000000000000e+02,-4.200000000000000000e+01
1.679988668617485285e+09,1.658400000000000000e+04,5.120000000000000000e+02,-7.840000000000000000e+02,-1.153000000000000000e+03,-6.220000000000000000e+02,-4.200000000000000000e+01
1.679988668617705822e+09,1.658400000000000000e+04,5.120000000000000000e+02,-7.840000000000000000e+02,-1.153000000000000000e+03,-6.220000000000000000e+02,-4.200000000000000000e+01
1.679988668617924929e+09,1.658400000000000000e+04,5.120000000000000000e+02,-7.840000000000000000e+02,-1.153000000000000000e+03,-6.220000000000000000e+02,-4.200000000000000000e+01
1.679988668618183136e+09,1.658400000000000000e+04,5.120000000000000000e+02,-7.840000000000000000e+02,-1.153000000000000000e+03,-6.220000000000000000e+02,-4.200000000000000000e+01
1.679988668618405581e+09,1.658400000000000000e+04,5.120000000000000000e+02,-7.840000000000000000e+02,-1.153000000000000000e+03,-6.220000000000000000e+02,-4.200000000000000000e+01
1.679988668618620634e+09,1.658400000000000000e+04,5.120000000000000000e+02,-7.840000000000000000e+02,-1.153000000000000000e+03,-6.220000000000000000e+02,-4.200000000000000000e+01
1.679988668618838310e+09,1.658400000000000000e+04,5.120000000000000000e+02,-7.840000000000000000e+02,-1.153000000000000000e+03,-6.220000000000000000e+02,-4.200000000000000000e+01
1.679988668619055033e+09,1.658400000000000000e+04,5.120000000000000000e+02,-7.840000000000000000e+02,-1.153000000000000000e+03,-6.220000000000000000e+02,-4.200000000000000000e+01
1.679988668619266033e+09,1.658400000000000000e+04,5.120000000000000000e+02,-7.840000000000000000e+02,-1.153000000000000000e+03,-6.220000000000000000e+02,-4.200000000000000000e+01
1.679988668619527340e+09,1.658400000000000000e+04,5.120000000000000000e+02,-7.840000000000000000e+02,-1.153000000000000000e+03,-6.220000000000000000e+02,-4.200000000000000000e+01
1.679988668619742393e+09,1.658400000000000000e+04,5.120000000000000000e+02,-7.840000000000000000e+02,-1.153000000000000000e+03,-6.220000000000000000e+02,-4.200000000000000000e+01
1.679988668619956255e+09,1.658400000000000000e+04,5.120000000000000000e+02,-7.840000000000000000e+02,-1.153000000000000000e+03,-6.220000000000000000e+02,-4.200000000000000000e+01
1.679988668620166540e+09,1.658400000000000000e+04,5.120000000000000000e+02,-7.840000000000000000e+02,-1.153000000000000000e+03,-6.220000000000000000e+02,-4.200000000000000000e+01
1.679988668620380163e+09,1.658400000000000000e+04,5.120000000000000000e+02,-7.840000000000000000e+02,-1.153000000000000000e+03,-6.220000000000000000e+02,-4.200000000000000000e+01
1.679988668620624781e+09,1.658400000000000000e+04,5.120000000000000000e+02,-7.840000000000000000e+02,-1.153000000000000000e+03,-6.220000000000000000e+02,-4.200000000000000000e+01
1.679988668620872974e+09,1.658400000000000000e+04,5.120000000000000000e+02,-7.840000000000000000e+02,-1.153000000000000000e+03,-6.220000000000000000e+02,-4.200000000000000000e+01
1.679988668621098757e+09,1.658400000000000000e+04,5.120000000000000000e+02,-7.840000000000000000e+02,-1.153000000000000000e+03,-6.220000000000000000e+02,-4.200000000000000000e+01
1.679988668621315479e+09,1.658400000000000000e+04,5.120000000000000000e+02,-7.840000000000000000e+02,-1.153000000000000000e+03,-6.220000000000000000e+02,-4.200000000000000000e+01
1.679988668621530294e+09,1.658400000000000000e+04,5.120000000000000000e+02,-7.840000000000000000e+02,-1.153000000000000000e+03,-6.220000000000000000e+02,-4.200000000000000000e+01
1.679988668621744394e+09,1.658400000000000000e+04,5.120000000000000000e+02,-7.840000000000000000e+02,-1.153000000000000000e+03,-6.220000000000000000e+02,-4.200000000000000000e+01
1.679988668621956110e+09,1.658400000000000000e+04,5.120000000000000000e+02,-7.840000000000000000e+02,-1.153000000000000000e+03,-6.220000000000000000e+02,-4.200000000000000000e+01
1.679988668622164965e+09,1.658400000000000000e+04,5.120000000000000000e+02,-7.840000000000000000e+02,-1.153000000000000000e+03,-6.220000000000000000e+02,-4.200000000000000000e+01
1.679988668622379541e+09,1.658400000000000000e+04,5.120000000000000000e+02,-7.840000000000000000e+02,-1.153000000000000000e+03,-6.220000000000000000e+02,-4.200000000000000000e+01
1.679988668622596264e+09,1.658400000000000000e+04,5.120000000000000000e+02,-7.840000000000000000e+02,-1.153000000000000000e+03,-6.220000000000000000e+02,-4.200000000000000000e+01
1.679988668622808695e+09,1.658400000000000000e+04,5.120000000000000000e+02,-7.840000000000000000e+02,-1.153000000000000000e+03,-6.220000000000000000e+02,-4.200000000000000000e+01
1.679988668623023272e+09,1.658400000000000000e+04,5.120000000000000000e+02,-7.840000000000000000e+02,-1.153000000000000000e+03,-6.220000000000000000e+02,-4.200000000000000000e+01
1.679988668623240232e+09,1.658400000000000000e+04,5.120000000000000000e+02,-7.840000000000000000e+02,-1.153000000000000000e+03,-6.220000000000000000e+02,-4.200000000000000000e+01
1.679988668623497486e+09,1.658400000000000000e+04,5.120000000000000000e+02,-7.840000000000000000e+02,-1.153000000000000000e+03,-6.220000000000000000e+02,-4.200000000000000000e+01
1.679988668623716116e+09,1.658400000000000000e+04,5.120000000000000000e+02,-7.840000000000000000e+02,-1.153000000000000000e+03,-6.220000000000000000e+02,-4.200000000000000000e+01
1.679988668623948812e+09,1.658400000000000000e+04,5.120000000000000000e+02,-7.840000000000000000e+02,-1.153000000000000000e+03,-6.220000000000000000e+02,-4.200000000000000000e+01
1.679988668624171019e+09,1.658400000000000000e+04,5.120000000000000000e+02,-7.840000000000000000e+02,-1.153000000000000000e+03,-6.220000000000000000e+02,-4.200000000000000000e+01
1.679988668624381781e+09,1.658400000000000000e+04,5.120000000000000000e+02,-7.840000000000000000e+02,-1.153000000000000000e+03,-6.220000000000000000e+02,-4.200000000000000000e+01
1.679988668624598503e+09,1.658400000000000000e+04,5.120000000000000000e+02,-7.840000000000000000e+02,-1.153000000000000000e+03,-6.220000000000000000e+02,-4.200000000000000000e+01
1.679988668624851465e+09,1.658400000000000000e+04,5.120000000000000000e+02,-7.840000000000000000e+02,-1.153000000000000000e+03,-6.220000000000000000e+02,-4.200000000000000000e+01
1.679988668625066280e+09,1.658400000000000000e+04,5.120000000000000000e+02,-7.840000000000000000e+02,-1.153000000000000000e+03,-6.220000000000000000e+02,-4.200000000000000000e+01
1.679988668625279427e+09,1.658400000000000000e+04,5.120000000000000000e+02,-7.840000000000000000e+02,-1.153000000000000000e+03,-6.220000000000000000e+02,-4.200000000000000000e+01
1.679988668625523806e+09,1.658400000000000000e+04,5.120000000000000000e+02,-7.840000000000000000e+02,-1.153000000000000000e+03,-6.220000000000000000e+02,-4.200000000000000000e+01
1.679988668625767469e+09,1.658400000000000000e+04,5.120000000000000000e+02,-7.840000000000000000e+02,-1.153000000000000000e+03,-6.220000000000000000e+02,-4.200000000000000000e+01
1.679988668626039028e+09,1.658400000000000000e+04,5.120000000000000000e+02,-7.840000000000000000e+02,-1.153000000000000000e+03,-6.220000000000000000e+02,-4.200000000000000000e+01
1.679988668626310825e+09,1.658400000000000000e+04,5.120000000000000000e+02,-7.840000000000000000e+02,-1.153000000000000000e+03,-6.220000000000000000e+02,-4.200000000000000000e+01
1.679988668626586914e+09,1.658400000000000000e+04,5.120000000000000000e+02,-7.840000000000000000e+02,-1.153000000000000000e+03,-6.220000000000000000e+02,-4.200000000000000000e+01
1.679988668626863956e+09,1.658400000000000000e+04,5.120000000000000000e+02,-7.840000000000000000e+02,-1.153000000000000000e+03,-6.220000000000000000e+02,-4.200000000000000000e+01
1.679988668627140045e+09,1.658400000000000000e+04,5.120000000000000000e+02,-7.840000000000000000e+02,-1.153000000000000000e+03,-6.220000000000000000e+02,-4.200000000000000000e+01
1.679988668627418280e+09,1.658400000000000000e+04,5.120000000000000000e+02,-7.840000000000000000e+02,-1.153000000000000000e+03,-6.220000000000000000e+02,-4.200000000000000000e+01
1.679988668627696037e+09,1.658400000000000000e+04,5.120000000000000000e+02,-7.840000000000000000e+02,-1.153000000000000000e+03,-6.220000000000000000e+02,-4.200000000000000000e+01
1.679988668627963543e+09,1.658400000000000000e+04,5.120000000000000000e+02,-7.840000000000000000e+02,-1.153000000000000000e+03,-6.220000000000000000e+02,-4.200000000000000000e+01
1.679988668628226519e+09,1.658400000000000000e+04,5.120000000000000000e+02,-7.840000000000000000e+02,-1.153000000000000000e+03,-6.220000000000000000e+02,-4.200000000000000000e+01
1.679988668628499269e+09,1.658400000000000000e+04,5.120000000000000000e+02,-7.840000000000000000e+02,-1.153000000000000000e+03,-6.220000000000000000e+02,-4.200000000000000000e+01
1.679988668628765345e+09,1.658400000000000000e+04,5.120000000000000000e+02,-7.840000000000000000e+02,-1.153000000000000000e+03,-6.220000000000000000e+02,-4.200000000000000000e+01
1.679988668629036188e+09,1.658400000000000000e+04,5.120000000000000000e+02,-7.840000000000000000e+02,-1.153000000000000000e+03,-6.220000000000000000e+02,-4.200000000000000000e+01
1.679988668629305124e+09,1.658400000000000000e+04,5.120000000000000000e+02,-7.840000000000000000e+02,-1.153000000000000000e+03,-6.220000000000000000e+02,-4.200000000000000000e+01
1.679988668629577875e+09,1.658400000000000000e+04,5.120000000000000000e+02,-7.840000000000000000e+02,-1.153000000000000000e+03,-6.220000000000000000e+02,-4.200000000000000000e+01
1.679988668629803658e+09,1.658400000000000000e+04,5.120000000000000000e+02,-7.840000000000000000e+02,-1.153000000000000000e+03,-6.220000000000000000e+02,-4.200000000000000000e+01
1.679988668630018234e+09,1.658400000000000000e+04,5.120000000000000000e+02,-7.840000000000000000e+02,-1.153000000000000000e+03,-6.220000000000000000e+02,-4.200000000000000000e+01
1.679988668630236864e+09,1.658400000000000000e+04,5.120000000000000000e+02,-7.840000000000000000e+02,-1.153000000000000000e+03,-6.220000000000000000e+02,-4.200000000000000000e+01
1.679988668630444527e+09,1.658400000000000000e+04,5.120000000000000000e+02,-7.840000000000000000e+02,-1.153000000000000000e+03,-6.220000000000000000e+02,-4.200000000000000000e+01
1.679988668630791187e+09,1.658400000000000000e+04,5.120000000000000000e+02,-7.840000000000000000e+02,-1.153000000000000000e+03,-6.220000000000000000e+02,-4.200000000000000000e+01
1.679988668631174088e+09,1.658400000000000000e+04,5.120000000000000000e+02,-7.840000000000000000e+02,-1.153000000000000000e+03,-6.220000000000000000e+02,-4.200000000000000000e+01
1.679988668631448984e+09,1.658400000000000000e+04,5.120000000000000000e+02,-7.840000000000000000e+02,-1.153000000000000000e+03,-6.220000000000000000e+02,-4.200000000000000000e+01
1.679988668631740570e+09,1.658400000000000000e+04,5.120000000000000000e+02,-7.840000000000000000e+02,-1.153000000000000000e+03,-6.220000000000000000e+02,-4.200000000000000000e+01
1.679988668631978273e+09,1.658400000000000000e+04,5.120000000000000000e+02,-7.840000000000000000e+02,-1.153000000000000000e+03,-6.220000000000000000e+02,-4.200000000000000000e+01
1.679988668632200241e+09,1.658400000000000000e+04,5.120000000000000000e+02,-7.840000000000000000e+02,-1.153000000000000000e+03,-6.220000000000000000e+02,-4.200000000000000000e+01
1.679988668632418871e+09,1.658400000000000000e+04,5.120000000000000000e+02,-7.840000000000000000e+02,-1.153000000000000000e+03,-6.220000000000000000e+02,-4.200000000000000000e+01
1.679988668632632256e+09,1.658400000000000000e+04,5.120000000000000000e+02,-7.840000000000000000e+02,-1.153000000000000000e+03,-6.220000000000000000e+02,-4.200000000000000000e+01
1.679988668632849932e+09,1.658400000000000000e+04,5.120000000000000000e+02,-7.840000000000000000e+02,-1.153000000000000000e+03,-6.220000000000000000e+02,-4.200000000000000000e+01
1.679988668633061647e+09,1.658400000000000000e+04,5.120000000000000000e+02,-7.840000000000000000e+02,-1.153000000000000000e+03,-6.220000000000000000e+02,-4.200000000000000000e+01
1.679988668633273602e+09,1.658400000000000000e+04,5.120000000000000000e+02,-7.840000000000000000e+02,-1.153000000000000000e+03,-6.220000000000000000e+02,-4.200000000000000000e+01
1.679988668633492470e+09,1.658400000000000000e+04,5.120000000000000000e+02,-7.840000000000000000e+02,-1.153000000000000000e+03,-6.220000000000000000e+02,-4.200000000000000000e+01
1.679988668633698702e+09,1.658400000000000000e+04,5.120000000000000000e+02,-7.840000000000000000e+02,-1.153000000000000000e+03,-6.220000000000000000e+02,-4.200000000000000000e+01
1.679988668633909464e+09,1.658400000000000000e+04,5.120000000000000000e+02,-7.840000000000000000e+02,-1.153000000000000000e+03,-6.220000000000000000e+02,-4.200000000000000000e+01
1.679988668634124756e+09,1.658400000000000000e+04,5.120000000000000000e+02,-7.840000000000000000e+02,-1.153000000000000000e+03,-6.220000000000000000e+02,-4.200000000000000000e+01
1.679988668634343624e+09,1.658400000000000000e+04,5.120000000000000000e+02,-7.840000000000000000e+02,-1.153000000000000000e+03,-6.220000000000000000e+02,-4.200000000000000000e+01
1.679988668634551287e+09,1.658400000000000000e+04,5.120000000000000000e+02,-7.840000000000000000e+02,-1.153000000000000000e+03,-6.220000000000000000e+02,-4.200000000000000000e+01
1.679988668634758234e+09,1.658400000000000000e+04,5.120000000000000000e+02,-7.840000000000000000e+02,-1.153000000000000000e+03,-6.220000000000000000e+02,-4.200000000000000000e+01
1.679988668634967804e+09,1.658400000000000000e+04,5.120000000000000000e+02,-7.840000000000000000e+02,-1.153000000000000000e+03,-6.220000000000000000e+02,-4.200000000000000000e+01
1.679988668635175705e+09,1.658400000000000000e+04,5.120000000000000000e+02,-7.840000000000000000e+02,-1.153000000000000000e+03,-6.220000000000000000e+02,-4.200000000000000000e+01
1.679988668635389328e+09,1.658400000000000000e+04,5.120000000000000000e+02,-7.840000000000000000e+02,-1.153000000000000000e+03,-6.220000000000000000e+02,-4.200000000000000000e+01
1.679988668635655642e+09,1.658400000000000000e+04,5.120000000000000000e+02,-7.840000000000000000e+02,-1.153000000000000000e+03,-6.220000000000000000e+02,-4.200000000000000000e+01
1.679988668635875225e+09,1.658400000000000000e+04,5.120000000000000000e+02,-7.840000000000000000e+02,-1.153000000000000000e+03,-6.220000000000000000e+02,-4.200000000000000000e+01
1.679988668636142015e+09,1.658400000000000000e+04,5.120000000000000000e+02,-7.840000000000000000e+02,-1.153000000000000000e+03,-6.220000000000000000e+02,-4.200000000000000000e+01
1.679988668636366606e+09,1.658400000000000000e+04,5.120000000000000000e+02,-7.840000000000000000e+02,-1.153000000000000000e+03,-6.220000000000000000e+02,-4.200000000000000000e+01
1.679988668636678457e+09,1.658400000000000000e+04,5.120000000000000000e+02,-7.840000000000000000e+02,-1.153000000000000000e+03,-6.220000000000000000e+02,-4.200000000000000000e+01
1.679988668637070656e+09,1.658400000000000000e+04,5.120000000000000000e+02,-7.840000000000000000e+02,-1.153000000000000000e+03,-6.220000000000000000e+02,-4.200000000000000000e+01
1.679988668637431383e+09,1.658400000000000000e+04,5.120000000000000000e+02,-7.840000000000000000e+02,-1.153000000000000000e+03,-6.220000000000000000e+02,-4.200000000000000000e+01
1.679988668637799740e+09,1.658400000000000000e+04,5.120000000000000000e+02,-7.840000000000000000e+02,-1.153000000000000000e+03,-6.220000000000000000e+02,-4.200000000000000000e+01
1.679988668638031960e+09,1.658400000000000000e+04,5.120000000000000000e+02,-7.840000000000000000e+02,-1.153000000000000000e+03,-6.220000000000000000e+02,-4.200000000000000000e+01
1.679988668638258457e+09,1.658400000000000000e+04,5.120000000000000000e+02,-7.840000000000000000e+02,-1.153000000000000000e+03,-6.220000000000000000e+02,-4.200000000000000000e+01
1.679988668638478041e+09,1.658400000000000000e+04,5.120000000000000000e+02,-7.840000000000000000e+02,-1.153000000000000000e+03,-6.220000000000000000e+02,-4.200000000000000000e+01
1.679988668638697624e+09,1.658400000000000000e+04,5.120000000000000000e+02,-7.840000000000000000e+02,-1.153000000000000000e+03,-6.220000000000000000e+02,-4.200000000000000000e+01
1.679988668638917446e+09,1.658400000000000000e+04,5.120000000000000000e+02,-7.840000000000000000e+02,-1.153000000000000000e+03,-6.220000000000000000e+02,-4.200000000000000000e+01
1.679988668639131546e+09,1.658400000000000000e+04,5.120000000000000000e+02,-7.840000000000000000e+02,-1.153000000000000000e+03,-6.220000000000000000e+02,-4.200000000000000000e+01
1.679988668639348269e+09,1.658400000000000000e+04,5.120000000000000000e+02,-7.840000000000000000e+02,-1.153000000000000000e+03,-6.220000000000000000e+02,-4.200000000000000000e+01
1.679988668639561653e+09,1.658400000000000000e+04,5.120000000000000000e+02,-7.840000000000000000e+02,-1.153000000000000000e+03,-6.220000000000000000e+02,-4.200000000000000000e+01
1.679988668639778376e+09,1.658400000000000000e+04,5.120000000000000000e+02,-7.840000000000000000e+02,-1.153000000000000000e+03,-6.220000000000000000e+02,-4.200000000000000000e+01
1.679988668639992237e+09,1.658400000000000000e+04,5.120000000000000000e+02,-7.840000000000000000e+02,-1.153000000000000000e+03,-6.220000000000000000e+02,-4.200000000000000000e+01
1.679988668640207291e+09,1.658400000000000000e+04,5.120000000000000000e+02,-7.840000000000000000e+02,-1.153000000000000000e+03,-6.220000000000000000e+02,-4.200000000000000000e+01
1.679988668640418530e+09,1.658400000000000000e+04,5.120000000000000000e+02,-7.840000000000000000e+02,-1.153000000000000000e+03,-6.220000000000000000e+02,-4.200000000000000000e+01
1.679988668640636444e+09,1.658400000000000000e+04,5.120000000000000000e+02,-7.840000000000000000e+02,-1.153000000000000000e+03,-6.220000000000000000e+02,-4.200000000000000000e+01
1.679988668640847683e+09,1.658400000000000000e+04,5.120000000000000000e+02,-7.840000000000000000e+02,-1.153000000000000000e+03,-6.220000000000000000e+02,-4.200000000000000000e+01
1.679988668641057253e+09,1.658400000000000000e+04,5.120000000000000000e+02,-7.840000000000000000e+02,-1.153000000000000000e+03,-6.220000000000000000e+02,-4.200000000000000000e+01
1.679988668641268969e+09,1.658400000000000000e+04,5.120000000000000000e+02,-7.840000000000000000e+02,-1.153000000000000000e+03,-6.220000000000000000e+02,-4.200000000000000000e+01
1.679988668641479492e+09,1.658400000000000000e+04,5.120000000000000000e+02,-7.840000000000000000e+02,-1.153000000000000000e+03,-6.220000000000000000e+02,-4.200000000000000000e+01
1.679988668641695261e+09,1.658400000000000000e+04,5.120000000000000000e+02,-7.840000000000000000e+02,-1.153000000000000000e+03,-6.220000000000000000e+02,-4.200000000000000000e+01
1.679988668641959190e+09,1.658400000000000000e+04,5.120000000000000000e+02,-7.840000000000000000e+02,-1.153000000000000000e+03,-6.220000000000000000e+02,-4.200000000000000000e+01
1.679988668642177820e+09,1.658400000000000000e+04,5.120000000000000000e+02,-7.840000000000000000e+02,-1.153000000000000000e+03,-6.220000000000000000e+02,-4.200000000000000000e+01
1.679988668642394543e+09,1.658400000000000000e+04,5.120000000000000000e+02,-7.840000000000000000e+02,-1.153000000000000000e+03,-6.220000000000000000e+02,-4.200000000000000000e+01
1.679988668642609835e+09,1.658400000000000000e+04,5.120000000000000000e+02,-7.840000000000000000e+02,-1.153000000000000000e+03,-6.220000000000000000e+02,-4.200000000000000000e+01
1.679988668642825842e+09,1.658400000000000000e+04,5.120000000000000000e+02,-7.840000000000000000e+02,-1.153000000000000000e+03,-6.220000000000000000e+02,-4.200000000000000000e+01
1.679988668643085241e+09,1.658400000000000000e+04,5.120000000000000000e+02,-7.840000000000000000e+02,-1.153000000000000000e+03,-6.220000000000000000e+02,-4.200000000000000000e+01
1.679988668643297911e+09,1.658400000000000000e+04,5.120000000000000000e+02,-7.840000000000000000e+02,-1.153000000000000000e+03,-6.220000000000000000e+02,-4.200000000000000000e+01
1.679988668643509150e+09,1.658400000000000000e+04,5.120000000000000000e+02,-7.840000000000000000e+02,-1.153000000000000000e+03,-6.220000000000000000e+02,-4.200000000000000000e+01
1.679988668643726110e+09,1.658400000000000000e+04,5.120000000000000000e+02,-7.840000000000000000e+02,-1.153000000000000000e+03,-6.220000000000000000e+02,-4.200000000000000000e+01
1.679988668643942356e+09,1.658400000000000000e+04,5.120000000000000000e+02,-7.840000000000000000e+02,-1.153000000000000000e+03,-6.220000000000000000e+02,-4.200000000000000000e+01
1.679988668644156456e+09,1.658400000000000000e+04,5.120000000000000000e+02,-7.840000000000000000e+02,-1.153000000000000000e+03,-6.220000000000000000e+02,-4.200000000000000000e+01
1.679988668644371748e+09,1.658400000000000000e+04,5.120000000000000000e+02,-7.840000000000000000e+02,-1.153000000000000000e+03,-6.220000000000000000e+02,-4.200000000000000000e+01
1.679988668644590378e+09,1.658400000000000000e+04,5.120000000000000000e+02,-7.840000000000000000e+02,-1.153000000000000000e+03,-6.220000000000000000e+02,-4.200000000000000000e+01
1.679988668644805193e+09,1.658400000000000000e+04,5.120000000000000000e+02,-7.840000000000000000e+02,-1.153000000000000000e+03,-6.220000000000000000e+02,-4.200000000000000000e+01
1.679988668645018101e+09,1.658400000000000000e+04,5.120000000000000000e+02,-7.840000000000000000e+02,-1.153000000000000000e+03,-6.220000000000000000e+02,-4.200000000000000000e+01
1.679988668645228386e+09,1.658400000000000000e+04,5.120000000000000000e+02,-7.840000000000000000e+02,-1.153000000000000000e+03,-6.220000000000000000e+02,-4.200000000000000000e+01
1.679988668645438194e+09,1.658400000000000000e+04,5.120000000000000000e+02,-7.840000000000000000e+02,-1.153000000000000000e+03,-6.220000000000000000e+02,-4.200000000000000000e+01
1.679988668645699263e+09,1.658400000000000000e+04,5.120000000000000000e+02,-7.840000000000000000e+02,-1.153000000000000000e+03,-6.220000000000000000e+02,-4.200000000000000000e+01
1.679988668645921946e+09,1.658400000000000000e+04,5.120000000000000000e+02,-7.840000000000000000e+02,-1.153000000000000000e+03,-6.220000000000000000e+02,-4.200000000000000000e+01
1.679988668646140575e+09,1.658400000000000000e+04,5.120000000000000000e+02,-7.840000000000000000e+02,-1.153000000000000000e+03,-6.220000000000000000e+02,-4.200000000000000000e+01
1.679988668646352291e+09,1.658400000000000000e+04,5.120000000000000000e+02,-7.840000000000000000e+02,-1.153000000000000000e+03,-6.220000000000000000e+02,-4.200000000000000000e+01
1.679988668646567583e+09,1.658400000000000000e+04,5.120000000000000000e+02,-7.840000000000000000e+02,-1.153000000000000000e+03,-6.220000000000000000e+02,-4.200000000000000000e+01
1.679988668646785259e+09,1.658400000000000000e+04,5.120000000000000000e+02,-7.840000000000000000e+02,-1.153000000000000000e+03,-6.220000000000000000e+02,-4.200000000000000000e+01
1.679988668647006512e+09,1.658400000000000000e+04,5.120000000000000000e+02,-7.840000000000000000e+02,-1.153000000000000000e+03,-6.220000000000000000e+02,-4.200000000000000000e+01
1.679988668647275209e+09,1.658400000000000000e+04,5.120000000000000000e+02,-7.840000000000000000e+02,-1.153000000000000000e+03,-6.220000000000000000e+02,-4.200000000000000000e+01
1.679988668647498846e+09,1.658400000000000000e+04,5.120000000000000000e+02,-7.840000000000000000e+02,-1.153000000000000000e+03,-6.220000000000000000e+02,-4.200000000000000000e+01
1.679988668647723198e+09,1.658400000000000000e+04,5.120000000000000000e+02,-7.840000000000000000e+02,-1.153000000000000000e+03,-6.220000000000000000e+02,-4.200000000000000000e+01
1.679988668647938013e+09,1.658400000000000000e+04,5.120000000000000000e+02,-7.840000000000000000e+02,-1.153000000000000000e+03,-6.220000000000000000e+02,-4.200000000000000000e+01
1.679988668648149967e+09,1.658400000000000000e+04,5.120000000000000000e+02,-7.840000000000000000e+02,-1.153000000000000000e+03,-6.220000000000000000e+02,-4.200000000000000000e+01
1.679988668648413420e+09,1.658400000000000000e+04,5.120000000000000000e+02,-7.840000000000000000e+02,-1.153000000000000000e+03,-6.220000000000000000e+02,-4.200000000000000000e+01
1.679988668648630857e+09,1.658400000000000000e+04,5.120000000000000000e+02,-7.840000000000000000e+02,-1.153000000000000000e+03,-6.220000000000000000e+02,-4.200000000000000000e+01
1.679988668648840189e+09,1.658400000000000000e+04,5.120000000000000000e+02,-7.840000000000000000e+02,-1.153000000000000000e+03,-6.220000000000000000e+02,-4.200000000000000000e+01
1.679988668649057865e+09,1.658400000000000000e+04,5.120000000000000000e+02,-7.840000000000000000e+02,-1.153000000000000000e+03,-6.220000000000000000e+02,-4.200000000000000000e+01
1.679988668649270773e+09,1.658400000000000000e+04,5.120000000000000000e+02,-7.840000000000000000e+02,-1.153000000000000000e+03,-6.220000000000000000e+02,-4.200000000000000000e+01
1.679988668649485111e+09,1.658400000000000000e+04,5.120000000000000000e+02,-7.840000000000000000e+02,-1.153000000000000000e+03,-6.220000000000000000e+02,-4.200000000000000000e+01
1.679988668649693966e+09,1.658400000000000000e+04,5.120000000000000000e+02,-7.840000000000000000e+02,-1.153000000000000000e+03,-6.220000000000000000e+02,-4.200000000000000000e+01
1.679988668649908781e+09,1.658400000000000000e+04,5.120000000000000000e+02,-7.840000000000000000e+02,-1.153000000000000000e+03,-6.220000000000000000e+02,-4.200000000000000000e+01
1.679988668650120020e+09,1.658400000000000000e+04,5.120000000000000000e+02,-7.840000000000000000e+02,-1.153000000000000000e+03,-6.220000000000000000e+02,-4.200000000000000000e+01
1.679988668650336504e+09,1.658400000000000000e+04,5.120000000000000000e+02,-7.840000000000000000e+02,-1.153000000000000000e+03,-6.220000000000000000e+02,-4.200000000000000000e+01
1.679988668650544882e+09,1.658400000000000000e+04,5.120000000000000000e+02,-7.840000000000000000e+02,-1.153000000000000000e+03,-6.220000000000000000e+02,-4.200000000000000000e+01
1.679988668650760651e+09,1.658400000000000000e+04,5.120000000000000000e+02,-7.840000000000000000e+02,-1.153000000000000000e+03,-6.220000000000000000e+02,-4.200000000000000000e+01
1.679988668650975227e+09,1.658400000000000000e+04,5.120000000000000000e+02,-7.840000000000000000e+02,-1.153000000000000000e+03,-6.220000000000000000e+02,-4.200000000000000000e+01
1.679988668651188850e+09,1.658400000000000000e+04,5.120000000000000000e+02,-7.840000000000000000e+02,-1.153000000000000000e+03,-6.220000000000000000e+02,-4.200000000000000000e+01
1.679988668651397943e+09,1.658400000000000000e+04,5.120000000000000000e+02,-7.840000000000000000e+02,-1.153000000000000000e+03,-6.220000000000000000e+02,-4.200000000000000000e+01
1.679988668651616335e+09,1.658400000000000000e+04,5.120000000000000000e+02,-7.840000000000000000e+02,-1.153000000000000000e+03,-6.220000000000000000e+02,-4.200000000000000000e+01
1.679988668651833534e+09,1.658400000000000000e+04,5.120000000000000000e+02,-7.840000000000000000e+02,-1.153000000000000000e+03,-6.220000000000000000e+02,-4.200000000000000000e+01
1.679988668652097940e+09,1.658400000000000000e+04,5.120000000000000000e+02,-7.840000000000000000e+02,-1.153000000000000000e+03,-6.220000000000000000e+02,-4.200000000000000000e+01
1.679988668652707338e+09,1.658400000000000000e+04,5.120000000000000000e+02,-7.840000000000000000e+02,-1.153000000000000000e+03,-6.220000000000000000e+02,-4.200000000000000000e+01
1.679988668653017282e+09,1.658400000000000000e+04,5.120000000000000000e+02,-7.840000000000000000e+02,-1.153000000000000000e+03,-6.220000000000000000e+02,-4.200000000000000000e+01
1.679988668653300524e+09,1.658400000000000000e+04,5.120000000000000000e+02,-7.840000000000000000e+02,-1.153000000000000000e+03,-6.220000000000000000e+02,-4.200000000000000000e+01
1.679988668653571129e+09,1.658400000000000000e+04,5.120000000000000000e+02,-7.840000000000000000e+02,-1.153000000000000000e+03,-6.220000000000000000e+02,-4.200000000000000000e+01
1.679988668653851032e+09,1.658400000000000000e+04,5.120000000000000000e+02,-7.840000000000000000e+02,-1.153000000000000000e+03,-6.220000000000000000e+02,-4.200000000000000000e+01
1.679988668654135466e+09,1.658400000000000000e+04,5.120000000000000000e+02,-7.840000000000000000e+02,-1.153000000000000000e+03,-6.220000000000000000e+02,-4.200000000000000000e+01
1.679988668654464483e+09,1.658400000000000000e+04,5.120000000000000000e+02,-7.840000000000000000e+02,-1.153000000000000000e+03,-6.220000000000000000e+02,-4.200000000000000000e+01
1.679988668654748440e+09,1.658400000000000000e+04,5.120000000000000000e+02,-7.840000000000000000e+02,-1.153000000000000000e+03,-6.220000000000000000e+02,-4.200000000000000000e+01
1.679988668655021429e+09,1.658400000000000000e+04,5.120000000000000000e+02,-7.840000000000000000e+02,-1.153000000000000000e+03,-6.220000000000000000e+02,-4.200000000000000000e+01
1.679988668655298233e+09,1.658400000000000000e+04,5.120000000000000000e+02,-7.840000000000000000e+02,-1.153000000000000000e+03,-6.220000000000000000e+02,-4.200000000000000000e+01
1.679988668655639410e+09,1.658400000000000000e+04,5.120000000000000000e+02,-7.840000000000000000e+02,-1.153000000000000000e+03,-6.220000000000000000e+02,-4.200000000000000000e+01
1.679988668655921936e+09,1.658400000000000000e+04,5.120000000000000000e+02,-7.840000000000000000e+02,-1.153000000000000000e+03,-6.220000000000000000e+02,-4.200000000000000000e+01
1.679988668656157970e+09,1.658400000000000000e+04,5.120000000000000000e+02,-7.840000000000000000e+02,-1.153000000000000000e+03,-6.220000000000000000e+02,-4.200000000000000000e+01
1.679988668656387568e+09,1.658400000000000000e+04,5.120000000000000000e+02,-7.840000000000000000e+02,-1.153000000000000000e+03,-6.220000000000000000e+02,-4.200000000000000000e+01
1.679988668656610727e+09,1.658400000000000000e+04,5.120000000000000000e+02,-7.840000000000000000e+02,-1.153000000000000000e+03,-6.220000000000000000e+02,-4.200000000000000000e+01
1.679988668656833649e+09,1.658400000000000000e+04,5.120000000000000000e+02,-7.840000000000000000e+02,-1.153000000000000000e+03,-6.220000000000000000e+02,-4.200000000000000000e+01
1.679988668657085180e+09,1.658400000000000000e+04,5.120000000000000000e+02,-7.840000000000000000e+02,-1.153000000000000000e+03,-6.220000000000000000e+02,-4.200000000000000000e+01
1.679988668657377958e+09,1.658400000000000000e+04,5.120000000000000000e+02,-7.840000000000000000e+02,-1.153000000000000000e+03,-6.220000000000000000e+02,-4.200000000000000000e+01
1.679988668657694101e+09,1.658400000000000000e+04,5.120000000000000000e+02,-7.840000000000000000e+02,-1.153000000000000000e+03,-6.220000000000000000e+02,-4.200000000000000000e+01
1.679988668657978535e+09,1.658400000000000000e+04,5.120000000000000000e+02,-7.840000000000000000e+02,-1.153000000000000000e+03,-6.220000000000000000e+02,-4.200000000000000000e+01
1.679988668658244610e+09,1.658400000000000000e+04,5.120000000000000000e+02,-7.840000000000000000e+02,-1.153000000000000000e+03,-6.220000000000000000e+02,-4.200000000000000000e+01
1.679988668658535480e+09,1.658400000000000000e+04,5.120000000000000000e+02,-7.840000000000000000e+02,-1.153000000000000000e+03,-6.220000000000000000e+02,-4.200000000000000000e+01
1.679988668658783436e+09,1.658400000000000000e+04,5.120000000000000000e+02,-7.840000000000000000e+02,-1.153000000000000000e+03,-6.220000000000000000e+02,-4.200000000000000000e+01
1.679988668659011602e+09,1.658400000000000000e+04,5.120000000000000000e+02,-7.840000000000000000e+02,-1.153000000000000000e+03,-6.220000000000000000e+02,-4.200000000000000000e+01
1.679988668659277201e+09,1.658400000000000000e+04,5.120000000000000000e+02,-7.840000000000000000e+02,-1.153000000000000000e+03,-6.220000000000000000e+02,-4.200000000000000000e+01
1.679988668659497023e+09,1.658400000000000000e+04,5.120000000000000000e+02,-7.840000000000000000e+02,-1.153000000000000000e+03,-6.220000000000000000e+02,-4.200000000000000000e+01
1.679988668659722090e+09,1.658400000000000000e+04,5.120000000000000000e+02,-7.840000000000000000e+02,-1.153000000000000000e+03,-6.220000000000000000e+02,-4.200000000000000000e+01
1.679988668659942150e+09,1.658400000000000000e+04,5.120000000000000000e+02,-7.840000000000000000e+02,-1.153000000000000000e+03,-6.220000000000000000e+02,-4.200000000000000000e+01
1.679988668660160303e+09,1.658400000000000000e+04,5.120000000000000000e+02,-7.840000000000000000e+02,-1.153000000000000000e+03,-6.220000000000000000e+02,-4.200000000000000000e+01
1.679988668660383701e+09,1.658400000000000000e+04,5.120000000000000000e+02,-7.840000000000000000e+02,-1.153000000000000000e+03,-6.220000000000000000e+02,-4.200000000000000000e+01
1.679988668660654783e+09,1.658400000000000000e+04,5.120000000000000000e+02,-7.840000000000000000e+02,-1.153000000000000000e+03,-6.220000000000000000e+02,-4.200000000000000000e+01
1.679988668660872936e+09,1.658400000000000000e+04,5.120000000000000000e+02,-7.840000000000000000e+02,-1.153000000000000000e+03,-6.220000000000000000e+02,-4.200000000000000000e+01
1.679988668661093712e+09,1.658400000000000000e+04,5.120000000000000000e+02,-7.840000000000000000e+02,-1.153000000000000000e+03,-6.220000000000000000e+02,-4.200000000000000000e+01
1.679988668661311626e+09,1.658400000000000000e+04,5.120000000000000000e+02,-7.840000000000000000e+02,-1.153000000000000000e+03,-6.220000000000000000e+02,-4.200000000000000000e+01
1.679988668661531687e+09,1.658400000000000000e+04,5.120000000000000000e+02,-7.840000000000000000e+02,-1.153000000000000000e+03,-6.220000000000000000e+02,-4.200000000000000000e+01
1.679988668661753416e+09,1.658400000000000000e+04,5.120000000000000000e+02,-7.840000000000000000e+02,-1.153000000000000000e+03,-6.220000000000000000e+02,-4.200000000000000000e+01
1.679988668661975861e+09,1.658400000000000000e+04,5.120000000000000000e+02,-7.840000000000000000e+02,-1.153000000000000000e+03,-6.220000000000000000e+02,-4.200000000000000000e+01
1.679988668662201643e+09,1.658400000000000000e+04,5.120000000000000000e+02,-7.840000000000000000e+02,-1.153000000000000000e+03,-6.220000000000000000e+02,-4.200000000000000000e+01
1.679988668662419319e+09,1.658400000000000000e+04,5.120000000000000000e+02,-7.840000000000000000e+02,-1.153000000000000000e+03,-6.220000000000000000e+02,-4.200000000000000000e+01
1.679988668662636518e+09,1.658400000000000000e+04,5.120000000000000000e+02,-7.840000000000000000e+02,-1.153000000000000000e+03,-6.220000000000000000e+02,-4.200000000000000000e+01
1.679988668662858248e+09,1.658400000000000000e+04,5.120000000000000000e+02,-7.840000000000000000e+02,-1.153000000000000000e+03,-6.220000000000000000e+02,-4.200000000000000000e+01
1.679988668663077831e+09,1.658400000000000000e+04,5.120000000000000000e+02,-7.840000000000000000e+02,-1.153000000000000000e+03,-6.220000000000000000e+02,-4.200000000000000000e+01
1.679988668663298607e+09,1.658400000000000000e+04,5.120000000000000000e+02,-7.840000000000000000e+02,-1.153000000000000000e+03,-6.220000000000000000e+02,-4.200000000000000000e+01
1.679988668663911343e+09,1.658400000000000000e+04,5.120000000000000000e+02,-7.840000000000000000e+02,-1.153000000000000000e+03,-6.220000000000000000e+02,-4.200000000000000000e+01
1.679988668664192677e+09,1.658400000000000000e+04,5.120000000000000000e+02,-7.840000000000000000e+02,-1.153000000000000000e+03,-6.220000000000000000e+02,-4.200000000000000000e+01
1.679988668664428473e+09,1.658400000000000000e+04,5.120000000000000000e+02,-7.840000000000000000e+02,-1.153000000000000000e+03,-6.220000000000000000e+02,-4.200000000000000000e+01
1.679988668664661169e+09,1.658400000000000000e+04,5.120000000000000000e+02,-7.840000000000000000e+02,-1.153000000000000000e+03,-6.220000000000000000e+02,-4.200000000000000000e+01
1.679988668664931536e+09,1.658400000000000000e+04,5.120000000000000000e+02,-7.840000000000000000e+02,-1.153000000000000000e+03,-6.220000000000000000e+02,-4.200000000000000000e+01
1.679988668665167809e+09,1.658400000000000000e+04,5.120000000000000000e+02,-7.840000000000000000e+02,-1.153000000000000000e+03,-6.220000000000000000e+02,-4.200000000000000000e+01
1.679988668665673733e+09,1.658400000000000000e+04,5.120000000000000000e+02,-7.840000000000000000e+02,-1.153000000000000000e+03,-6.220000000000000000e+02,-4.200000000000000000e+01
1.679988668665886164e+09,1.658400000000000000e+04,5.120000000000000000e+02,-7.840000000000000000e+02,-1.153000000000000000e+03,-6.220000000000000000e+02,-4.200000000000000000e+01
1.679988668666214228e+09,1.658400000000000000e+04,5.120000000000000000e+02,-7.840000000000000000e+02,-1.153000000000000000e+03,-6.220000000000000000e+02,-4.200000000000000000e+01
1.679988668666393757e+09,1.658400000000000000e+04,5.120000000000000000e+02,-7.840000000000000000e+02,-1.153000000000000000e+03,-6.220000000000000000e+02,-4.200000000000000000e+01
1.679988668666579723e+09,1.658400000000000000e+04,5.120000000000000000e+02,-7.840000000000000000e+02,-1.153000000000000000e+03,-6.220000000000000000e+02,-4.200000000000000000e+01
1.679988668666797161e+09,1.658400000000000000e+04,5.120000000000000000e+02,-7.840000000000000000e+02,-1.153000000000000000e+03,-6.220000000000000000e+02,-4.200000000000000000e+01
1.679988668667039633e+09,1.658400000000000000e+04,5.120000000000000000e+02,-7.840000000000000000e+02,-1.153000000000000000e+03,-6.220000000000000000e+02,-4.200000000000000000e+01
1.679988668667393446e+09,1.658400000000000000e+04,5.120000000000000000e+02,-7.840000000000000000e+02,-1.153000000000000000e+03,-6.220000000000000000e+02,-4.200000000000000000e+01
1.679988668667571783e+09,1.658400000000000000e+04,5.120000000000000000e+02,-7.840000000000000000e+02,-1.153000000000000000e+03,-6.220000000000000000e+02,-4.200000000000000000e+01
1.679988668667859554e+09,1.658400000000000000e+04,5.120000000000000000e+02,-7.840000000000000000e+02,-1.153000000000000000e+03,-6.220000000000000000e+02,-4.200000000000000000e+01
1.679988668668037415e+09,1.658400000000000000e+04,5.120000000000000000e+02,-7.840000000000000000e+02,-1.153000000000000000e+03,-6.220000000000000000e+02,-4.200000000000000000e+01
1.679988668668215990e+09,1.658400000000000000e+04,5.120000000000000000e+02,-7.840000000000000000e+02,-1.153000000000000000e+03,-6.220000000000000000e+02,-4.200000000000000000e+01
1.679988668668399334e+09,1.658400000000000000e+04,5.120000000000000000e+02,-7.840000000000000000e+02,-1.153000000000000000e+03,-6.220000000000000000e+02,-4.200000000000000000e+01
1.679988668668651819e+09,1.658400000000000000e+04,5.120000000000000000e+02,-7.840000000000000000e+02,-1.153000000000000000e+03,-6.220000000000000000e+02,-4.200000000000000000e+01
1.679988668668995380e+09,1.658400000000000000e+04,5.120000000000000000e+02,-7.840000000000000000e+02,-1.153000000000000000e+03,-6.220000000000000000e+02,-4.200000000000000000e+01
1.679988668669190645e+09,1.658400000000000000e+04,5.120000000000000000e+02,-7.840000000000000000e+02,-1.153000000000000000e+03,-6.220000000000000000e+02,-4.200000000000000000e+01
1.679988668669477701e+09,1.658400000000000000e+04,5.120000000000000000e+02,-7.840000000000000000e+02,-1.153000000000000000e+03,-6.220000000000000000e+02,-4.200000000000000000e+01
1.679988668669651031e+09,1.658400000000000000e+04,5.120000000000000000e+02,-7.840000000000000000e+02,-1.153000000000000000e+03,-6.220000000000000000e+02,-4.200000000000000000e+01
1.679988668669833183e+09,1.658400000000000000e+04,5.120000000000000000e+02,-7.840000000000000000e+02,-1.153000000000000000e+03,-6.220000000000000000e+02,-4.200000000000000000e+01
1.679988668670018196e+09,1.658400000000000000e+04,5.120000000000000000e+02,-7.840000000000000000e+02,-1.153000000000000000e+03,-6.220000000000000000e+02,-4.200000000000000000e+01
1.679988668670252562e+09,1.658400000000000000e+04,5.120000000000000000e+02,-7.840000000000000000e+02,-1.153000000000000000e+03,-6.220000000000000000e+02,-4.200000000000000000e+01
1.679988668670590162e+09,1.658400000000000000e+04,5.120000000000000000e+02,-7.840000000000000000e+02,-1.153000000000000000e+03,-6.220000000000000000e+02,-4.200000000000000000e+01
1.679988668670781374e+09,1.658400000000000000e+04,5.120000000000000000e+02,-7.840000000000000000e+02,-1.153000000000000000e+03,-6.220000000000000000e+02,-4.200000000000000000e+01
1.679988668671069860e+09,1.658400000000000000e+04,5.120000000000000000e+02,-7.840000000000000000e+02,-1.153000000000000000e+03,-6.220000000000000000e+02,-4.200000000000000000e+01
1.679988668671244860e+09,1.658400000000000000e+04,5.120000000000000000e+02,-7.840000000000000000e+02,-1.153000000000000000e+03,-6.220000000000000000e+02,-4.200000000000000000e+01
1.679988668671425581e+09,1.658400000000000000e+04,5.120000000000000000e+02,-7.840000000000000000e+02,-1.153000000000000000e+03,-6.220000000000000000e+02,-4.200000000000000000e+01
1.679988668671595097e+09,1.658400000000000000e+04,5.120000000000000000e+02,-7.840000000000000000e+02,-1.153000000000000000e+03,-6.220000000000000000e+02,-4.200000000000000000e+01
1.679988668671840668e+09,1.658400000000000000e+04,5.120000000000000000e+02,-7.840000000000000000e+02,-1.153000000000000000e+03,-6.220000000000000000e+02,-4.200000000000000000e+01
1.679988668672185183e+09,1.658400000000000000e+04,5.120000000000000000e+02,-7.840000000000000000e+02,-1.153000000000000000e+03,-6.220000000000000000e+02,-4.200000000000000000e+01
1.679988668672410011e+09,1.658400000000000000e+04,5.120000000000000000e+02,-7.840000000000000000e+02,-1.153000000000000000e+03,-6.220000000000000000e+02,-4.200000000000000000e+01
1.679988668672708750e+09,1.658400000000000000e+04,5.120000000000000000e+02,-7.840000000000000000e+02,-1.153000000000000000e+03,-6.220000000000000000e+02,-4.200000000000000000e+01
1.679988668672886848e+09,1.658400000000000000e+04,5.120000000000000000e+02,-7.840000000000000000e+02,-1.153000000000000000e+03,-6.220000000000000000e+02,-4.200000000000000000e+01
1.679988668673060656e+09,1.658400000000000000e+04,5.120000000000000000e+02,-7.840000000000000000e+02,-1.153000000000000000e+03,-6.220000000000000000e+02,-4.200000000000000000e+01
1.679988668673240662e+09,1.658400000000000000e+04,5.120000000000000000e+02,-7.840000000000000000e+02,-1.153000000000000000e+03,-6.220000000000000000e+02,-4.200000000000000000e+01
1.679988668673493385e+09,1.658400000000000000e+04,5.120000000000000000e+02,-7.840000000000000000e+02,-1.153000000000000000e+03,-6.220000000000000000e+02,-4.200000000000000000e+01
1.679988668673828602e+09,1.658400000000000000e+04,5.120000000000000000e+02,-7.840000000000000000e+02,-1.153000000000000000e+03,-6.220000000000000000e+02,-4.200000000000000000e+01
1.679988668674024820e+09,1.658400000000000000e+04,5.120000000000000000e+02,-7.840000000000000000e+02,-1.153000000000000000e+03,-6.220000000000000000e+02,-4.200000000000000000e+01
1.679988668674332380e+09,1.658400000000000000e+04,5.120000000000000000e+02,-7.840000000000000000e+02,-1.153000000000000000e+03,-6.220000000000000000e+02,-4.200000000000000000e+01
1.679988668674509287e+09,1.658400000000000000e+04,5.120000000000000000e+02,-7.840000000000000000e+02,-1.153000000000000000e+03,-6.220000000000000000e+02,-4.200000000000000000e+01
1.679988668674692869e+09,1.658400000000000000e+04,5.120000000000000000e+02,-7.840000000000000000e+02,-1.153000000000000000e+03,-6.220000000000000000e+02,-4.200000000000000000e+01
1.679988668674876690e+09,1.658400000000000000e+04,5.120000000000000000e+02,-7.840000000000000000e+02,-1.153000000000000000e+03,-6.220000000000000000e+02,-4.200000000000000000e+01
1.679988668675238609e+09,1.658400000000000000e+04,5.120000000000000000e+02,-7.840000000000000000e+02,-1.153000000000000000e+03,-6.220000000000000000e+02,-4.200000000000000000e+01
1.679988668675421953e+09,1.658400000000000000e+04,5.120000000000000000e+02,-7.840000000000000000e+02,-1.153000000000000000e+03,-6.220000000000000000e+02,-4.200000000000000000e+01
1.679988668675666571e+09,1.658400000000000000e+04,5.120000000000000000e+02,-7.840000000000000000e+02,-1.153000000000000000e+03,-6.220000000000000000e+02,-4.200000000000000000e+01
1.679988668675866604e+09,1.658400000000000000e+04,5.120000000000000000e+02,-7.840000000000000000e+02,-1.153000000000000000e+03,-6.220000000000000000e+02,-4.200000000000000000e+01
1.679988668676221371e+09,1.658400000000000000e+04,5.120000000000000000e+02,-7.840000000000000000e+02,-1.153000000000000000e+03,-6.220000000000000000e+02,-4.200000000000000000e+01
1.679988668676414013e+09,1.658400000000000000e+04,5.120000000000000000e+02,-7.840000000000000000e+02,-1.153000000000000000e+03,-6.220000000000000000e+02,-4.200000000000000000e+01
1.679988668676752090e+09,1.658400000000000000e+04,5.120000000000000000e+02,-7.840000000000000000e+02,-1.153000000000000000e+03,-6.220000000000000000e+02,-4.200000000000000000e+01
1.679988668676934481e+09,1.658400000000000000e+04,5.120000000000000000e+02,-7.840000000000000000e+02,-1.153000000000000000e+03,-6.220000000000000000e+02,-4.200000000000000000e+01
1.679988668677117348e+09,1.658400000000000000e+04,5.120000000000000000e+02,-7.840000000000000000e+02,-1.153000000000000000e+03,-6.220000000000000000e+02,-4.200000000000000000e+01
1.679988668677295923e+09,1.658400000000000000e+04,5.120000000000000000e+02,-7.840000000000000000e+02,-1.153000000000000000e+03,-6.220000000000000000e+02,-4.200000000000000000e+01
1.679988668677577019e+09,1.658400000000000000e+04,5.120000000000000000e+02,-7.840000000000000000e+02,-1.153000000000000000e+03,-6.220000000000000000e+02,-4.200000000000000000e+01
1.679988668677762985e+09,1.658400000000000000e+04,5.120000000000000000e+02,-7.840000000000000000e+02,-1.153000000000000000e+03,-6.220000000000000000e+02,-4.200000000000000000e+01
1.679988668677983999e+09,1.658400000000000000e+04,5.120000000000000000e+02,-7.840000000000000000e+02,-1.153000000000000000e+03,-6.220000000000000000e+02,-4.200000000000000000e+01
1.679988668678185701e+09,1.658400000000000000e+04,5.120000000000000000e+02,-7.840000000000000000e+02,-1.153000000000000000e+03,-6.220000000000000000e+02,-4.200000000000000000e+01
1.679988668678430319e+09,1.658400000000000000e+04,5.120000000000000000e+02,-7.840000000000000000e+02,-1.153000000000000000e+03,-6.220000000000000000e+02,-4.200000000000000000e+01
1.679988668678660154e+09,1.658400000000000000e+04,5.120000000000000000e+02,-7.840000000000000000e+02,-1.153000000000000000e+03,-6.220000000000000000e+02,-4.200000000000000000e+01
1.679988668678975821e+09,1.658400000000000000e+04,5.120000000000000000e+02,-7.840000000000000000e+02,-1.153000000000000000e+03,-6.220000000000000000e+02,-4.200000000000000000e+01
1.679988668679232836e+09,1.658400000000000000e+04,5.120000000000000000e+02,-7.840000000000000000e+02,-1.153000000000000000e+03,-6.220000000000000000e+02,-4.200000000000000000e+01
1.679988668679466486e+09,1.658400000000000000e+04,5.120000000000000000e+02,-7.840000000000000000e+02,-1.153000000000000000e+03,-6.220000000000000000e+02,-4.200000000000000000e+01
1.679988668679706335e+09,1.658400000000000000e+04,5.120000000000000000e+02,-7.840000000000000000e+02,-1.153000000000000000e+03,-6.220000000000000000e+02,-4.200000000000000000e+01
1.679988668679932594e+09,1.658400000000000000e+04,5.120000000000000000e+02,-7.840000000000000000e+02,-1.153000000000000000e+03,-6.220000000000000000e+02,-4.200000000000000000e+01
1.679988668680156946e+09,1.658400000000000000e+04,5.120000000000000000e+02,-7.840000000000000000e+02,-1.153000000000000000e+03,-6.220000000000000000e+02,-4.200000000000000000e+01
1.679988668680383444e+09,1.658400000000000000e+04,5.120000000000000000e+02,-7.840000000000000000e+02,-1.153000000000000000e+03,-6.220000000000000000e+02,-4.200000000000000000e+01
1.679988668680601358e+09,1.658400000000000000e+04,5.120000000000000000e+02,-7.840000000000000000e+02,-1.153000000000000000e+03,-6.220000000000000000e+02,-4.200000000000000000e+01
1.679988668680822849e+09,1.658400000000000000e+04,5.120000000000000000e+02,-7.840000000000000000e+02,-1.153000000000000000e+03,-6.220000000000000000e+02,-4.200000000000000000e+01
1.679988668681045055e+09,1.658400000000000000e+04,5.120000000000000000e+02,-7.840000000000000000e+02,-1.153000000000000000e+03,-6.220000000000000000e+02,-4.200000000000000000e+01
1.679988668681265354e+09,1.658400000000000000e+04,5.120000000000000000e+02,-7.840000000000000000e+02,-1.153000000000000000e+03,-6.220000000000000000e+02,-4.200000000000000000e+01
1.679988668681483269e+09,1.658400000000000000e+04,5.120000000000000000e+02,-7.840000000000000000e+02,-1.153000000000000000e+03,-6.220000000000000000e+02,-4.200000000000000000e+01
1.679988668681702614e+09,1.658400000000000000e+04,5.120000000000000000e+02,-7.840000000000000000e+02,-1.153000000000000000e+03,-6.220000000000000000e+02,-4.200000000000000000e+01
1.679988668681922197e+09,1.658400000000000000e+04,5.120000000000000000e+02,-7.840000000000000000e+02,-1.153000000000000000e+03,-6.220000000000000000e+02,-4.200000000000000000e+01
1.679988668682139397e+09,1.658400000000000000e+04,5.120000000000000000e+02,-7.840000000000000000e+02,-1.153000000000000000e+03,-6.220000000000000000e+02,-4.200000000000000000e+01
1.679988668682360411e+09,1.658400000000000000e+04,5.120000000000000000e+02,-7.840000000000000000e+02,-1.153000000000000000e+03,-6.220000000000000000e+02,-4.200000000000000000e+01
1.679988668682577133e+09,1.658400000000000000e+04,5.120000000000000000e+02,-7.840000000000000000e+02,-1.153000000000000000e+03,-6.220000000000000000e+02,-4.200000000000000000e+01
1.679988668682792664e+09,1.658400000000000000e+04,5.120000000000000000e+02,-7.840000000000000000e+02,-1.153000000000000000e+03,-6.220000000000000000e+02,-4.200000000000000000e+01
1.679988668683010340e+09,1.658400000000000000e+04,5.120000000000000000e+02,-7.840000000000000000e+02,-1.153000000000000000e+03,-6.220000000000000000e+02,-4.200000000000000000e+01
1.679988668683230877e+09,1.658400000000000000e+04,5.120000000000000000e+02,-7.840000000000000000e+02,-1.153000000000000000e+03,-6.220000000000000000e+02,-4.200000000000000000e+01
1.679988668683451176e+09,1.658400000000000000e+04,5.120000000000000000e+02,-7.840000000000000000e+02,-1.153000000000000000e+03,-6.220000000000000000e+02,-4.200000000000000000e+01
1.679988668683684349e+09,1.658400000000000000e+04,5.120000000000000000e+02,-7.840000000000000000e+02,-1.153000000000000000e+03,-6.220000000000000000e+02,-4.200000000000000000e+01
1.679988668683906078e+09,1.658400000000000000e+04,5.120000000000000000e+02,-7.840000000000000000e+02,-1.153000000000000000e+03,-6.220000000000000000e+02,-4.200000000000000000e+01
1.679988668684173822e+09,1.658400000000000000e+04,5.120000000000000000e+02,-7.840000000000000000e+02,-1.153000000000000000e+03,-6.220000000000000000e+02,-4.200000000000000000e+01
1.679988668684442282e+09,1.658400000000000000e+04,5.120000000000000000e+02,-7.840000000000000000e+02,-1.153000000000000000e+03,-6.220000000000000000e+02,-4.200000000000000000e+01
1.679988668684669971e+09,1.658400000000000000e+04,5.120000000000000000e+02,-7.840000000000000000e+02,-1.153000000000000000e+03,-6.220000000000000000e+02,-4.200000000000000000e+01
1.679988668684897900e+09,1.658400000000000000e+04,5.120000000000000000e+02,-7.840000000000000000e+02,-1.153000000000000000e+03,-6.220000000000000000e+02,-4.200000000000000000e+01
1.679988668685121059e+09,1.658400000000000000e+04,5.120000000000000000e+02,-7.840000000000000000e+02,-1.153000000000000000e+03,-6.220000000000000000e+02,-4.200000000000000000e+01
1.679988668685338259e+09,1.658400000000000000e+04,5.120000000000000000e+02,-7.840000000000000000e+02,-1.153000000000000000e+03,-6.220000000000000000e+02,-4.200000000000000000e+01
1.679988668685596466e+09,1.658400000000000000e+04,5.120000000000000000e+02,-7.840000000000000000e+02,-1.153000000000000000e+03,-6.220000000000000000e+02,-4.200000000000000000e+01
1.679988668685832500e+09,1.658400000000000000e+04,5.120000000000000000e+02,-7.840000000000000000e+02,-1.153000000000000000e+03,-6.220000000000000000e+02,-4.200000000000000000e+01
1.679988668686058044e+09,1.658400000000000000e+04,5.120000000000000000e+02,-7.840000000000000000e+02,-1.153000000000000000e+03,-6.220000000000000000e+02,-4.200000000000000000e+01
1.679988668686274767e+09,1.658400000000000000e+04,5.120000000000000000e+02,-7.840000000000000000e+02,-1.153000000000000000e+03,-6.220000000000000000e+02,-4.200000000000000000e+01
1.679988668686501980e+09,1.658400000000000000e+04,5.120000000000000000e+02,-7.840000000000000000e+02,-1.153000000000000000e+03,-6.220000000000000000e+02,-4.200000000000000000e+01
1.679988668686722517e+09,1.658400000000000000e+04,5.120000000000000000e+02,-7.840000000000000000e+02,-1.153000000000000000e+03,-6.220000000000000000e+02,-4.200000000000000000e+01
1.679988668686957121e+09,1.658400000000000000e+04,5.120000000000000000e+02,-7.840000000000000000e+02,-1.153000000000000000e+03,-6.220000000000000000e+02,-4.200000000000000000e+01
1.679988668687176466e+09,1.658400000000000000e+04,5.120000000000000000e+02,-7.840000000000000000e+02,-1.153000000000000000e+03,-6.220000000000000000e+02,-4.200000000000000000e+01
1.679988668687400818e+09,1.658400000000000000e+04,5.120000000000000000e+02,-7.840000000000000000e+02,-1.153000000000000000e+03,-6.220000000000000000e+02,-4.200000000000000000e+01
1.679988668687623739e+09,1.658400000000000000e+04,5.120000000000000000e+02,-7.840000000000000000e+02,-1.153000000000000000e+03,-6.220000000000000000e+02,-4.200000000000000000e+01
1.679988668687852144e+09,1.658400000000000000e+04,5.120000000000000000e+02,-7.840000000000000000e+02,-1.153000000000000000e+03,-6.220000000000000000e+02,-4.200000000000000000e+01
1.679988668688074350e+09,1.658400000000000000e+04,5.120000000000000000e+02,-7.840000000000000000e+02,-1.153000000000000000e+03,-6.220000000000000000e+02,-4.200000000000000000e+01
1.679988668688296556e+09,1.658400000000000000e+04,5.120000000000000000e+02,-7.840000000000000000e+02,-1.153000000000000000e+03,-6.220000000000000000e+02,-4.200000000000000000e+01
1.679988668688515902e+09,1.658400000000000000e+04,5.120000000000000000e+02,-7.840000000000000000e+02,-1.153000000000000000e+03,-6.220000000000000000e+02,-4.200000000000000000e+01
1.679988668688736916e+09,1.658400000000000000e+04,5.120000000000000000e+02,-7.840000000000000000e+02,-1.153000000000000000e+03,-6.220000000000000000e+02,-4.200000000000000000e+01
1.679988668688952923e+09,1.658400000000000000e+04,5.120000000000000000e+02,-7.840000000000000000e+02,-1.153000000000000000e+03,-6.220000000000000000e+02,-4.200000000000000000e+01
1.679988668689171553e+09,1.658400000000000000e+04,5.120000000000000000e+02,-7.840000000000000000e+02,-1.153000000000000000e+03,-6.220000000000000000e+02,-4.200000000000000000e+01
1.679988668689394951e+09,1.658400000000000000e+04,5.120000000000000000e+02,-7.840000000000000000e+02,-1.153000000000000000e+03,-6.220000000000000000e+02,-4.200000000000000000e+01
1.679988668689672709e+09,1.658400000000000000e+04,5.120000000000000000e+02,-7.840000000000000000e+02,-1.153000000000000000e+03,-6.220000000000000000e+02,-4.200000000000000000e+01
1.679988668689942837e+09,1.658400000000000000e+04,5.120000000000000000e+02,-7.840000000000000000e+02,-1.153000000000000000e+03,-6.220000000000000000e+02,-4.200000000000000000e+01
1.679988668690167189e+09,1.658400000000000000e+04,5.120000000000000000e+02,-7.840000000000000000e+02,-1.153000000000000000e+03,-6.220000000000000000e+02,-4.200000000000000000e+01
1.679988668690522909e+09,1.658400000000000000e+04,5.120000000000000000e+02,-7.840000000000000000e+02,-1.153000000000000000e+03,-6.220000000000000000e+02,-4.200000000000000000e+01
1.679988668690728664e+09,1.658400000000000000e+04,5.120000000000000000e+02,-7.840000000000000000e+02,-1.153000000000000000e+03,-6.220000000000000000e+02,-4.200000000000000000e+01
1.679988668691033602e+09,1.658400000000000000e+04,5.120000000000000000e+02,-7.840000000000000000e+02,-1.153000000000000000e+03,-6.220000000000000000e+02,-4.200000000000000000e+01
1.679988668691215515e+09,1.658400000000000000e+04,5.120000000000000000e+02,-7.840000000000000000e+02,-1.153000000000000000e+03,-6.220000000000000000e+02,-4.200000000000000000e+01
1.679988668691407442e+09,1.658400000000000000e+04,5.120000000000000000e+02,-7.840000000000000000e+02,-1.153000000000000000e+03,-6.220000000000000000e+02,-4.200000000000000000e+01
1.679988668691597462e+09,1.658400000000000000e+04,5.120000000000000000e+02,-7.840000000000000000e+02,-1.153000000000000000e+03,-6.220000000000000000e+02,-4.200000000000000000e+01
1.679988668691842079e+09,1.658400000000000000e+04,5.120000000000000000e+02,-7.840000000000000000e+02,-1.153000000000000000e+03,-6.220000000000000000e+02,-4.200000000000000000e+01
1.679988668692204714e+09,1.658400000000000000e+04,5.120000000000000000e+02,-7.840000000000000000e+02,-1.153000000000000000e+03,-6.220000000000000000e+02,-4.200000000000000000e+01
1.679988668692399502e+09,1.658400000000000000e+04,5.120000000000000000e+02,-7.840000000000000000e+02,-1.153000000000000000e+03,-6.220000000000000000e+02,-4.200000000000000000e+01
1.679988668692710161e+09,1.658400000000000000e+04,5.120000000000000000e+02,-7.840000000000000000e+02,-1.153000000000000000e+03,-6.220000000000000000e+02,-4.200000000000000000e+01
1.679988668692893505e+09,1.658400000000000000e+04,5.120000000000000000e+02,-7.840000000000000000e+02,-1.153000000000000000e+03,-6.220000000000000000e+02,-4.200000000000000000e+01
1.679988668693080664e+09,1.658400000000000000e+04,5.120000000000000000e+02,-7.840000000000000000e+02,-1.153000000000000000e+03,-6.220000000000000000e+02,-4.200000000000000000e+01
1.679988668693270445e+09,1.658400000000000000e+04,5.120000000000000000e+02,-7.840000000000000000e+02,-1.153000000000000000e+03,-6.220000000000000000e+02,-4.200000000000000000e+01
1.679988668693531275e+09,1.658400000000000000e+04,5.120000000000000000e+02,-7.840000000000000000e+02,-1.153000000000000000e+03,-6.220000000000000000e+02,-4.200000000000000000e+01
1.679988668693904400e+09,1.658400000000000000e+04,5.120000000000000000e+02,-7.840000000000000000e+02,-1.153000000000000000e+03,-6.220000000000000000e+02,-4.200000000000000000e+01
1.679988668694092512e+09,1.658400000000000000e+04,5.120000000000000000e+02,-7.840000000000000000e+02,-1.153000000000000000e+03,-6.220000000000000000e+02,-4.200000000000000000e+01
1.679988668694419146e+09,1.658400000000000000e+04,5.120000000000000000e+02,-7.840000000000000000e+02,-1.153000000000000000e+03,-6.220000000000000000e+02,-4.200000000000000000e+01
1.679988668694603682e+09,1.658400000000000000e+04,5.120000000000000000e+02,-7.840000000000000000e+02,-1.153000000000000000e+03,-6.220000000000000000e+02,-4.200000000000000000e+01
1.679988668694784403e+09,1.658400000000000000e+04,5.120000000000000000e+02,-7.840000000000000000e+02,-1.153000000000000000e+03,-6.220000000000000000e+02,-4.200000000000000000e+01
1.679988668694971323e+09,1.658400000000000000e+04,5.120000000000000000e+02,-7.840000000000000000e+02,-1.153000000000000000e+03,-6.220000000000000000e+02,-4.200000000000000000e+01
1.679988668695227385e+09,1.658400000000000000e+04,5.120000000000000000e+02,-7.840000000000000000e+02,-1.153000000000000000e+03,-6.220000000000000000e+02,-4.200000000000000000e+01
1.679988668695668221e+09,1.658400000000000000e+04,5.120000000000000000e+02,-7.840000000000000000e+02,-1.153000000000000000e+03,-6.220000000000000000e+02,-4.200000000000000000e+01
1.679988668695884466e+09,1.658400000000000000e+04,5.120000000000000000e+02,-7.840000000000000000e+02,-1.153000000000000000e+03,-6.220000000000000000e+02,-4.200000000000000000e+01
1.679988668696171045e+09,1.658400000000000000e+04,5.120000000000000000e+02,-7.840000000000000000e+02,-1.153000000000000000e+03,-6.220000000000000000e+02,-4.200000000000000000e+01
1.679988668696347713e+09,1.658400000000000000e+04,5.120000000000000000e+02,-7.840000000000000000e+02,-1.153000000000000000e+03,-6.220000000000000000e+02,-4.200000000000000000e+01
1.679988668696529150e+09,1.658400000000000000e+04,5.120000000000000000e+02,-7.840000000000000000e+02,-1.153000000000000000e+03,-6.220000000000000000e+02,-4.200000000000000000e+01
1.679988668696718931e+09,1.658400000000000000e+04,5.120000000000000000e+02,-7.840000000000000000e+02,-1.153000000000000000e+03,-6.220000000000000000e+02,-4.200000000000000000e+01
1.679988668696980953e+09,1.658400000000000000e+04,5.120000000000000000e+02,-7.840000000000000000e+02,-1.153000000000000000e+03,-6.220000000000000000e+02,-4.200000000000000000e+01
1.679988668697353363e+09,1.658400000000000000e+04,5.120000000000000000e+02,-7.840000000000000000e+02,-1.153000000000000000e+03,-6.220000000000000000e+02,-4.200000000000000000e+01
1.679988668697553873e+09,1.658400000000000000e+04,5.120000000000000000e+02,-7.840000000000000000e+02,-1.153000000000000000e+03,-6.220000000000000000e+02,-4.200000000000000000e+01
1.679988668697852373e+09,1.658400000000000000e+04,5.120000000000000000e+02,-7.840000000000000000e+02,-1.153000000000000000e+03,-6.220000000000000000e+02,-4.200000000000000000e+01
1.679988668698040485e+09,1.658400000000000000e+04,5.120000000000000000e+02,-7.840000000000000000e+02,-1.153000000000000000e+03,-6.220000000000000000e+02,-4.200000000000000000e+01
1.679988668698227644e+09,1.658400000000000000e+04,5.120000000000000000e+02,-7.840000000000000000e+02,-1.153000000000000000e+03,-6.220000000000000000e+02,-4.200000000000000000e+01
1.679988668698407888e+09,1.658400000000000000e+04,5.120000000000000000e+02,-7.840000000000000000e+02,-1.153000000000000000e+03,-6.220000000000000000e+02,-4.200000000000000000e+01
1.679988668698654890e+09,1.658400000000000000e+04,5.120000000000000000e+02,-7.840000000000000000e+02,-1.153000000000000000e+03,-6.220000000000000000e+02,-4.200000000000000000e+01
1.679988668699011803e+09,1.658400000000000000e+04,5.120000000000000000e+02,-7.840000000000000000e+02,-1.153000000000000000e+03,-6.220000000000000000e+02,-4.200000000000000000e+01
1.679988668699206114e+09,1.658400000000000000e+04,5.120000000000000000e+02,-7.840000000000000000e+02,-1.153000000000000000e+03,-6.220000000000000000e+02,-4.200000000000000000e+01
1.679988668699538946e+09,1.658400000000000000e+04,5.120000000000000000e+02,-7.840000000000000000e+02,-1.153000000000000000e+03,-6.220000000000000000e+02,-4.200000000000000000e+01
1.679988668699730158e+09,1.658400000000000000e+04,5.120000000000000000e+02,-7.840000000000000000e+02,-1.153000000000000000e+03,-6.220000000000000000e+02,-4.200000000000000000e+01
1.679988668699914932e+09,1.658400000000000000e+04,5.120000000000000000e+02,-7.840000000000000000e+02,-1.153000000000000000e+03,-6.220000000000000000e+02,-4.200000000000000000e+01
1.679988668700112104e+09,1.658400000000000000e+04,5.120000000000000000e+02,-7.840000000000000000e+02,-1.153000000000000000e+03,-6.220000000000000000e+02,-4.200000000000000000e+01
1.679988668700484753e+09,1.658400000000000000e+04,5.120000000000000000e+02,-7.840000000000000000e+02,-1.153000000000000000e+03,-6.220000000000000000e+02,-4.200000000000000000e+01
1.679988668700664997e+09,1.658400000000000000e+04,5.120000000000000000e+02,-7.840000000000000000e+02,-1.153000000000000000e+03,-6.220000000000000000e+02,-4.200000000000000000e+01
1.679988668700852394e+09,1.658400000000000000e+04,5.120000000000000000e+02,-7.840000000000000000e+02,-1.153000000000000000e+03,-6.220000000000000000e+02,-4.200000000000000000e+01
1.679988668701037645e+09,1.658400000000000000e+04,5.120000000000000000e+02,-7.840000000000000000e+02,-1.153000000000000000e+03,-6.220000000000000000e+02,-4.200000000000000000e+01
1.679988668701517105e+09,1.658400000000000000e+04,5.120000000000000000e+02,-7.840000000000000000e+02,-1.153000000000000000e+03,-6.220000000000000000e+02,-4.200000000000000000e+01
1.679988668701716661e+09,1.658400000000000000e+04,5.120000000000000000e+02,-7.840000000000000000e+02,-1.153000000000000000e+03,-6.220000000000000000e+02,-4.200000000000000000e+01
1.679988668702058554e+09,1.658400000000000000e+04,5.120000000000000000e+02,-7.840000000000000000e+02,-1.153000000000000000e+03,-6.220000000000000000e+02,-4.200000000000000000e+01
1.679988668702223301e+09,1.658400000000000000e+04,5.120000000000000000e+02,-7.840000000000000000e+02,-1.153000000000000000e+03,-6.220000000000000000e+02,-4.200000000000000000e+01
1.679988668702410221e+09,1.658400000000000000e+04,5.120000000000000000e+02,-7.840000000000000000e+02,-1.153000000000000000e+03,-6.220000000000000000e+02,-4.200000000000000000e+01
1.679988668702605486e+09,1.658400000000000000e+04,5.120000000000000000e+02,-7.840000000000000000e+02,-1.153000000000000000e+03,-6.220000000000000000e+02,-4.200000000000000000e+01
1.679988668702869177e+09,1.658400000000000000e+04,5.120000000000000000e+02,-7.840000000000000000e+02,-1.153000000000000000e+03,-6.220000000000000000e+02,-4.200000000000000000e+01
1.679988668703063250e+09,1.658400000000000000e+04,5.120000000000000000e+02,-7.840000000000000000e+02,-1.153000000000000000e+03,-6.220000000000000000e+02,-4.200000000000000000e+01
1.679988668703265429e+09,1.658400000000000000e+04,5.120000000000000000e+02,-7.840000000000000000e+02,-1.153000000000000000e+03,-6.220000000000000000e+02,-4.200000000000000000e+01
1.679988668703451872e+09,1.658400000000000000e+04,5.120000000000000000e+02,-7.840000000000000000e+02,-1.153000000000000000e+03,-6.220000000000000000e+02,-4.200000000000000000e+01
1.679988668703726768e+09,1.658400000000000000e+04,5.120000000000000000e+02,-7.840000000000000000e+02,-1.153000000000000000e+03,-6.220000000000000000e+02,-4.200000000000000000e+01
1.679988668703989506e+09,1.658400000000000000e+04,5.120000000000000000e+02,-7.840000000000000000e+02,-1.153000000000000000e+03,-6.220000000000000000e+02,-4.200000000000000000e+01
1.679988668704304695e+09,1.658400000000000000e+04,5.120000000000000000e+02,-7.840000000000000000e+02,-1.153000000000000000e+03,-6.220000000000000000e+02,-4.200000000000000000e+01
1.679988668704555988e+09,1.658400000000000000e+04,5.120000000000000000e+02,-7.840000000000000000e+02,-1.153000000000000000e+03,-6.220000000000000000e+02,-4.200000000000000000e+01
1.679988668704797268e+09,1.658400000000000000e+04,5.120000000000000000e+02,-7.840000000000000000e+02,-1.153000000000000000e+03,-6.220000000000000000e+02,-4.200000000000000000e+01
1.679988668705028057e+09,1.658400000000000000e+04,5.120000000000000000e+02,-7.840000000000000000e+02,-1.153000000000000000e+03,-6.220000000000000000e+02,-4.200000000000000000e+01
1.679988668705279827e+09,1.658400000000000000e+04,5.120000000000000000e+02,-7.840000000000000000e+02,-1.153000000000000000e+03,-6.220000000000000000e+02,-4.200000000000000000e+01
1.679988668705574751e+09,1.658400000000000000e+04,5.120000000000000000e+02,-7.840000000000000000e+02,-1.153000000000000000e+03,-6.220000000000000000e+02,-4.200000000000000000e+01
1.679988668706088543e+09,1.658400000000000000e+04,5.120000000000000000e+02,-7.840000000000000000e+02,-1.153000000000000000e+03,-6.220000000000000000e+02,-4.200000000000000000e+01
1.679988668706331253e+09,1.658400000000000000e+04,5.120000000000000000e+02,-7.840000000000000000e+02,-1.153000000000000000e+03,-6.220000000000000000e+02,-4.200000000000000000e+01
1.679988668706576824e+09,1.658400000000000000e+04,5.120000000000000000e+02,-7.840000000000000000e+02,-1.153000000000000000e+03,-6.220000000000000000e+02,-4.200000000000000000e+01
1.679988668706806183e+09,1.658400000000000000e+04,5.120000000000000000e+02,-7.840000000000000000e+02,-1.153000000000000000e+03,-6.220000000000000000e+02,-4.200000000000000000e+01
1.679988668707042456e+09,1.658400000000000000e+04,5.120000000000000000e+02,-7.840000000000000000e+02,-1.153000000000000000e+03,-6.220000000000000000e+02,-4.200000000000000000e+01
1.679988668707267284e+09,1.658400000000000000e+04,5.120000000000000000e+02,-7.840000000000000000e+02,-1.153000000000000000e+03,-6.220000000000000000e+02,-4.200000000000000000e+01
1.679988668707726955e+09,1.658400000000000000e+04,5.120000000000000000e+02,-7.840000000000000000e+02,-1.153000000000000000e+03,-6.220000000000000000e+02,-4.200000000000000000e+01
1.679988668707985640e+09,1.658400000000000000e+04,5.120000000000000000e+02,-7.840000000000000000e+02,-1.153000000000000000e+03,-6.220000000000000000e+02,-4.200000000000000000e+01
1.679988668708196402e+09,1.658400000000000000e+04,5.120000000000000000e+02,-7.840000000000000000e+02,-1.153000000000000000e+03,-6.220000000000000000e+02,-4.200000000000000000e+01
1.679988668708475590e+09,1.658400000000000000e+04,5.120000000000000000e+02,-7.840000000000000000e+02,-1.153000000000000000e+03,-6.220000000000000000e+02,-4.200000000000000000e+01
1.679988668708726883e+09,1.658400000000000000e+04,5.120000000000000000e+02,-7.840000000000000000e+02,-1.153000000000000000e+03,-6.220000000000000000e+02,-4.200000000000000000e+01
1.679988668708982944e+09,1.658400000000000000e+04,5.120000000000000000e+02,-7.840000000000000000e+02,-1.153000000000000000e+03,-6.220000000000000000e+02,-4.200000000000000000e+01
1.679988668709230423e+09,1.658400000000000000e+04,5.120000000000000000e+02,-7.840000000000000000e+02,-1.153000000000000000e+03,-6.220000000000000000e+02,-4.200000000000000000e+01
1.679988668709472656e+09,1.658400000000000000e+04,5.120000000000000000e+02,-7.840000000000000000e+02,-1.153000000000000000e+03,-6.220000000000000000e+02,-4.200000000000000000e+01
1.679988668709707975e+09,1.658400000000000000e+04,5.120000000000000000e+02,-7.840000000000000000e+02,-1.153000000000000000e+03,-6.220000000000000000e+02,-4.200000000000000000e+01
1.679988668709937096e+09,1.658400000000000000e+04,5.120000000000000000e+02,-7.840000000000000000e+02,-1.153000000000000000e+03,-6.220000000000000000e+02,-4.200000000000000000e+01
1.679988668710169315e+09,1.658400000000000000e+04,5.120000000000000000e+02,-7.840000000000000000e+02,-1.153000000000000000e+03,-6.220000000000000000e+02,-4.200000000000000000e+01
1.679988668710440874e+09,1.658400000000000000e+04,5.120000000000000000e+02,-7.840000000000000000e+02,-1.153000000000000000e+03,-6.220000000000000000e+02,-4.200000000000000000e+01
1.679988668710669279e+09,1.658400000000000000e+04,5.120000000000000000e+02,-7.840000000000000000e+02,-1.153000000000000000e+03,-6.220000000000000000e+02,-4.200000000000000000e+01
1.679988668710902452e+09,1.658400000000000000e+04,5.120000000000000000e+02,-7.840000000000000000e+02,-1.153000000000000000e+03,-6.220000000000000000e+02,-4.200000000000000000e+01
1.679988668711131573e+09,1.658400000000000000e+04,5.120000000000000000e+02,-7.840000000000000000e+02,-1.153000000000000000e+03,-6.220000000000000000e+02,-4.200000000000000000e+01
1.679988668711358070e+09,1.658400000000000000e+04,5.120000000000000000e+02,-7.840000000000000000e+02,-1.153000000000000000e+03,-6.220000000000000000e+02,-4.200000000000000000e+01
1.679988668711592436e+09,1.658400000000000000e+04,5.120000000000000000e+02,-7.840000000000000000e+02,-1.153000000000000000e+03,-6.220000000000000000e+02,-4.200000000000000000e+01
1.679988668711813450e+09,1.658400000000000000e+04,5.120000000000000000e+02,-7.840000000000000000e+02,-1.153000000000000000e+03,-6.220000000000000000e+02,-4.200000000000000000e+01
1.679988668712033510e+09,1.658400000000000000e+04,5.120000000000000000e+02,-7.840000000000000000e+02,-1.153000000000000000e+03,-6.220000000000000000e+02,-4.200000000000000000e+01
1.679988668712260723e+09,1.658400000000000000e+04,5.120000000000000000e+02,-7.840000000000000000e+02,-1.153000000000000000e+03,-6.220000000000000000e+02,-4.200000000000000000e+01
1.679988668712496996e+09,1.658400000000000000e+04,5.120000000000000000e+02,-7.840000000000000000e+02,-1.153000000000000000e+03,-6.220000000000000000e+02,-4.200000000000000000e+01
1.679988668712733746e+09,1.658400000000000000e+04,5.120000000000000000e+02,-7.840000000000000000e+02,-1.153000000000000000e+03,-6.220000000000000000e+02,-4.200000000000000000e+01
1.679988668712972403e+09,1.658400000000000000e+04,5.120000000000000000e+02,-7.840000000000000000e+02,-1.153000000000000000e+03,-6.220000000000000000e+02,-4.200000000000000000e+01
1.679988668713200331e+09,1.658400000000000000e+04,5.120000000000000000e+02,-7.840000000000000000e+02,-1.153000000000000000e+03,-6.220000000000000000e+02,-4.200000000000000000e+01
1.679988668713477373e+09,1.658400000000000000e+04,5.120000000000000000e+02,-7.840000000000000000e+02,-1.153000000000000000e+03,-6.220000000000000000e+02,-4.200000000000000000e+01
1.679988668713712454e+09,1.658400000000000000e+04,5.120000000000000000e+02,-7.840000000000000000e+02,-1.153000000000000000e+03,-6.220000000000000000e+02,-4.200000000000000000e+01
1.679988668713944435e+09,1.658400000000000000e+04,5.120000000000000000e+02,-7.840000000000000000e+02,-1.153000000000000000e+03,-6.220000000000000000e+02,-4.200000000000000000e+01
1.679988668714174271e+09,1.658400000000000000e+04,5.120000000000000000e+02,-7.840000000000000000e+02,-1.153000000000000000e+03,-6.220000000000000000e+02,-4.200000000000000000e+01
1.679988668714425802e+09,1.658400000000000000e+04,5.120000000000000000e+02,-7.840000000000000000e+02,-1.153000000000000000e+03,-6.220000000000000000e+02,-4.200000000000000000e+01
1.679988668714737892e+09,1.658400000000000000e+04,5.120000000000000000e+02,-7.840000000000000000e+02,-1.153000000000000000e+03,-6.220000000000000000e+02,-4.200000000000000000e+01
1.679988668715026140e+09,1.658400000000000000e+04,5.120000000000000000e+02,-7.840000000000000000e+02,-1.153000000000000000e+03,-6.220000000000000000e+02,-4.200000000000000000e+01
1.679988668715695143e+09,1.658400000000000000e+04,5.120000000000000000e+02,-7.840000000000000000e+02,-1.153000000000000000e+03,-6.220000000000000000e+02,-4.200000000000000000e+01
1.679988668715995789e+09,1.658400000000000000e+04,5.120000000000000000e+02,-7.840000000000000000e+02,-1.153000000000000000e+03,-6.220000000000000000e+02,-4.200000000000000000e+01
1.679988668716289520e+09,1.658400000000000000e+04,5.120000000000000000e+02,-7.840000000000000000e+02,-1.153000000000000000e+03,-6.220000000000000000e+02,-4.200000000000000000e+01
1.679988668716632128e+09,1.658400000000000000e+04,5.120000000000000000e+02,-7.840000000000000000e+02,-1.153000000000000000e+03,-6.220000000000000000e+02,-4.200000000000000000e+01
1.679988668716932297e+09,1.658400000000000000e+04,5.120000000000000000e+02,-7.840000000000000000e+02,-1.153000000000000000e+03,-6.220000000000000000e+02,-4.200000000000000000e+01
1.679988668717369080e+09,1.658400000000000000e+04,5.120000000000000000e+02,-7.840000000000000000e+02,-1.153000000000000000e+03,-6.220000000000000000e+02,-4.200000000000000000e+01
1.679988668717570066e+09,1.658400000000000000e+04,5.120000000000000000e+02,-7.840000000000000000e+02,-1.153000000000000000e+03,-6.220000000000000000e+02,-4.200000000000000000e+01
1.679988668717861652e+09,1.658400000000000000e+04,5.120000000000000000e+02,-7.840000000000000000e+02,-1.153000000000000000e+03,-6.220000000000000000e+02,-4.200000000000000000e+01
1.679988668718052149e+09,1.658400000000000000e+04,5.120000000000000000e+02,-7.840000000000000000e+02,-1.153000000000000000e+03,-6.220000000000000000e+02,-4.200000000000000000e+01
1.679988668718241930e+09,1.658400000000000000e+04,5.120000000000000000e+02,-7.840000000000000000e+02,-1.153000000000000000e+03,-6.220000000000000000e+02,-4.200000000000000000e+01
1.679988668718472958e+09,1.658400000000000000e+04,5.120000000000000000e+02,-7.840000000000000000e+02,-1.153000000000000000e+03,-6.220000000000000000e+02,-4.200000000000000000e+01
1.679988668718930721e+09,1.658400000000000000e+04,5.120000000000000000e+02,-7.840000000000000000e+02,-1.153000000000000000e+03,-6.220000000000000000e+02,-4.200000000000000000e+01
1.679988668719432354e+09,1.658400000000000000e+04,5.120000000000000000e+02,-7.840000000000000000e+02,-1.153000000000000000e+03,-6.220000000000000000e+02,-4.200000000000000000e+01
1.679988668719666243e+09,1.658400000000000000e+04,5.120000000000000000e+02,-7.840000000000000000e+02,-1.153000000000000000e+03,-6.220000000000000000e+02,-4.200000000000000000e+01
1.679988668719964504e+09,1.658400000000000000e+04,5.120000000000000000e+02,-7.840000000000000000e+02,-1.153000000000000000e+03,-6.220000000000000000e+02,-4.200000000000000000e+01
1.679988668720155954e+09,1.658400000000000000e+04,5.120000000000000000e+02,-7.840000000000000000e+02,-1.153000000000000000e+03,-6.220000000000000000e+02,-4.200000000000000000e+01
1.679988668720350266e+09,1.658400000000000000e+04,5.120000000000000000e+02,-7.840000000000000000e+02,-1.153000000000000000e+03,-6.220000000000000000e+02,-4.200000000000000000e+01
1.679988668720589161e+09,1.658400000000000000e+04,5.120000000000000000e+02,-7.840000000000000000e+02,-1.153000000000000000e+03,-6.220000000000000000e+02,-4.200000000000000000e+01
1.679988668720848322e+09,1.658400000000000000e+04,5.120000000000000000e+02,-7.840000000000000000e+02,-1.153000000000000000e+03,-6.220000000000000000e+02,-4.200000000000000000e+01
1.679988668721214056e+09,1.658400000000000000e+04,5.120000000000000000e+02,-7.840000000000000000e+02,-1.153000000000000000e+03,-6.220000000000000000e+02,-4.200000000000000000e+01
1.679988668721413374e+09,1.658400000000000000e+04,5.120000000000000000e+02,-7.840000000000000000e+02,-1.153000000000000000e+03,-6.220000000000000000e+02,-4.200000000000000000e+01
1.679988668721746683e+09,1.658400000000000000e+04,5.120000000000000000e+02,-7.840000000000000000e+02,-1.153000000000000000e+03,-6.220000000000000000e+02,-4.200000000000000000e+01
1.679988668721957445e+09,1.658400000000000000e+04,5.120000000000000000e+02,-7.840000000000000000e+02,-1.153000000000000000e+03,-6.220000000000000000e+02,-4.200000000000000000e+01
1.679988668722202063e+09,1.658400000000000000e+04,5.120000000000000000e+02,-7.840000000000000000e+02,-1.153000000000000000e+03,-6.220000000000000000e+02,-4.200000000000000000e+01
1.679988668722423553e+09,1.658400000000000000e+04,5.120000000000000000e+02,-7.840000000000000000e+02,-1.153000000000000000e+03,-6.220000000000000000e+02,-4.200000000000000000e+01
1.679988668722674847e+09,1.658400000000000000e+04,5.120000000000000000e+02,-7.840000000000000000e+02,-1.153000000000000000e+03,-6.220000000000000000e+02,-4.200000000000000000e+01
1.679988668723018169e+09,1.658400000000000000e+04,5.120000000000000000e+02,-7.840000000000000000e+02,-1.153000000000000000e+03,-6.220000000000000000e+02,-4.200000000000000000e+01
1.679988668723226070e+09,1.658400000000000000e+04,5.120000000000000000e+02,-7.840000000000000000e+02,-1.153000000000000000e+03,-6.220000000000000000e+02,-4.200000000000000000e+01
1.679988668723552942e+09,1.658400000000000000e+04,5.120000000000000000e+02,-7.840000000000000000e+02,-1.153000000000000000e+03,-6.220000000000000000e+02,-4.200000000000000000e+01
1.679988668723740101e+09,1.658400000000000000e+04,5.120000000000000000e+02,-7.840000000000000000e+02,-1.153000000000000000e+03,-6.220000000000000000e+02,-4.200000000000000000e+01
1.679988668723930359e+09,1.658400000000000000e+04,5.120000000000000000e+02,-7.840000000000000000e+02,-1.153000000000000000e+03,-6.220000000000000000e+02,-4.200000000000000000e+01
1.679988668724120617e+09,1.658400000000000000e+04,5.120000000000000000e+02,-7.840000000000000000e+02,-1.153000000000000000e+03,-6.220000000000000000e+02,-4.200000000000000000e+01
1.679988668724390030e+09,1.658400000000000000e+04,5.120000000000000000e+02,-7.840000000000000000e+02,-1.153000000000000000e+03,-6.220000000000000000e+02,-4.200000000000000000e+01
1.679988668724770784e+09,1.658400000000000000e+04,5.120000000000000000e+02,-7.840000000000000000e+02,-1.153000000000000000e+03,-6.220000000000000000e+02,-4.200000000000000000e+01
1.679988668724975824e+09,1.658400000000000000e+04,5.120000000000000000e+02,-7.840000000000000000e+02,-1.153000000000000000e+03,-6.220000000000000000e+02,-4.200000000000000000e+01
1.679988668725306273e+09,1.658400000000000000e+04,5.120000000000000000e+02,-7.840000000000000000e+02,-1.153000000000000000e+03,-6.220000000000000000e+02,-4.200000000000000000e+01
1.679988668725524664e+09,1.658400000000000000e+04,5.120000000000000000e+02,-7.840000000000000000e+02,-1.153000000000000000e+03,-6.220000000000000000e+02,-4.200000000000000000e+01
1.679988668725729942e+09,1.658400000000000000e+04,5.120000000000000000e+02,-7.840000000000000000e+02,-1.153000000000000000e+03,-6.220000000000000000e+02,-4.200000000000000000e+01
1.679988668725924492e+09,1.658400000000000000e+04,5.120000000000000000e+02,-7.840000000000000000e+02,-1.153000000000000000e+03,-6.220000000000000000e+02,-4.200000000000000000e+01
1.679988668726188660e+09,1.658400000000000000e+04,5.120000000000000000e+02,-7.840000000000000000e+02,-1.153000000000000000e+03,-6.220000000000000000e+02,-4.200000000000000000e+01
1.679988668726558447e+09,1.658400000000000000e+04,5.120000000000000000e+02,-7.840000000000000000e+02,-1.153000000000000000e+03,-6.220000000000000000e+02,-4.200000000000000000e+01
1.679988668726779699e+09,1.658400000000000000e+04,5.120000000000000000e+02,-7.840000000000000000e+02,-1.153000000000000000e+03,-6.220000000000000000e+02,-4.200000000000000000e+01
1.679988668727106810e+09,1.658400000000000000e+04,5.120000000000000000e+02,-7.840000000000000000e+02,-1.153000000000000000e+03,-6.220000000000000000e+02,-4.200000000000000000e+01
1.679988668727298737e+09,1.658400000000000000e+04,5.120000000000000000e+02,-7.840000000000000000e+02,-1.153000000000000000e+03,-6.220000000000000000e+02,-4.200000000000000000e+01
1.679988668727514267e+09,1.658400000000000000e+04,5.120000000000000000e+02,-7.840000000000000000e+02,-1.153000000000000000e+03,-6.220000000000000000e+02,-4.200000000000000000e+01
1.679988668727715731e+09,1.658400000000000000e+04,5.120000000000000000e+02,-7.840000000000000000e+02,-1.153000000000000000e+03,-6.220000000000000000e+02,-4.200000000000000000e+01
1.679988668728123903e+09,1.658400000000000000e+04,5.120000000000000000e+02,-7.840000000000000000e+02,-1.153000000000000000e+03,-6.220000000000000000e+02,-4.200000000000000000e+01
1.679988668728307247e+09,1.658400000000000000e+04,5.120000000000000000e+02,-7.840000000000000000e+02,-1.153000000000000000e+03,-6.220000000000000000e+02,-4.200000000000000000e+01
1.679988668728494167e+09,1.658400000000000000e+04,5.120000000000000000e+02,-7.840000000000000000e+02,-1.153000000000000000e+03,-6.220000000000000000e+02,-4.200000000000000000e+01
1.679988668728686333e+09,1.658400000000000000e+04,5.120000000000000000e+02,-7.840000000000000000e+02,-1.153000000000000000e+03,-6.220000000000000000e+02,-4.200000000000000000e+01
1.679988668729041100e+09,1.658400000000000000e+04,5.120000000000000000e+02,-7.840000000000000000e+02,-1.153000000000000000e+03,-6.220000000000000000e+02,-4.200000000000000000e+01
1.679988668729250669e+09,1.658400000000000000e+04,5.120000000000000000e+02,-7.840000000000000000e+02,-1.153000000000000000e+03,-6.220000000000000000e+02,-4.200000000000000000e+01
1.679988668729627848e+09,1.658400000000000000e+04,5.120000000000000000e+02,-7.840000000000000000e+02,-1.153000000000000000e+03,-6.220000000000000000e+02,-4.200000000000000000e+01
1.679988668729817152e+09,1.658400000000000000e+04,5.120000000000000000e+02,-7.840000000000000000e+02,-1.153000000000000000e+03,-6.220000000000000000e+02,-4.200000000000000000e+01
1.679988668730012178e+09,1.658400000000000000e+04,5.120000000000000000e+02,-7.840000000000000000e+02,-1.153000000000000000e+03,-6.220000000000000000e+02,-4.200000000000000000e+01
1.679988668730221510e+09,1.658400000000000000e+04,5.120000000000000000e+02,-7.840000000000000000e+02,-1.153000000000000000e+03,-6.220000000000000000e+02,-4.200000000000000000e+01
1.679988668730501175e+09,1.658400000000000000e+04,5.120000000000000000e+02,-7.840000000000000000e+02,-1.153000000000000000e+03,-6.220000000000000000e+02,-4.200000000000000000e+01
1.679988668730708838e+09,1.658400000000000000e+04,5.120000000000000000e+02,-7.840000000000000000e+02,-1.153000000000000000e+03,-6.220000000000000000e+02,-4.200000000000000000e+01
1.679988668730906010e+09,1.658400000000000000e+04,5.120000000000000000e+02,-7.840000000000000000e+02,-1.153000000000000000e+03,-6.220000000000000000e+02,-4.200000000000000000e+01
1.679988668731102943e+09,1.658400000000000000e+04,5.120000000000000000e+02,-7.840000000000000000e+02,-1.153000000000000000e+03,-6.220000000000000000e+02,-4.200000000000000000e+01
1.679988668731393814e+09,1.658400000000000000e+04,5.120000000000000000e+02,-7.840000000000000000e+02,-1.153000000000000000e+03,-6.220000000000000000e+02,-4.200000000000000000e+01
1.679988668731672764e+09,1.658400000000000000e+04,5.120000000000000000e+02,-7.840000000000000000e+02,-1.153000000000000000e+03,-6.220000000000000000e+02,-4.200000000000000000e+01
1.679988668731997490e+09,1.658400000000000000e+04,5.120000000000000000e+02,-7.840000000000000000e+02,-1.153000000000000000e+03,-6.220000000000000000e+02,-4.200000000000000000e+01
1.679988668732250214e+09,1.658400000000000000e+04,5.120000000000000000e+02,-7.840000000000000000e+02,-1.153000000000000000e+03,-6.220000000000000000e+02,-4.200000000000000000e+01
1.679988668732486725e+09,1.658400000000000000e+04,5.120000000000000000e+02,-7.840000000000000000e+02,-1.153000000000000000e+03,-6.220000000000000000e+02,-4.200000000000000000e+01
1.679988668732981682e+09,1.658400000000000000e+04,5.120000000000000000e+02,-7.840000000000000000e+02,-1.153000000000000000e+03,-6.220000000000000000e+02,-4.200000000000000000e+01
1.679988668733242512e+09,1.658400000000000000e+04,5.120000000000000000e+02,-7.840000000000000000e+02,-1.153000000000000000e+03,-6.220000000000000000e+02,-4.200000000000000000e+01
1.679988668733493328e+09,1.658400000000000000e+04,5.120000000000000000e+02,-7.840000000000000000e+02,-1.153000000000000000e+03,-6.220000000000000000e+02,-4.200000000000000000e+01
1.679988668733775139e+09,1.658400000000000000e+04,5.120000000000000000e+02,-7.840000000000000000e+02,-1.153000000000000000e+03,-6.220000000000000000e+02,-4.200000000000000000e+01
1.679988668734277725e+09,1.658400000000000000e+04,5.120000000000000000e+02,-7.840000000000000000e+02,-1.153000000000000000e+03,-6.220000000000000000e+02,-4.200000000000000000e+01
1.679988668734529018e+09,1.658400000000000000e+04,5.120000000000000000e+02,-7.840000000000000000e+02,-1.153000000000000000e+03,-6.220000000000000000e+02,-4.200000000000000000e+01
1.679988668734770536e+09,1.658400000000000000e+04,5.120000000000000000e+02,-7.840000000000000000e+02,-1.153000000000000000e+03,-6.220000000000000000e+02,-4.200000000000000000e+01
1.679988668734988451e+09,1.658400000000000000e+04,5.120000000000000000e+02,-7.840000000000000000e+02,-1.153000000000000000e+03,-6.220000000000000000e+02,-4.200000000000000000e+01
1.679988668735282660e+09,1.658400000000000000e+04,5.120000000000000000e+02,-7.840000000000000000e+02,-1.153000000000000000e+03,-6.220000000000000000e+02,-4.200000000000000000e+01
1.679988668735574722e+09,1.658400000000000000e+04,5.120000000000000000e+02,-7.840000000000000000e+02,-1.153000000000000000e+03,-6.220000000000000000e+02,-4.200000000000000000e+01
1.679988668735830545e+09,1.658400000000000000e+04,5.120000000000000000e+02,-7.840000000000000000e+02,-1.153000000000000000e+03,-6.220000000000000000e+02,-4.200000000000000000e+01
1.679988668736362696e+09,1.658400000000000000e+04,5.120000000000000000e+02,-7.840000000000000000e+02,-1.153000000000000000e+03,-6.220000000000000000e+02,-4.200000000000000000e+01
1.679988668736631632e+09,1.658400000000000000e+04,5.120000000000000000e+02,-7.840000000000000000e+02,-1.153000000000000000e+03,-6.220000000000000000e+02,-4.200000000000000000e+01
1.679988668736852407e+09,1.658400000000000000e+04,5.120000000000000000e+02,-7.840000000000000000e+02,-1.153000000000000000e+03,-6.220000000000000000e+02,-4.200000000000000000e+01
1.679988668737143278e+09,1.658400000000000000e+04,5.120000000000000000e+02,-7.840000000000000000e+02,-1.153000000000000000e+03,-6.220000000000000000e+02,-4.200000000000000000e+01
1.679988668737384796e+09,1.658400000000000000e+04,5.120000000000000000e+02,-7.840000000000000000e+02,-1.153000000000000000e+03,-6.220000000000000000e+02,-4.200000000000000000e+01
1.679988668737635374e+09,1.658400000000000000e+04,5.120000000000000000e+02,-7.840000000000000000e+02,-1.153000000000000000e+03,-6.220000000000000000e+02,-4.200000000000000000e+01
1.679988668737869024e+09,1.658400000000000000e+04,5.120000000000000000e+02,-7.840000000000000000e+02,-1.153000000000000000e+03,-6.220000000000000000e+02,-4.200000000000000000e+01
1.679988668738142252e+09,1.658400000000000000e+04,5.120000000000000000e+02,-7.840000000000000000e+02,-1.153000000000000000e+03,-6.220000000000000000e+02,-4.200000000000000000e+01
1.679988668738386869e+09,1.658400000000000000e+04,5.120000000000000000e+02,-7.840000000000000000e+02,-1.153000000000000000e+03,-6.220000000000000000e+02,-4.200000000000000000e+01
1.679988668738665104e+09,1.658400000000000000e+04,5.120000000000000000e+02,-7.840000000000000000e+02,-1.153000000000000000e+03,-6.220000000000000000e+02,-4.200000000000000000e+01
1.679988668738909006e+09,1.658400000000000000e+04,5.120000000000000000e+02,-7.840000000000000000e+02,-1.153000000000000000e+03,-6.220000000000000000e+02,-4.200000000000000000e+01
1.679988668739149332e+09,1.658400000000000000e+04,5.120000000000000000e+02,-7.840000000000000000e+02,-1.153000000000000000e+03,-6.220000000000000000e+02,-4.200000000000000000e+01
1.679988668739389658e+09,1.658400000000000000e+04,5.120000000000000000e+02,-7.840000000000000000e+02,-1.153000000000000000e+03,-6.220000000000000000e+02,-4.200000000000000000e+01
1.679988668739628077e+09,1.658400000000000000e+04,5.120000000000000000e+02,-7.840000000000000000e+02,-1.153000000000000000e+03,-6.220000000000000000e+02,-4.200000000000000000e+01
1.679988668739868402e+09,1.658400000000000000e+04,5.120000000000000000e+02,-7.840000000000000000e+02,-1.153000000000000000e+03,-6.220000000000000000e+02,-4.200000000000000000e+01
1.679988668740091801e+09,1.658400000000000000e+04,5.120000000000000000e+02,-7.840000000000000000e+02,-1.153000000000000000e+03,-6.220000000000000000e+02,-4.200000000000000000e+01
1.679988668740370035e+09,1.658400000000000000e+04,5.120000000000000000e+02,-7.840000000000000000e+02,-1.153000000000000000e+03,-6.220000000000000000e+02,-4.200000000000000000e+01
1.679988668740607023e+09,1.658400000000000000e+04,5.120000000000000000e+02,-7.840000000000000000e+02,-1.153000000000000000e+03,-6.220000000000000000e+02,-4.200000000000000000e+01
1.679988668740841389e+09,1.658400000000000000e+04,5.120000000000000000e+02,-7.840000000000000000e+02,-1.153000000000000000e+03,-6.220000000000000000e+02,-4.200000000000000000e+01
1.679988668741080284e+09,1.658400000000000000e+04,5.120000000000000000e+02,-7.840000000000000000e+02,-1.153000000000000000e+03,-6.220000000000000000e+02,-4.200000000000000000e+01
1.679988668741302013e+09,1.658400000000000000e+04,5.120000000000000000e+02,-7.840000000000000000e+02,-1.153000000000000000e+03,-6.220000000000000000e+02,-4.200000000000000000e+01
1.679988668741545916e+09,1.658400000000000000e+04,5.120000000000000000e+02,-7.840000000000000000e+02,-1.153000000000000000e+03,-6.220000000000000000e+02,-4.200000000000000000e+01
1.679988668741772175e+09,1.658400000000000000e+04,5.120000000000000000e+02,-7.840000000000000000e+02,-1.153000000000000000e+03,-6.220000000000000000e+02,-4.200000000000000000e+01
1.679988668742009163e+09,1.658400000000000000e+04,5.120000000000000000e+02,-7.840000000000000000e+02,-1.153000000000000000e+03,-6.220000000000000000e+02,-4.200000000000000000e+01
1.679988668742240191e+09,1.658400000000000000e+04,5.120000000000000000e+02,-7.840000000000000000e+02,-1.153000000000000000e+03,-6.220000000000000000e+02,-4.200000000000000000e+01
1.679988668742473841e+09,1.658400000000000000e+04,5.120000000000000000e+02,-7.840000000000000000e+02,-1.153000000000000000e+03,-6.220000000000000000e+02,-4.200000000000000000e+01
1.679988668742726803e+09,1.658400000000000000e+04,5.120000000000000000e+02,-7.840000000000000000e+02,-1.153000000000000000e+03,-6.220000000000000000e+02,-4.200000000000000000e+01
1.679988668742962837e+09,1.658400000000000000e+04,5.120000000000000000e+02,-7.840000000000000000e+02,-1.153000000000000000e+03,-6.220000000000000000e+02,-4.200000000000000000e+01
1.679988668743191719e+09,1.658400000000000000e+04,5.120000000000000000e+02,-7.840000000000000000e+02,-1.153000000000000000e+03,-6.220000000000000000e+02,-4.200000000000000000e+01
1.679988668743427992e+09,1.658400000000000000e+04,5.120000000000000000e+02,-7.840000000000000000e+02,-1.153000000000000000e+03,-6.220000000000000000e+02,-4.200000000000000000e+01
1.679988668743659735e+09,1.658400000000000000e+04,5.120000000000000000e+02,-7.840000000000000000e+02,-1.153000000000000000e+03,-6.220000000000000000e+02,-4.200000000000000000e+01
1.679988668743887901e+09,1.658400000000000000e+04,5.120000000000000000e+02,-7.840000000000000000e+02,-1.153000000000000000e+03,-6.220000000000000000e+02,-4.200000000000000000e+01
1.679988668744130611e+09,1.658400000000000000e+04,5.120000000000000000e+02,-7.840000000000000000e+02,-1.153000000000000000e+03,-6.220000000000000000e+02,-4.200000000000000000e+01
1.679988668744407654e+09,1.658400000000000000e+04,5.120000000000000000e+02,-7.840000000000000000e+02,-1.153000000000000000e+03,-6.220000000000000000e+02,-4.200000000000000000e+01
1.679988668744641066e+09,1.658400000000000000e+04,5.120000000000000000e+02,-7.840000000000000000e+02,-1.153000000000000000e+03,-6.220000000000000000e+02,-4.200000000000000000e+01
1.679988668744997025e+09,1.658400000000000000e+04,5.120000000000000000e+02,-7.840000000000000000e+02,-1.153000000000000000e+03,-6.220000000000000000e+02,-4.200000000000000000e+01
1.679988668745215416e+09,1.658400000000000000e+04,5.120000000000000000e+02,-7.840000000000000000e+02,-1.153000000000000000e+03,-6.220000000000000000e+02,-4.200000000000000000e+01
1.679988668745507002e+09,1.658400000000000000e+04,5.120000000000000000e+02,-7.840000000000000000e+02,-1.153000000000000000e+03,-6.220000000000000000e+02,-4.200000000000000000e+01
1.679988668745705366e+09,1.658400000000000000e+04,5.120000000000000000e+02,-7.840000000000000000e+02,-1.153000000000000000e+03,-6.220000000000000000e+02,-4.200000000000000000e+01
1.679988668745904446e+09,1.658400000000000000e+04,5.120000000000000000e+02,-7.840000000000000000e+02,-1.153000000000000000e+03,-6.220000000000000000e+02,-4.200000000000000000e+01
1.679988668746158123e+09,1.658400000000000000e+04,5.120000000000000000e+02,-7.840000000000000000e+02,-1.153000000000000000e+03,-6.220000000000000000e+02,-4.200000000000000000e+01
1.679988668746465445e+09,1.658400000000000000e+04,5.120000000000000000e+02,-7.840000000000000000e+02,-1.153000000000000000e+03,-6.220000000000000000e+02,-4.200000000000000000e+01
1.679988668746838331e+09,1.658400000000000000e+04,5.120000000000000000e+02,-7.840000000000000000e+02,-1.153000000000000000e+03,-6.220000000000000000e+02,-4.200000000000000000e+01
1.679988668747035503e+09,1.658400000000000000e+04,5.120000000000000000e+02,-7.840000000000000000e+02,-1.153000000000000000e+03,-6.220000000000000000e+02,-4.200000000000000000e+01
1.679988668747375011e+09,1.658400000000000000e+04,5.120000000000000000e+02,-7.840000000000000000e+02,-1.153000000000000000e+03,-6.220000000000000000e+02,-4.200000000000000000e+01
1.679988668747565031e+09,1.658400000000000000e+04,5.120000000000000000e+02,-7.840000000000000000e+02,-1.153000000000000000e+03,-6.220000000000000000e+02,-4.200000000000000000e+01
1.679988668747759104e+09,1.658400000000000000e+04,5.120000000000000000e+02,-7.840000000000000000e+02,-1.153000000000000000e+03,-6.220000000000000000e+02,-4.200000000000000000e+01
1.679988668747966051e+09,1.658400000000000000e+04,5.120000000000000000e+02,-7.840000000000000000e+02,-1.153000000000000000e+03,-6.220000000000000000e+02,-4.200000000000000000e+01
1.679988668748249769e+09,1.658400000000000000e+04,5.120000000000000000e+02,-7.840000000000000000e+02,-1.153000000000000000e+03,-6.220000000000000000e+02,-4.200000000000000000e+01
1.679988668748631001e+09,1.658400000000000000e+04,5.120000000000000000e+02,-7.840000000000000000e+02,-1.153000000000000000e+03,-6.220000000000000000e+02,-4.200000000000000000e+01
1.679988668748847246e+09,1.658400000000000000e+04,5.120000000000000000e+02,-7.840000000000000000e+02,-1.153000000000000000e+03,-6.220000000000000000e+02,-4.200000000000000000e+01
1.679988668749179602e+09,1.658400000000000000e+04,5.120000000000000000e+02,-7.840000000000000000e+02,-1.153000000000000000e+03,-6.220000000000000000e+02,-4.200000000000000000e+01
1.679988668749372005e+09,1.658400000000000000e+04,5.120000000000000000e+02,-7.840000000000000000e+02,-1.153000000000000000e+03,-6.220000000000000000e+02,-4.200000000000000000e+01
1.679988668749562025e+09,1.658400000000000000e+04,5.120000000000000000e+02,-7.840000000000000000e+02,-1.153000000000000000e+03,-6.220000000000000000e+02,-4.200000000000000000e+01
1.679988668749758959e+09,1.658400000000000000e+04,5.120000000000000000e+02,-7.840000000000000000e+02,-1.153000000000000000e+03,-6.220000000000000000e+02,-4.200000000000000000e+01
1.679988668750043392e+09,1.658400000000000000e+04,5.120000000000000000e+02,-7.840000000000000000e+02,-1.153000000000000000e+03,-6.220000000000000000e+02,-4.200000000000000000e+01
1.679988668750426292e+09,1.658400000000000000e+04,5.120000000000000000e+02,-7.840000000000000000e+02,-1.153000000000000000e+03,-6.220000000000000000e+02,-4.200000000000000000e+01
1.679988668750629187e+09,1.658400000000000000e+04,5.120000000000000000e+02,-7.840000000000000000e+02,-1.153000000000000000e+03,-6.220000000000000000e+02,-4.200000000000000000e+01
1.679988668750977516e+09,1.658400000000000000e+04,5.120000000000000000e+02,-7.840000000000000000e+02,-1.153000000000000000e+03,-6.220000000000000000e+02,-4.200000000000000000e+01
1.679988668751173973e+09,1.658400000000000000e+04,5.120000000000000000e+02,-7.840000000000000000e+02,-1.153000000000000000e+03,-6.220000000000000000e+02,-4.200000000000000000e+01
1.679988668751370907e+09,1.658400000000000000e+04,5.120000000000000000e+02,-7.840000000000000000e+02,-1.153000000000000000e+03,-6.220000000000000000e+02,-4.200000000000000000e+01
1.679988668751566172e+09,1.658400000000000000e+04,5.120000000000000000e+02,-7.840000000000000000e+02,-1.153000000000000000e+03,-6.220000000000000000e+02,-4.200000000000000000e+01
1.679988668751836300e+09,1.658400000000000000e+04,5.120000000000000000e+02,-7.840000000000000000e+02,-1.153000000000000000e+03,-6.220000000000000000e+02,-4.200000000000000000e+01
1.679988668752222300e+09,1.658400000000000000e+04,5.120000000000000000e+02,-7.840000000000000000e+02,-1.153000000000000000e+03,-6.220000000000000000e+02,-4.200000000000000000e+01
1.679988668752459049e+09,1.658400000000000000e+04,5.120000000000000000e+02,-7.840000000000000000e+02,-1.153000000000000000e+03,-6.220000000000000000e+02,-4.200000000000000000e+01
1.679988668752765656e+09,1.658400000000000000e+04,5.120000000000000000e+02,-7.840000000000000000e+02,-1.153000000000000000e+03,-6.220000000000000000e+02,-4.200000000000000000e+01
1.679988668752966166e+09,1.658400000000000000e+04,5.120000000000000000e+02,-7.840000000000000000e+02,-1.153000000000000000e+03,-6.220000000000000000e+02,-4.200000000000000000e+01
1.679988668753155947e+09,1.658400000000000000e+04,5.120000000000000000e+02,-7.840000000000000000e+02,-1.153000000000000000e+03,-6.220000000000000000e+02,-4.200000000000000000e+01
1.679988668753359556e+09,1.658400000000000000e+04,5.120000000000000000e+02,-7.840000000000000000e+02,-1.153000000000000000e+03,-6.220000000000000000e+02,-4.200000000000000000e+01
1.679988668753621817e+09,1.658400000000000000e+04,5.120000000000000000e+02,-7.840000000000000000e+02,-1.153000000000000000e+03,-6.220000000000000000e+02,-4.200000000000000000e+01
1.679988668753988028e+09,1.658400000000000000e+04,5.120000000000000000e+02,-7.840000000000000000e+02,-1.153000000000000000e+03,-6.220000000000000000e+02,-4.200000000000000000e+01
1.679988668754205704e+09,1.658400000000000000e+04,5.120000000000000000e+02,-7.840000000000000000e+02,-1.153000000000000000e+03,-6.220000000000000000e+02,-4.200000000000000000e+01
1.679988668754538059e+09,1.658400000000000000e+04,5.120000000000000000e+02,-7.840000000000000000e+02,-1.153000000000000000e+03,-6.220000000000000000e+02,-4.200000000000000000e+01
1.679988668754734039e+09,1.658400000000000000e+04,5.120000000000000000e+02,-7.840000000000000000e+02,-1.153000000000000000e+03,-6.220000000000000000e+02,-4.200000000000000000e+01
1.679988668754941702e+09,1.658400000000000000e+04,5.120000000000000000e+02,-7.840000000000000000e+02,-1.153000000000000000e+03,-6.220000000000000000e+02,-4.200000000000000000e+01
1.679988668755167007e+09,1.658400000000000000e+04,5.120000000000000000e+02,-7.840000000000000000e+02,-1.153000000000000000e+03,-6.220000000000000000e+02,-4.200000000000000000e+01
1.679988668755571604e+09,1.658400000000000000e+04,5.120000000000000000e+02,-7.840000000000000000e+02,-1.153000000000000000e+03,-6.220000000000000000e+02,-4.200000000000000000e+01
1.679988668755796194e+09,1.658400000000000000e+04,5.120000000000000000e+02,-7.840000000000000000e+02,-1.153000000000000000e+03,-6.220000000000000000e+02,-4.200000000000000000e+01
1.679988668756003380e+09,1.658400000000000000e+04,5.120000000000000000e+02,-7.840000000000000000e+02,-1.153000000000000000e+03,-6.220000000000000000e+02,-4.200000000000000000e+01
1.679988668756206989e+09,1.658400000000000000e+04,5.120000000000000000e+02,-7.840000000000000000e+02,-1.153000000000000000e+03,-6.220000000000000000e+02,-4.200000000000000000e+01
1.679988668756577253e+09,1.658400000000000000e+04,5.120000000000000000e+02,-7.840000000000000000e+02,-1.153000000000000000e+03,-6.220000000000000000e+02,-4.200000000000000000e+01
1.679988668756782293e+09,1.658400000000000000e+04,5.120000000000000000e+02,-7.840000000000000000e+02,-1.153000000000000000e+03,-6.220000000000000000e+02,-4.200000000000000000e+01
1.679988668757160664e+09,1.658400000000000000e+04,5.120000000000000000e+02,-7.840000000000000000e+02,-1.153000000000000000e+03,-6.220000000000000000e+02,-4.200000000000000000e+01
1.679988668757369280e+09,1.658400000000000000e+04,5.120000000000000000e+02,-7.840000000000000000e+02,-1.153000000000000000e+03,-6.220000000000000000e+02,-4.200000000000000000e+01
1.679988668757580280e+09,1.658400000000000000e+04,5.120000000000000000e+02,-7.840000000000000000e+02,-1.153000000000000000e+03,-6.220000000000000000e+02,-4.200000000000000000e+01
1.679988668757782936e+09,1.658400000000000000e+04,5.120000000000000000e+02,-7.840000000000000000e+02,-1.153000000000000000e+03,-6.220000000000000000e+02,-4.200000000000000000e+01
1.679988668758082867e+09,1.658400000000000000e+04,5.120000000000000000e+02,-7.840000000000000000e+02,-1.153000000000000000e+03,-6.220000000000000000e+02,-4.200000000000000000e+01
1.679988668758286953e+09,1.658400000000000000e+04,5.120000000000000000e+02,-7.840000000000000000e+02,-1.153000000000000000e+03,-6.220000000000000000e+02,-4.200000000000000000e+01
1.679988668758540869e+09,1.658400000000000000e+04,5.120000000000000000e+02,-7.840000000000000000e+02,-1.153000000000000000e+03,-6.220000000000000000e+02,-4.200000000000000000e+01
1.679988668758759022e+09,1.658400000000000000e+04,5.120000000000000000e+02,-7.840000000000000000e+02,-1.153000000000000000e+03,-6.220000000000000000e+02,-4.200000000000000000e+01
1.679988668759014845e+09,1.658400000000000000e+04,5.120000000000000000e+02,-7.840000000000000000e+02,-1.153000000000000000e+03,-6.220000000000000000e+02,-4.200000000000000000e+01
1.679988668759272099e+09,1.658400000000000000e+04,5.120000000000000000e+02,-7.840000000000000000e+02,-1.153000000000000000e+03,-6.220000000000000000e+02,-4.200000000000000000e+01
1.679988668759524107e+09,1.658400000000000000e+04,5.120000000000000000e+02,-7.840000000000000000e+02,-1.153000000000000000e+03,-6.220000000000000000e+02,-4.200000000000000000e+01
1.679988668759738445e+09,1.658400000000000000e+04,5.120000000000000000e+02,-7.840000000000000000e+02,-1.153000000000000000e+03,-6.220000000000000000e+02,-4.200000000000000000e+01
1.679988668760013580e+09,1.658400000000000000e+04,5.120000000000000000e+02,-7.840000000000000000e+02,-1.153000000000000000e+03,-6.220000000000000000e+02,-4.200000000000000000e+01
1.679988668760269165e+09,1.658400000000000000e+04,5.120000000000000000e+02,-7.840000000000000000e+02,-1.153000000000000000e+03,-6.220000000000000000e+02,-4.200000000000000000e+01
1.679988668760519743e+09,1.658400000000000000e+04,5.120000000000000000e+02,-7.840000000000000000e+02,-1.153000000000000000e+03,-6.220000000000000000e+02,-4.200000000000000000e+01
1.679988668760762215e+09,1.658400000000000000e+04,5.120000000000000000e+02,-7.840000000000000000e+02,-1.153000000000000000e+03,-6.220000000000000000e+02,-4.200000000000000000e+01
1.679988668761018276e+09,1.658400000000000000e+04,5.120000000000000000e+02,-7.840000000000000000e+02,-1.153000000000000000e+03,-6.220000000000000000e+02,-4.200000000000000000e+01
1.679988668761265755e+09,1.658400000000000000e+04,5.120000000000000000e+02,-7.840000000000000000e+02,-1.153000000000000000e+03,-6.220000000000000000e+02,-4.200000000000000000e+01
1.679988668761496782e+09,1.658400000000000000e+04,5.120000000000000000e+02,-7.840000000000000000e+02,-1.153000000000000000e+03,-6.220000000000000000e+02,-4.200000000000000000e+01
1.679988668761758804e+09,1.658400000000000000e+04,5.120000000000000000e+02,-7.840000000000000000e+02,-1.153000000000000000e+03,-6.220000000000000000e+02,-4.200000000000000000e+01
1.679988668762262344e+09,1.658400000000000000e+04,5.120000000000000000e+02,-7.840000000000000000e+02,-1.153000000000000000e+03,-6.220000000000000000e+02,-4.200000000000000000e+01
1.679988668762527704e+09,1.658400000000000000e+04,5.120000000000000000e+02,-7.840000000000000000e+02,-1.153000000000000000e+03,-6.220000000000000000e+02,-4.200000000000000000e+01
1.679988668762753963e+09,1.658400000000000000e+04,5.120000000000000000e+02,-7.840000000000000000e+02,-1.153000000000000000e+03,-6.220000000000000000e+02,-4.200000000000000000e+01
1.679988668763024092e+09,1.658400000000000000e+04,5.120000000000000000e+02,-7.840000000000000000e+02,-1.153000000000000000e+03,-6.220000000000000000e+02,-4.200000000000000000e+01
1.679988668763270140e+09,1.658400000000000000e+04,5.120000000000000000e+02,-7.840000000000000000e+02,-1.153000000000000000e+03,-6.220000000000000000e+02,-4.200000000000000000e+01
1.679988668763519287e+09,1.658400000000000000e+04,5.120000000000000000e+02,-7.840000000000000000e+02,-1.153000000000000000e+03,-6.220000000000000000e+02,-4.200000000000000000e+01
1.679988668763731003e+09,1.658400000000000000e+04,5.120000000000000000e+02,-7.840000000000000000e+02,-1.153000000000000000e+03,-6.220000000000000000e+02,-4.200000000000000000e+01
1.679988668764040709e+09,1.658400000000000000e+04,5.120000000000000000e+02,-7.840000000000000000e+02,-1.153000000000000000e+03,-6.220000000000000000e+02,-4.200000000000000000e+01
1.679988668764283895e+09,1.658400000000000000e+04,5.120000000000000000e+02,-7.840000000000000000e+02,-1.153000000000000000e+03,-6.220000000000000000e+02,-4.200000000000000000e+01
1.679988668764517546e+09,1.658400000000000000e+04,5.120000000000000000e+02,-7.840000000000000000e+02,-1.153000000000000000e+03,-6.220000000000000000e+02,-4.200000000000000000e+01
1.679988668764839411e+09,1.658400000000000000e+04,5.120000000000000000e+02,-7.840000000000000000e+02,-1.153000000000000000e+03,-6.220000000000000000e+02,-4.200000000000000000e+01
1.679988668765085936e+09,1.658400000000000000e+04,5.120000000000000000e+02,-7.840000000000000000e+02,-1.153000000000000000e+03,-6.220000000000000000e+02,-4.200000000000000000e+01
1.679988668765324831e+09,1.658400000000000000e+04,5.120000000000000000e+02,-7.840000000000000000e+02,-1.153000000000000000e+03,-6.220000000000000000e+02,-4.200000000000000000e+01
1.679988668765609503e+09,1.658400000000000000e+04,5.120000000000000000e+02,-7.840000000000000000e+02,-1.153000000000000000e+03,-6.220000000000000000e+02,-4.200000000000000000e+01
1.679988668765865564e+09,1.658400000000000000e+04,5.120000000000000000e+02,-7.840000000000000000e+02,-1.153000000000000000e+03,-6.220000000000000000e+02,-4.200000000000000000e+01
1.679988668766117334e+09,1.658400000000000000e+04,5.120000000000000000e+02,-7.840000000000000000e+02,-1.153000000000000000e+03,-6.220000000000000000e+02,-4.200000000000000000e+01
1.679988668766400576e+09,1.658400000000000000e+04,5.120000000000000000e+02,-7.840000000000000000e+02,-1.153000000000000000e+03,-6.220000000000000000e+02,-4.200000000000000000e+01
1.679988668766655684e+09,1.658400000000000000e+04,5.120000000000000000e+02,-7.840000000000000000e+02,-1.153000000000000000e+03,-6.220000000000000000e+02,-4.200000000000000000e+01
1.679988668766900539e+09,1.658400000000000000e+04,5.120000000000000000e+02,-7.840000000000000000e+02,-1.153000000000000000e+03,-6.220000000000000000e+02,-4.200000000000000000e+01
1.679988668767132521e+09,1.658400000000000000e+04,5.120000000000000000e+02,-7.840000000000000000e+02,-1.153000000000000000e+03,-6.220000000000000000e+02,-4.200000000000000000e+01
1.679988668767373562e+09,1.658400000000000000e+04,5.120000000000000000e+02,-7.840000000000000000e+02,-1.153000000000000000e+03,-6.220000000000000000e+02,-4.200000000000000000e+01
1.679988668767631292e+09,1.658400000000000000e+04,5.120000000000000000e+02,-7.840000000000000000e+02,-1.153000000000000000e+03,-6.220000000000000000e+02,-4.200000000000000000e+01
1.679988668767870188e+09,1.658400000000000000e+04,5.120000000000000000e+02,-7.840000000000000000e+02,-1.153000000000000000e+03,-6.220000000000000000e+02,-4.200000000000000000e+01
1.679988668768103838e+09,1.658400000000000000e+04,5.120000000000000000e+02,-7.840000000000000000e+02,-1.153000000000000000e+03,-6.220000000000000000e+02,-4.200000000000000000e+01
1.679988668768320560e+09,1.658400000000000000e+04,5.120000000000000000e+02,-7.840000000000000000e+02,-1.153000000000000000e+03,-6.220000000000000000e+02,-4.200000000000000000e+01
1.679988668768628597e+09,1.658400000000000000e+04,5.120000000000000000e+02,-7.840000000000000000e+02,-1.153000000000000000e+03,-6.220000000000000000e+02,-4.200000000000000000e+01
1.679988668768867254e+09,1.658400000000000000e+04,5.120000000000000000e+02,-7.840000000000000000e+02,-1.153000000000000000e+03,-6.220000000000000000e+02,-4.200000000000000000e+01
1.679988668769395351e+09,1.658400000000000000e+04,5.120000000000000000e+02,-7.840000000000000000e+02,-1.153000000000000000e+03,-6.220000000000000000e+02,-4.200000000000000000e+01
1.679988668769652128e+09,1.658400000000000000e+04,5.120000000000000000e+02,-7.840000000000000000e+02,-1.153000000000000000e+03,-6.220000000000000000e+02,-4.200000000000000000e+01
1.679988668769868374e+09,1.658400000000000000e+04,5.120000000000000000e+02,-7.840000000000000000e+02,-1.153000000000000000e+03,-6.220000000000000000e+02,-4.200000000000000000e+01
1.679988668770170450e+09,1.658400000000000000e+04,5.120000000000000000e+02,-7.840000000000000000e+02,-1.153000000000000000e+03,-6.220000000000000000e+02,-4.200000000000000000e+01
1.679988668770418882e+09,1.658400000000000000e+04,5.120000000000000000e+02,-7.840000000000000000e+02,-1.153000000000000000e+03,-6.220000000000000000e+02,-4.200000000000000000e+01
1.679988668770628929e+09,1.658400000000000000e+04,5.120000000000000000e+02,-7.840000000000000000e+02,-1.153000000000000000e+03,-6.220000000000000000e+02,-4.200000000000000000e+01
1.679988668770920753e+09,1.658400000000000000e+04,5.120000000000000000e+02,-7.840000000000000000e+02,-1.153000000000000000e+03,-6.220000000000000000e+02,-4.200000000000000000e+01
1.679988668771205187e+09,1.658400000000000000e+04,5.120000000000000000e+02,-7.840000000000000000e+02,-1.153000000000000000e+03,-6.220000000000000000e+02,-4.200000000000000000e+01
1.679988668771466732e+09,1.658400000000000000e+04,5.120000000000000000e+02,-7.840000000000000000e+02,-1.153000000000000000e+03,-6.220000000000000000e+02,-4.200000000000000000e+01
1.679988668771724224e+09,1.658400000000000000e+04,5.120000000000000000e+02,-7.840000000000000000e+02,-1.153000000000000000e+03,-6.220000000000000000e+02,-4.200000000000000000e+01
1.679988668771967888e+09,1.658400000000000000e+04,5.120000000000000000e+02,-7.840000000000000000e+02,-1.153000000000000000e+03,-6.220000000000000000e+02,-4.200000000000000000e+01
1.679988668772505045e+09,1.658400000000000000e+04,5.120000000000000000e+02,-7.840000000000000000e+02,-1.153000000000000000e+03,-6.220000000000000000e+02,-4.200000000000000000e+01
1.679988668772769213e+09,1.658400000000000000e+04,5.120000000000000000e+02,-7.840000000000000000e+02,-1.153000000000000000e+03,-6.220000000000000000e+02,-4.200000000000000000e+01
1.679988668773007393e+09,1.658400000000000000e+04,5.120000000000000000e+02,-7.840000000000000000e+02,-1.153000000000000000e+03,-6.220000000000000000e+02,-4.200000000000000000e+01
1.679988668773299456e+09,1.658400000000000000e+04,5.120000000000000000e+02,-7.840000000000000000e+02,-1.153000000000000000e+03,-6.220000000000000000e+02,-4.200000000000000000e+01
1.679988668773550272e+09,1.658400000000000000e+04,5.120000000000000000e+02,-7.840000000000000000e+02,-1.153000000000000000e+03,-6.220000000000000000e+02,-4.200000000000000000e+01
1.679988668773923635e+09,1.658400000000000000e+04,5.120000000000000000e+02,-7.840000000000000000e+02,-1.153000000000000000e+03,-6.220000000000000000e+02,-4.200000000000000000e+01
1.679988668774136782e+09,1.658400000000000000e+04,5.120000000000000000e+02,-7.840000000000000000e+02,-1.153000000000000000e+03,-6.220000000000000000e+02,-4.200000000000000000e+01
1.679988668774468422e+09,1.658400000000000000e+04,5.120000000000000000e+02,-7.840000000000000000e+02,-1.153000000000000000e+03,-6.220000000000000000e+02,-4.200000000000000000e+01
1.679988668774669170e+09,1.658400000000000000e+04,5.120000000000000000e+02,-7.840000000000000000e+02,-1.153000000000000000e+03,-6.220000000000000000e+02,-4.200000000000000000e+01
1.679988668774882317e+09,1.658400000000000000e+04,5.120000000000000000e+02,-7.840000000000000000e+02,-1.153000000000000000e+03,-6.220000000000000000e+02,-4.200000000000000000e+01
1.679988668775107145e+09,1.658400000000000000e+04,5.120000000000000000e+02,-7.840000000000000000e+02,-1.153000000000000000e+03,-6.220000000000000000e+02,-4.200000000000000000e+01
1.679988668775403023e+09,1.658400000000000000e+04,5.120000000000000000e+02,-7.840000000000000000e+02,-1.153000000000000000e+03,-6.220000000000000000e+02,-4.200000000000000000e+01
1.679988668775826216e+09,1.658400000000000000e+04,5.120000000000000000e+02,-7.840000000000000000e+02,-1.153000000000000000e+03,-6.220000000000000000e+02,-4.200000000000000000e+01
1.679988668776036501e+09,1.658400000000000000e+04,5.120000000000000000e+02,-7.840000000000000000e+02,-1.153000000000000000e+03,-6.220000000000000000e+02,-4.200000000000000000e+01
1.679988668776392698e+09,1.658400000000000000e+04,5.120000000000000000e+02,-7.840000000000000000e+02,-1.153000000000000000e+03,-6.220000000000000000e+02,-4.200000000000000000e+01
1.679988668776592016e+09,1.658400000000000000e+04,5.120000000000000000e+02,-7.840000000000000000e+02,-1.153000000000000000e+03,-6.220000000000000000e+02,-4.200000000000000000e+01
1.679988668776799440e+09,1.658400000000000000e+04,5.120000000000000000e+02,-7.840000000000000000e+02,-1.153000000000000000e+03,-6.220000000000000000e+02,-4.200000000000000000e+01
1.679988668776993752e+09,1.658400000000000000e+04,5.120000000000000000e+02,-7.840000000000000000e+02,-1.153000000000000000e+03,-6.220000000000000000e+02,-4.200000000000000000e+01
1.679988668777280807e+09,1.658400000000000000e+04,5.120000000000000000e+02,-7.840000000000000000e+02,-1.153000000000000000e+03,-6.220000000000000000e+02,-4.200000000000000000e+01
1.679988668777663946e+09,1.658400000000000000e+04,5.120000000000000000e+02,-7.840000000000000000e+02,-1.153000000000000000e+03,-6.220000000000000000e+02,-4.200000000000000000e+01
1.679988668777878284e+09,1.658400000000000000e+04,5.120000000000000000e+02,-7.840000000000000000e+02,-1.153000000000000000e+03,-6.220000000000000000e+02,-4.200000000000000000e+01
1.679988668778236389e+09,1.658400000000000000e+04,5.120000000000000000e+02,-7.840000000000000000e+02,-1.153000000000000000e+03,-6.220000000000000000e+02,-4.200000000000000000e+01
1.679988668778437853e+09,1.658400000000000000e+04,5.120000000000000000e+02,-7.840000000000000000e+02,-1.153000000000000000e+03,-6.220000000000000000e+02,-4.200000000000000000e+01
1.679988668778673410e+09,1.658400000000000000e+04,5.120000000000000000e+02,-7.840000000000000000e+02,-1.153000000000000000e+03,-6.220000000000000000e+02,-4.200000000000000000e+01
1.679988668778892279e+09,1.658400000000000000e+04,5.120000000000000000e+02,-7.840000000000000000e+02,-1.153000000000000000e+03,-6.220000000000000000e+02,-4.200000000000000000e+01
1.679988668779131889e+09,1.658400000000000000e+04,5.120000000000000000e+02,-7.840000000000000000e+02,-1.153000000000000000e+03,-6.220000000000000000e+02,-4.200000000000000000e+01
1.679988668779501677e+09,1.658400000000000000e+04,5.120000000000000000e+02,-7.840000000000000000e+02,-1.153000000000000000e+03,-6.220000000000000000e+02,-4.200000000000000000e+01
1.679988668779721022e+09,1.658400000000000000e+04,5.120000000000000000e+02,-7.840000000000000000e+02,-1.153000000000000000e+03,-6.220000000000000000e+02,-4.200000000000000000e+01
1.679988668780069828e+09,1.658400000000000000e+04,5.120000000000000000e+02,-7.840000000000000000e+02,-1.153000000000000000e+03,-6.220000000000000000e+02,-4.200000000000000000e+01
1.679988668780262947e+09,1.658400000000000000e+04,5.120000000000000000e+02,-7.840000000000000000e+02,-1.153000000000000000e+03,-6.220000000000000000e+02,-4.200000000000000000e+01
1.679988668780466795e+09,1.658400000000000000e+04,5.120000000000000000e+02,-7.840000000000000000e+02,-1.153000000000000000e+03,-6.220000000000000000e+02,-4.200000000000000000e+01
1.679988668780669212e+09,1.658400000000000000e+04,5.120000000000000000e+02,-7.840000000000000000e+02,-1.153000000000000000e+03,-6.220000000000000000e+02,-4.200000000000000000e+01
1.679988668780934572e+09,1.658400000000000000e+04,5.120000000000000000e+02,-7.840000000000000000e+02,-1.153000000000000000e+03,-6.220000000000000000e+02,-4.200000000000000000e+01
1.679988668781334162e+09,1.658400000000000000e+04,5.120000000000000000e+02,-7.840000000000000000e+02,-1.153000000000000000e+03,-6.220000000000000000e+02,-4.200000000000000000e+01
1.679988668781557798e+09,1.658400000000000000e+04,5.120000000000000000e+02,-7.840000000000000000e+02,-1.153000000000000000e+03,-6.220000000000000000e+02,-4.200000000000000000e+01
1.679988668781898975e+09,1.658400000000000000e+04,5.120000000000000000e+02,-7.840000000000000000e+02,-1.153000000000000000e+03,-6.220000000000000000e+02,-4.200000000000000000e+01
1.679988668782100677e+09,1.658400000000000000e+04,5.120000000000000000e+02,-7.840000000000000000e+02,-1.153000000000000000e+03,-6.220000000000000000e+02,-4.200000000000000000e+01
1.679988668782300234e+09,1.658400000000000000e+04,5.120000000000000000e+02,-7.840000000000000000e+02,-1.153000000000000000e+03,-6.220000000000000000e+02,-4.200000000000000000e+01
1.679988668782510996e+09,1.658400000000000000e+04,5.120000000000000000e+02,-7.840000000000000000e+02,-1.153000000000000000e+03,-6.220000000000000000e+02,-4.200000000000000000e+01
1.679988668782781363e+09,1.658400000000000000e+04,5.120000000000000000e+02,-7.840000000000000000e+02,-1.153000000000000000e+03,-6.220000000000000000e+02,-4.200000000000000000e+01
1.679988668783133268e+09,1.658400000000000000e+04,5.120000000000000000e+02,-7.840000000000000000e+02,-1.153000000000000000e+03,-6.220000000000000000e+02,-4.200000000000000000e+01
1.679988668783336878e+09,1.658400000000000000e+04,5.120000000000000000e+02,-7.840000000000000000e+02,-1.153000000000000000e+03,-6.220000000000000000e+02,-4.200000000000000000e+01
1.679988668783727646e+09,1.658400000000000000e+04,5.120000000000000000e+02,-7.840000000000000000e+02,-1.153000000000000000e+03,-6.220000000000000000e+02,-4.200000000000000000e+01
1.679988668783930540e+09,1.658400000000000000e+04,5.120000000000000000e+02,-7.840000000000000000e+02,-1.153000000000000000e+03,-6.220000000000000000e+02,-4.200000000000000000e+01
1.679988668784137487e+09,1.658400000000000000e+04,5.120000000000000000e+02,-7.840000000000000000e+02,-1.153000000000000000e+03,-6.220000000000000000e+02,-4.200000000000000000e+01
1.679988668784347057e+09,1.658400000000000000e+04,5.120000000000000000e+02,-7.840000000000000000e+02,-1.153000000000000000e+03,-6.220000000000000000e+02,-4.200000000000000000e+01
1.679988668784725666e+09,1.658400000000000000e+04,5.120000000000000000e+02,-7.840000000000000000e+02,-1.153000000000000000e+03,-6.220000000000000000e+02,-4.200000000000000000e+01
1.679988668784959078e+09,1.658400000000000000e+04,5.120000000000000000e+02,-7.840000000000000000e+02,-1.153000000000000000e+03,-6.220000000000000000e+02,-4.200000000000000000e+01
1.679988668785173178e+09,1.658400000000000000e+04,5.120000000000000000e+02,-7.840000000000000000e+02,-1.153000000000000000e+03,-6.220000000000000000e+02,-4.200000000000000000e+01
1.679988668785387039e+09,1.658400000000000000e+04,5.120000000000000000e+02,-7.840000000000000000e+02,-1.153000000000000000e+03,-6.220000000000000000e+02,-4.200000000000000000e+01
1.679988668785787582e+09,1.658400000000000000e+04,5.120000000000000000e+02,-7.840000000000000000e+02,-1.153000000000000000e+03,-6.220000000000000000e+02,-4.200000000000000000e+01
1.679988668786004066e+09,1.658400000000000000e+04,5.120000000000000000e+02,-7.840000000000000000e+02,-1.153000000000000000e+03,-6.220000000000000000e+02,-4.200000000000000000e+01
1.679988668786390066e+09,1.658400000000000000e+04,5.120000000000000000e+02,-7.840000000000000000e+02,-1.153000000000000000e+03,-6.220000000000000000e+02,-4.200000000000000000e+01
1.679988668786585093e+09,1.658400000000000000e+04,5.120000000000000000e+02,-7.840000000000000000e+02,-1.153000000000000000e+03,-6.220000000000000000e+02,-4.200000000000000000e+01
1.679988668786791325e+09,1.658400000000000000e+04,5.120000000000000000e+02,-7.840000000000000000e+02,-1.153000000000000000e+03,-6.220000000000000000e+02,-4.200000000000000000e+01
1.679988668787003279e+09,1.658400000000000000e+04,5.120000000000000000e+02,-7.840000000000000000e+02,-1.153000000000000000e+03,-6.220000000000000000e+02,-4.200000000000000000e+01
1.679988668787305832e+09,1.658400000000000000e+04,5.120000000000000000e+02,-7.840000000000000000e+02,-1.153000000000000000e+03,-6.220000000000000000e+02,-4.200000000000000000e+01
1.679988668787515402e+09,1.658400000000000000e+04,5.120000000000000000e+02,-7.840000000000000000e+02,-1.153000000000000000e+03,-6.220000000000000000e+02,-4.200000000000000000e+01
1.679988668787726879e+09,1.658400000000000000e+04,5.120000000000000000e+02,-7.840000000000000000e+02,-1.153000000000000000e+03,-6.220000000000000000e+02,-4.200000000000000000e+01
1.679988668787927151e+09,1.658400000000000000e+04,5.120000000000000000e+02,-7.840000000000000000e+02,-1.153000000000000000e+03,-6.220000000000000000e+02,-4.200000000000000000e+01
1.679988668788232565e+09,1.658400000000000000e+04,5.120000000000000000e+02,-7.840000000000000000e+02,-1.153000000000000000e+03,-6.220000000000000000e+02,-4.200000000000000000e+01
1.679988668788518190e+09,1.658400000000000000e+04,5.120000000000000000e+02,-7.840000000000000000e+02,-1.153000000000000000e+03,-6.220000000000000000e+02,-4.200000000000000000e+01
1.679988668788851261e+09,1.658400000000000000e+04,5.120000000000000000e+02,-7.840000000000000000e+02,-1.153000000000000000e+03,-6.220000000000000000e+02,-4.200000000000000000e+01
1.679988668789118528e+09,1.658400000000000000e+04,5.120000000000000000e+02,-7.840000000000000000e+02,-1.153000000000000000e+03,-6.220000000000000000e+02,-4.200000000000000000e+01
1.679988668789402008e+09,1.658400000000000000e+04,5.120000000000000000e+02,-7.840000000000000000e+02,-1.153000000000000000e+03,-6.220000000000000000e+02,-4.200000000000000000e+01
1.679988668789643764e+09,1.658400000000000000e+04,5.120000000000000000e+02,-7.840000000000000000e+02,-1.153000000000000000e+03,-6.220000000000000000e+02,-4.200000000000000000e+01
1.679988668789897919e+09,1.658400000000000000e+04,5.120000000000000000e+02,-7.840000000000000000e+02,-1.153000000000000000e+03,-6.220000000000000000e+02,-4.200000000000000000e+01
1.679988668790142775e+09,1.658400000000000000e+04,5.120000000000000000e+02,-7.840000000000000000e+02,-1.153000000000000000e+03,-6.220000000000000000e+02,-4.200000000000000000e+01
1.679988668790386200e+09,1.658400000000000000e+04,5.120000000000000000e+02,-7.840000000000000000e+02,-1.153000000000000000e+03,-6.220000000000000000e+02,-4.200000000000000000e+01
1.679988668790634394e+09,1.658400000000000000e+04,5.120000000000000000e+02,-7.840000000000000000e+02,-1.153000000000000000e+03,-6.220000000000000000e+02,-4.200000000000000000e+01
1.679988668790876865e+09,1.658400000000000000e+04,5.120000000000000000e+02,-7.840000000000000000e+02,-1.153000000000000000e+03,-6.220000000000000000e+02,-4.200000000000000000e+01
1.679988668791160345e+09,1.658400000000000000e+04,5.120000000000000000e+02,-7.840000000000000000e+02,-1.153000000000000000e+03,-6.220000000000000000e+02,-4.200000000000000000e+01
1.679988668791379452e+09,1.658400000000000000e+04,5.120000000000000000e+02,-7.840000000000000000e+02,-1.153000000000000000e+03,-6.220000000000000000e+02,-4.200000000000000000e+01
1.679988668791691065e+09,1.658400000000000000e+04,5.120000000000000000e+02,-7.840000000000000000e+02,-1.153000000000000000e+03,-6.220000000000000000e+02,-4.200000000000000000e+01
1.679988668791938782e+09,1.658400000000000000e+04,5.120000000000000000e+02,-7.840000000000000000e+02,-1.153000000000000000e+03,-6.220000000000000000e+02,-4.200000000000000000e+01
1.679988668792201757e+09,1.658400000000000000e+04,5.120000000000000000e+02,-7.840000000000000000e+02,-1.153000000000000000e+03,-6.220000000000000000e+02,-4.200000000000000000e+01
1.679988668792460918e+09,1.658400000000000000e+04,5.120000000000000000e+02,-7.840000000000000000e+02,-1.153000000000000000e+03,-6.220000000000000000e+02,-4.200000000000000000e+01
1.679988668792717934e+09,1.658400000000000000e+04,5.120000000000000000e+02,-7.840000000000000000e+02,-1.153000000000000000e+03,-6.220000000000000000e+02,-4.200000000000000000e+01
1.679988668792960405e+09,1.658400000000000000e+04,5.120000000000000000e+02,-7.840000000000000000e+02,-1.153000000000000000e+03,-6.220000000000000000e+02,-4.200000000000000000e+01
1.679988668793226719e+09,1.658400000000000000e+04,5.120000000000000000e+02,-7.840000000000000000e+02,-1.153000000000000000e+03,-6.220000000000000000e+02,-4.200000000000000000e+01
1.679988668793475389e+09,1.658400000000000000e+04,5.120000000000000000e+02,-7.840000000000000000e+02,-1.153000000000000000e+03,-6.220000000000000000e+02,-4.200000000000000000e+01
1.679988668793712139e+09,1.658400000000000000e+04,5.120000000000000000e+02,-7.840000000000000000e+02,-1.153000000000000000e+03,-6.220000000000000000e+02,-4.200000000000000000e+01
1.679988668793957472e+09,1.658400000000000000e+04,5.120000000000000000e+02,-7.840000000000000000e+02,-1.153000000000000000e+03,-6.220000000000000000e+02,-4.200000000000000000e+01
1.679988668794200659e+09,1.658400000000000000e+04,5.120000000000000000e+02,-7.840000000000000000e+02,-1.153000000000000000e+03,-6.220000000000000000e+02,-4.200000000000000000e+01
1.679988668794447184e+09,1.658400000000000000e+04,5.120000000000000000e+02,-7.840000000000000000e+02,-1.153000000000000000e+03,-6.220000000000000000e+02,-4.200000000000000000e+01
1.679988668794977903e+09,1.658400000000000000e+04,5.120000000000000000e+02,-7.840000000000000000e+02,-1.153000000000000000e+03,-6.220000000000000000e+02,-4.200000000000000000e+01
1.679988668795278549e+09,1.658400000000000000e+04,5.120000000000000000e+02,-7.840000000000000000e+02,-1.153000000000000000e+03,-6.220000000000000000e+02,-4.200000000000000000e+01
1.679988668795589685e+09,1.658400000000000000e+04,5.120000000000000000e+02,-7.840000000000000000e+02,-1.153000000000000000e+03,-6.220000000000000000e+02,-4.200000000000000000e+01
1.679988668795840740e+09,1.658400000000000000e+04,5.120000000000000000e+02,-7.840000000000000000e+02,-1.153000000000000000e+03,-6.220000000000000000e+02,-4.200000000000000000e+01
1.679988668796113491e+09,1.658400000000000000e+04,5.120000000000000000e+02,-7.840000000000000000e+02,-1.153000000000000000e+03,-6.220000000000000000e+02,-4.200000000000000000e+01
1.679988668796370268e+09,1.658400000000000000e+04,5.120000000000000000e+02,-7.840000000000000000e+02,-1.153000000000000000e+03,-6.220000000000000000e+02,-4.200000000000000000e+01
1.679988668796613216e+09,1.658400000000000000e+04,5.120000000000000000e+02,-7.840000000000000000e+02,-1.153000000000000000e+03,-6.220000000000000000e+02,-4.200000000000000000e+01
1.679988668796849728e+09,1.658400000000000000e+04,5.120000000000000000e+02,-7.840000000000000000e+02,-1.153000000000000000e+03,-6.220000000000000000e+02,-4.200000000000000000e+01
1.679988668797093391e+09,1.658400000000000000e+04,5.120000000000000000e+02,-7.840000000000000000e+02,-1.153000000000000000e+03,-6.220000000000000000e+02,-4.200000000000000000e+01
1.679988668797335386e+09,1.658400000000000000e+04,5.120000000000000000e+02,-7.840000000000000000e+02,-1.153000000000000000e+03,-6.220000000000000000e+02,-4.200000000000000000e+01
1.679988668797620773e+09,1.658400000000000000e+04,5.120000000000000000e+02,-7.840000000000000000e+02,-1.153000000000000000e+03,-6.220000000000000000e+02,-4.200000000000000000e+01
1.679988668797879457e+09,1.658400000000000000e+04,5.120000000000000000e+02,-7.840000000000000000e+02,-1.153000000000000000e+03,-6.220000000000000000e+02,-4.200000000000000000e+01
1.679988668798121452e+09,1.658400000000000000e+04,5.120000000000000000e+02,-7.840000000000000000e+02,-1.153000000000000000e+03,-6.220000000000000000e+02,-4.200000000000000000e+01
1.679988668798364639e+09,1.658400000000000000e+04,5.120000000000000000e+02,-7.840000000000000000e+02,-1.153000000000000000e+03,-6.220000000000000000e+02,-4.200000000000000000e+01
1.679988668798610926e+09,1.658400000000000000e+04,5.120000000000000000e+02,-7.840000000000000000e+02,-1.153000000000000000e+03,-6.220000000000000000e+02,-4.200000000000000000e+01
1.679988668798855782e+09,1.658400000000000000e+04,5.120000000000000000e+02,-7.840000000000000000e+02,-1.153000000000000000e+03,-6.220000000000000000e+02,-4.200000000000000000e+01
1.679988668799122334e+09,1.658400000000000000e+04,5.120000000000000000e+02,-7.840000000000000000e+02,-1.153000000000000000e+03,-6.220000000000000000e+02,-4.200000000000000000e+01
1.679988668799367905e+09,1.658400000000000000e+04,5.120000000000000000e+02,-7.840000000000000000e+02,-1.153000000000000000e+03,-6.220000000000000000e+02,-4.200000000000000000e+01
1.679988668799602032e+09,1.658400000000000000e+04,5.120000000000000000e+02,-7.840000000000000000e+02,-1.153000000000000000e+03,-6.220000000000000000e+02,-4.200000000000000000e+01
1.679988668799869299e+09,1.658400000000000000e+04,5.120000000000000000e+02,-7.840000000000000000e+02,-1.153000000000000000e+03,-6.220000000000000000e+02,-4.200000000000000000e+01
1.679988668800109625e+09,1.658400000000000000e+04,5.120000000000000000e+02,-7.840000000000000000e+02,-1.153000000000000000e+03,-6.220000000000000000e+02,-4.200000000000000000e+01
1.679988668800354481e+09,1.658400000000000000e+04,5.120000000000000000e+02,-7.840000000000000000e+02,-1.153000000000000000e+03,-6.220000000000000000e+02,-4.200000000000000000e+01
1.679988668800592184e+09,1.658400000000000000e+04,5.120000000000000000e+02,-7.840000000000000000e+02,-1.153000000000000000e+03,-6.220000000000000000e+02,-4.200000000000000000e+01
1.679988668800850868e+09,1.658400000000000000e+04,5.120000000000000000e+02,-7.840000000000000000e+02,-1.153000000000000000e+03,-6.220000000000000000e+02,-4.200000000000000000e+01
1.679988668801097631e+09,1.658400000000000000e+04,5.120000000000000000e+02,-7.840000000000000000e+02,-1.153000000000000000e+03,-6.220000000000000000e+02,-4.200000000000000000e+01
1.679988668801383018e+09,1.658400000000000000e+04,5.120000000000000000e+02,-7.840000000000000000e+02,-1.153000000000000000e+03,-6.220000000000000000e+02,-4.200000000000000000e+01
1.679988668801642179e+09,1.658400000000000000e+04,5.120000000000000000e+02,-7.840000000000000000e+02,-1.153000000000000000e+03,-6.220000000000000000e+02,-4.200000000000000000e+01
1.679988668802025318e+09,1.658400000000000000e+04,5.120000000000000000e+02,-7.840000000000000000e+02,-1.153000000000000000e+03,-6.220000000000000000e+02,-4.200000000000000000e+01
1.679988668802242994e+09,1.658400000000000000e+04,5.120000000000000000e+02,-7.840000000000000000e+02,-1.153000000000000000e+03,-6.220000000000000000e+02,-4.200000000000000000e+01
1.679988668802595615e+09,1.658400000000000000e+04,5.120000000000000000e+02,-7.840000000000000000e+02,-1.153000000000000000e+03,-6.220000000000000000e+02,-4.200000000000000000e+01
1.679988668802797318e+09,1.658400000000000000e+04,5.120000000000000000e+02,-7.840000000000000000e+02,-1.153000000000000000e+03,-6.220000000000000000e+02,-4.200000000000000000e+01
1.679988668802999496e+09,1.658400000000000000e+04,5.120000000000000000e+02,-7.840000000000000000e+02,-1.153000000000000000e+03,-6.220000000000000000e+02,-4.200000000000000000e+01
1.679988668803225279e+09,1.658400000000000000e+04,5.120000000000000000e+02,-7.840000000000000000e+02,-1.153000000000000000e+03,-6.220000000000000000e+02,-4.200000000000000000e+01
1.679988668803508520e+09,1.658400000000000000e+04,5.120000000000000000e+02,-7.840000000000000000e+02,-1.153000000000000000e+03,-6.220000000000000000e+02,-4.200000000000000000e+01
1.679988668803935289e+09,1.658400000000000000e+04,5.120000000000000000e+02,-7.840000000000000000e+02,-1.153000000000000000e+03,-6.220000000000000000e+02,-4.200000000000000000e+01
1.679988668804157734e+09,1.658400000000000000e+04,5.120000000000000000e+02,-7.840000000000000000e+02,-1.153000000000000000e+03,-6.220000000000000000e+02,-4.200000000000000000e+01
1.679988668804555416e+09,1.658400000000000000e+04,5.120000000000000000e+02,-7.840000000000000000e+02,-1.153000000000000000e+03,-6.220000000000000000e+02,-4.200000000000000000e+01
1.679988668804761410e+09,1.658400000000000000e+04,5.120000000000000000e+02,-7.840000000000000000e+02,-1.153000000000000000e+03,-6.220000000000000000e+02,-4.200000000000000000e+01
1.679988668804974794e+09,1.658400000000000000e+04,5.120000000000000000e+02,-7.840000000000000000e+02,-1.153000000000000000e+03,-6.220000000000000000e+02,-4.200000000000000000e+01
1.679988668805188656e+09,1.658400000000000000e+04,5.120000000000000000e+02,-7.840000000000000000e+02,-1.153000000000000000e+03,-6.220000000000000000e+02,-4.200000000000000000e+01
1.679988668805464268e+09,1.658400000000000000e+04,5.120000000000000000e+02,-7.840000000000000000e+02,-1.153000000000000000e+03,-6.220000000000000000e+02,-4.200000000000000000e+01
1.679988668805902004e+09,1.658400000000000000e+04,5.120000000000000000e+02,-7.840000000000000000e+02,-1.153000000000000000e+03,-6.220000000000000000e+02,-4.200000000000000000e+01
1.679988668806120157e+09,1.658400000000000000e+04,5.120000000000000000e+02,-7.840000000000000000e+02,-1.153000000000000000e+03,-6.220000000000000000e+02,-4.200000000000000000e+01
1.679988668806517363e+09,1.658400000000000000e+04,5.120000000000000000e+02,-7.840000000000000000e+02,-1.153000000000000000e+03,-6.220000000000000000e+02,-4.200000000000000000e+01
1.679988668806728125e+09,1.658400000000000000e+04,5.120000000000000000e+02,-7.840000000000000000e+02,-1.153000000000000000e+03,-6.220000000000000000e+02,-4.200000000000000000e+01
1.679988668806931734e+09,1.658400000000000000e+04,5.120000000000000000e+02,-7.840000000000000000e+02,-1.153000000000000000e+03,-6.220000000000000000e+02,-4.200000000000000000e+01
1.679988668807144642e+09,1.658400000000000000e+04,5.120000000000000000e+02,-7.840000000000000000e+02,-1.153000000000000000e+03,-6.220000000000000000e+02,-4.200000000000000000e+01
1.679988668807427168e+09,1.658400000000000000e+04,5.120000000000000000e+02,-7.840000000000000000e+02,-1.153000000000000000e+03,-6.220000000000000000e+02,-4.200000000000000000e+01
1.679988668807814360e+09,1.658400000000000000e+04,5.120000000000000000e+02,-7.840000000000000000e+02,-1.153000000000000000e+03,-6.220000000000000000e+02,-4.200000000000000000e+01
1.679988668808026314e+09,1.658400000000000000e+04,5.120000000000000000e+02,-7.840000000000000000e+02,-1.153000000000000000e+03,-6.220000000000000000e+02,-4.200000000000000000e+01
1.679988668808408976e+09,1.658400000000000000e+04,5.120000000000000000e+02,-7.840000000000000000e+02,-1.153000000000000000e+03,-6.220000000000000000e+02,-4.200000000000000000e+01
1.679988668808610201e+09,1.658400000000000000e+04,5.120000000000000000e+02,-7.840000000000000000e+02,-1.153000000000000000e+03,-6.220000000000000000e+02,-4.200000000000000000e+01
1.679988668808817148e+09,1.658400000000000000e+04,5.120000000000000000e+02,-7.840000000000000000e+02,-1.153000000000000000e+03,-6.220000000000000000e+02,-4.200000000000000000e+01
1.679988668809031963e+09,1.658400000000000000e+04,5.120000000000000000e+02,-7.840000000000000000e+02,-1.153000000000000000e+03,-6.220000000000000000e+02,-4.200000000000000000e+01
1.679988668809318542e+09,1.658400000000000000e+04,5.120000000000000000e+02,-7.840000000000000000e+02,-1.153000000000000000e+03,-6.220000000000000000e+02,-4.200000000000000000e+01
1.679988668809704542e+09,1.658400000000000000e+04,5.120000000000000000e+02,-7.840000000000000000e+02,-1.153000000000000000e+03,-6.220000000000000000e+02,-4.200000000000000000e+01
1.679988668809925556e+09,1.658400000000000000e+04,5.120000000000000000e+02,-7.840000000000000000e+02,-1.153000000000000000e+03,-6.220000000000000000e+02,-4.200000000000000000e+01
1.679988668810316086e+09,1.658400000000000000e+04,5.120000000000000000e+02,-7.840000000000000000e+02,-1.153000000000000000e+03,-6.220000000000000000e+02,-4.200000000000000000e+01
1.679988668810556412e+09,1.658400000000000000e+04,5.120000000000000000e+02,-7.840000000000000000e+02,-1.153000000000000000e+03,-6.220000000000000000e+02,-4.200000000000000000e+01
1.679988668810775995e+09,1.658400000000000000e+04,5.120000000000000000e+02,-7.840000000000000000e+02,-1.153000000000000000e+03,-6.220000000000000000e+02,-4.200000000000000000e+01
1.679988668810991526e+09,1.658400000000000000e+04,5.120000000000000000e+02,-7.840000000000000000e+02,-1.153000000000000000e+03,-6.220000000000000000e+02,-4.200000000000000000e+01
1.679988668811256886e+09,1.658400000000000000e+04,5.120000000000000000e+02,-7.840000000000000000e+02,-1.153000000000000000e+03,-6.220000000000000000e+02,-4.200000000000000000e+01
1.679988668811656952e+09,1.658400000000000000e+04,5.120000000000000000e+02,-7.840000000000000000e+02,-1.153000000000000000e+03,-6.220000000000000000e+02,-4.200000000000000000e+01
1.679988668811874866e+09,1.658400000000000000e+04,5.120000000000000000e+02,-7.840000000000000000e+02,-1.153000000000000000e+03,-6.220000000000000000e+02,-4.200000000000000000e+01
1.679988668812260866e+09,1.658400000000000000e+04,5.120000000000000000e+02,-7.840000000000000000e+02,-1.153000000000000000e+03,-6.220000000000000000e+02,-4.200000000000000000e+01
1.679988668812473059e+09,1.658400000000000000e+04,5.120000000000000000e+02,-7.840000000000000000e+02,-1.153000000000000000e+03,-6.220000000000000000e+02,-4.200000000000000000e+01
1.679988668812688828e+09,1.658400000000000000e+04,5.120000000000000000e+02,-7.840000000000000000e+02,-1.153000000000000000e+03,-6.220000000000000000e+02,-4.200000000000000000e+01
1.679988668812907219e+09,1.658400000000000000e+04,5.120000000000000000e+02,-7.840000000000000000e+02,-1.153000000000000000e+03,-6.220000000000000000e+02,-4.200000000000000000e+01
1.679988668813294411e+09,1.658400000000000000e+04,5.120000000000000000e+02,-7.840000000000000000e+02,-1.153000000000000000e+03,-6.220000000000000000e+02,-4.200000000000000000e+01
1.679988668813494682e+09,1.658400000000000000e+04,5.120000000000000000e+02,-7.840000000000000000e+02,-1.153000000000000000e+03,-6.220000000000000000e+02,-4.200000000000000000e+01
1.679988668813701868e+09,1.658400000000000000e+04,5.120000000000000000e+02,-7.840000000000000000e+02,-1.153000000000000000e+03,-6.220000000000000000e+02,-4.200000000000000000e+01
1.679988668813915730e+09,1.658400000000000000e+04,5.120000000000000000e+02,-7.840000000000000000e+02,-1.153000000000000000e+03,-6.220000000000000000e+02,-4.200000000000000000e+01
1.679988668814436674e+09,1.658400000000000000e+04,5.120000000000000000e+02,-7.840000000000000000e+02,-1.153000000000000000e+03,-6.220000000000000000e+02,-4.200000000000000000e+01
1.679988668814654827e+09,1.658400000000000000e+04,5.120000000000000000e+02,-7.840000000000000000e+02,-1.153000000000000000e+03,-6.220000000000000000e+02,-4.200000000000000000e+01
1.679988668815009594e+09,1.658400000000000000e+04,5.120000000000000000e+02,-7.840000000000000000e+02,-1.153000000000000000e+03,-6.220000000000000000e+02,-4.200000000000000000e+01
1.679988668815207720e+09,1.658400000000000000e+04,5.120000000000000000e+02,-7.840000000000000000e+02,-1.153000000000000000e+03,-6.220000000000000000e+02,-4.200000000000000000e+01
1.679988668815424204e+09,1.658400000000000000e+04,5.120000000000000000e+02,-7.840000000000000000e+02,-1.153000000000000000e+03,-6.220000000000000000e+02,-4.200000000000000000e+01
1.679988668815712452e+09,1.658400000000000000e+04,5.120000000000000000e+02,-7.840000000000000000e+02,-1.153000000000000000e+03,-6.220000000000000000e+02,-4.200000000000000000e+01
1.679988668815994024e+09,1.658400000000000000e+04,5.120000000000000000e+02,-7.840000000000000000e+02,-1.153000000000000000e+03,-6.220000000000000000e+02,-4.200000000000000000e+01
1.679988668816206217e+09,1.658400000000000000e+04,5.120000000000000000e+02,-7.840000000000000000e+02,-1.153000000000000000e+03,-6.220000000000000000e+02,-4.200000000000000000e+01
1.679988668816422701e+09,1.658400000000000000e+04,5.120000000000000000e+02,-7.840000000000000000e+02,-1.153000000000000000e+03,-6.220000000000000000e+02,-4.200000000000000000e+01
1.679988668816638947e+09,1.658400000000000000e+04,5.120000000000000000e+02,-7.840000000000000000e+02,-1.153000000000000000e+03,-6.220000000000000000e+02,-4.200000000000000000e+01
1.679988668816932678e+09,1.658400000000000000e+04,5.120000000000000000e+02,-7.840000000000000000e+02,-1.153000000000000000e+03,-6.220000000000000000e+02,-4.200000000000000000e+01
1.679988668817232847e+09,1.658400000000000000e+04,5.120000000000000000e+02,-7.840000000000000000e+02,-1.153000000000000000e+03,-6.220000000000000000e+02,-4.200000000000000000e+01
1.679988668817566156e+09,1.658400000000000000e+04,5.120000000000000000e+02,-7.840000000000000000e+02,-1.153000000000000000e+03,-6.220000000000000000e+02,-4.200000000000000000e+01
1.679988668817835569e+09,1.658400000000000000e+04,5.120000000000000000e+02,-7.840000000000000000e+02,-1.153000000000000000e+03,-6.220000000000000000e+02,-4.200000000000000000e+01
1.679988668818105459e+09,1.658400000000000000e+04,5.120000000000000000e+02,-7.840000000000000000e+02,-1.153000000000000000e+03,-6.220000000000000000e+02,-4.200000000000000000e+01
1.679988668818349600e+09,1.658400000000000000e+04,5.120000000000000000e+02,-7.840000000000000000e+02,-1.153000000000000000e+03,-6.220000000000000000e+02,-4.200000000000000000e+01
1.679988668818598747e+09,1.658400000000000000e+04,5.120000000000000000e+02,-7.840000000000000000e+02,-1.153000000000000000e+03,-6.220000000000000000e+02,-4.200000000000000000e+01
1.679988668818856001e+09,1.658400000000000000e+04,5.120000000000000000e+02,-7.840000000000000000e+02,-1.153000000000000000e+03,-6.220000000000000000e+02,-4.200000000000000000e+01
1.679988668819076777e+09,1.658400000000000000e+04,5.120000000000000000e+02,-7.840000000000000000e+02,-1.153000000000000000e+03,-6.220000000000000000e+02,-4.200000000000000000e+01
1.679988668819387436e+09,1.658400000000000000e+04,5.120000000000000000e+02,-7.840000000000000000e+02,-1.153000000000000000e+03,-6.220000000000000000e+02,-4.200000000000000000e+01
1.679988668819632530e+09,1.658400000000000000e+04,5.120000000000000000e+02,-7.840000000000000000e+02,-1.153000000000000000e+03,-6.220000000000000000e+02,-4.200000000000000000e+01
1.679988668819893837e+09,1.658400000000000000e+04,5.120000000000000000e+02,-7.840000000000000000e+02,-1.153000000000000000e+03,-6.220000000000000000e+02,-4.200000000000000000e+01
1.679988668820183754e+09,1.658400000000000000e+04,5.120000000000000000e+02,-7.840000000000000000e+02,-1.153000000000000000e+03,-6.220000000000000000e+02,-4.200000000000000000e+01
1.679988668820443392e+09,1.658400000000000000e+04,5.120000000000000000e+02,-7.840000000000000000e+02,-1.153000000000000000e+03,-6.220000000000000000e+02,-4.200000000000000000e+01
1.679988668820666552e+09,1.658400000000000000e+04,5.120000000000000000e+02,-7.840000000000000000e+02,-1.153000000000000000e+03,-6.220000000000000000e+02,-4.200000000000000000e+01
1.679988668820986509e+09,1.658400000000000000e+04,5.120000000000000000e+02,-7.840000000000000000e+02,-1.153000000000000000e+03,-6.220000000000000000e+02,-4.200000000000000000e+01
1.679988668821210146e+09,1.658400000000000000e+04,5.120000000000000000e+02,-7.840000000000000000e+02,-1.153000000000000000e+03,-6.220000000000000000e+02,-4.200000000000000000e+01
1.679988668821505070e+09,1.658400000000000000e+04,5.120000000000000000e+02,-7.840000000000000000e+02,-1.153000000000000000e+03,-6.220000000000000000e+02,-4.200000000000000000e+01
1.679988668821750641e+09,1.658400000000000000e+04,5.120000000000000000e+02,-7.840000000000000000e+02,-1.153000000000000000e+03,-6.220000000000000000e+02,-4.200000000000000000e+01
1.679988668822017193e+09,1.658400000000000000e+04,5.120000000000000000e+02,-7.840000000000000000e+02,-1.153000000000000000e+03,-6.220000000000000000e+02,-4.200000000000000000e+01
1.679988668822281361e+09,1.658400000000000000e+04,5.120000000000000000e+02,-7.840000000000000000e+02,-1.153000000000000000e+03,-6.220000000000000000e+02,-4.200000000000000000e+01
1.679988668822841406e+09,1.658400000000000000e+04,5.120000000000000000e+02,-7.840000000000000000e+02,-1.153000000000000000e+03,-6.220000000000000000e+02,-4.200000000000000000e+01
1.679988668823074579e+09,1.658400000000000000e+04,5.120000000000000000e+02,-7.840000000000000000e+02,-1.153000000000000000e+03,-6.220000000000000000e+02,-4.200000000000000000e+01
1.679988668823391676e+09,1.658400000000000000e+04,5.120000000000000000e+02,-7.840000000000000000e+02,-1.153000000000000000e+03,-6.220000000000000000e+02,-4.200000000000000000e+01
1.679988668823685646e+09,1.658400000000000000e+04,5.120000000000000000e+02,-7.840000000000000000e+02,-1.153000000000000000e+03,-6.220000000000000000e+02,-4.200000000000000000e+01
1.679988668823960304e+09,1.658400000000000000e+04,5.120000000000000000e+02,-7.840000000000000000e+02,-1.153000000000000000e+03,-6.220000000000000000e+02,-4.200000000000000000e+01
1.679988668824219227e+09,1.658400000000000000e+04,5.120000000000000000e+02,-7.840000000000000000e+02,-1.153000000000000000e+03,-6.220000000000000000e+02,-4.200000000000000000e+01
1.679988668824471712e+09,1.658400000000000000e+04,5.120000000000000000e+02,-7.840000000000000000e+02,-1.153000000000000000e+03,-6.220000000000000000e+02,-4.200000000000000000e+01
1.679988668824743509e+09,1.658400000000000000e+04,5.120000000000000000e+02,-7.840000000000000000e+02,-1.153000000000000000e+03,-6.220000000000000000e+02,-4.200000000000000000e+01
1.679988668825055122e+09,1.658400000000000000e+04,5.120000000000000000e+02,-7.840000000000000000e+02,-1.153000000000000000e+03,-6.220000000000000000e+02,-4.200000000000000000e+01
1.679988668825318098e+09,1.658400000000000000e+04,5.120000000000000000e+02,-7.840000000000000000e+02,-1.153000000000000000e+03,-6.220000000000000000e+02,-4.200000000000000000e+01
1.679988668825595379e+09,1.658400000000000000e+04,5.120000000000000000e+02,-7.840000000000000000e+02,-1.153000000000000000e+03,-6.220000000000000000e+02,-4.200000000000000000e+01
1.679988668825822353e+09,1.658400000000000000e+04,5.120000000000000000e+02,-7.840000000000000000e+02,-1.153000000000000000e+03,-6.220000000000000000e+02,-4.200000000000000000e+01
1.679988668826139927e+09,1.658400000000000000e+04,5.120000000000000000e+02,-7.840000000000000000e+02,-1.153000000000000000e+03,-6.220000000000000000e+02,-4.200000000000000000e+01
1.679988668826394796e+09,1.658400000000000000e+04,5.120000000000000000e+02,-7.840000000000000000e+02,-1.153000000000000000e+03,-6.220000000000000000e+02,-4.200000000000000000e+01
1.679988668826687336e+09,1.658400000000000000e+04,5.120000000000000000e+02,-7.840000000000000000e+02,-1.153000000000000000e+03,-6.220000000000000000e+02,-4.200000000000000000e+01
1.679988668826924562e+09,1.658400000000000000e+04,5.120000000000000000e+02,-7.840000000000000000e+02,-1.153000000000000000e+03,-6.220000000000000000e+02,-4.200000000000000000e+01
1.679988668827197790e+09,1.658400000000000000e+04,5.120000000000000000e+02,-7.840000000000000000e+02,-1.153000000000000000e+03,-6.220000000000000000e+02,-4.200000000000000000e+01
1.679988668827470064e+09,1.658400000000000000e+04,5.120000000000000000e+02,-7.840000000000000000e+02,-1.153000000000000000e+03,-6.220000000000000000e+02,-4.200000000000000000e+01
1.679988668827726126e+09,1.658400000000000000e+04,5.120000000000000000e+02,-7.840000000000000000e+02,-1.153000000000000000e+03,-6.220000000000000000e+02,-4.200000000000000000e+01
1.679988668827989340e+09,1.658400000000000000e+04,5.120000000000000000e+02,-7.840000000000000000e+02,-1.153000000000000000e+03,-6.220000000000000000e+02,-4.200000000000000000e+01
1.679988668828233957e+09,1.658400000000000000e+04,5.120000000000000000e+02,-7.840000000000000000e+02,-1.153000000000000000e+03,-6.220000000000000000e+02,-4.200000000000000000e+01
1.679988668828468084e+09,1.658400000000000000e+04,5.120000000000000000e+02,-7.840000000000000000e+02,-1.153000000000000000e+03,-6.220000000000000000e+02,-4.200000000000000000e+01
1.679988668829020977e+09,1.658400000000000000e+04,5.120000000000000000e+02,-7.840000000000000000e+02,-1.153000000000000000e+03,-6.220000000000000000e+02,-4.200000000000000000e+01
1.679988668829284191e+09,1.658400000000000000e+04,5.120000000000000000e+02,-7.840000000000000000e+02,-1.153000000000000000e+03,-6.220000000000000000e+02,-4.200000000000000000e+01
1.679988668829537630e+09,1.658400000000000000e+04,5.120000000000000000e+02,-7.840000000000000000e+02,-1.153000000000000000e+03,-6.220000000000000000e+02,-4.200000000000000000e+01
1.679988668830060959e+09,1.658400000000000000e+04,5.120000000000000000e+02,-7.840000000000000000e+02,-1.153000000000000000e+03,-6.220000000000000000e+02,-4.200000000000000000e+01
1.679988668830289364e+09,1.658400000000000000e+04,5.120000000000000000e+02,-7.840000000000000000e+02,-1.153000000000000000e+03,-6.220000000000000000e+02,-4.200000000000000000e+01
1.679988668830516577e+09,1.658400000000000000e+04,5.120000000000000000e+02,-7.840000000000000000e+02,-1.153000000000000000e+03,-6.220000000000000000e+02,-4.200000000000000000e+01
1.679988668830812454e+09,1.658400000000000000e+04,5.120000000000000000e+02,-7.840000000000000000e+02,-1.153000000000000000e+03,-6.220000000000000000e+02,-4.200000000000000000e+01
1.679988668831079721e+09,1.658400000000000000e+04,5.120000000000000000e+02,-7.840000000000000000e+02,-1.153000000000000000e+03,-6.220000000000000000e+02,-4.200000000000000000e+01
1.679988668831373930e+09,1.658400000000000000e+04,5.120000000000000000e+02,-7.840000000000000000e+02,-1.153000000000000000e+03,-6.220000000000000000e+02,-4.200000000000000000e+01
1.679988668831898928e+09,1.658400000000000000e+04,5.120000000000000000e+02,-7.840000000000000000e+02,-1.153000000000000000e+03,-6.220000000000000000e+02,-4.200000000000000000e+01
1.679988668832135677e+09,1.658400000000000000e+04,5.120000000000000000e+02,-7.840000000000000000e+02,-1.153000000000000000e+03,-6.220000000000000000e+02,-4.200000000000000000e+01
1.679988668832454920e+09,1.658400000000000000e+04,5.120000000000000000e+02,-7.840000000000000000e+02,-1.153000000000000000e+03,-6.220000000000000000e+02,-4.200000000000000000e+01
1.679988668832716227e+09,1.658400000000000000e+04,5.120000000000000000e+02,-7.840000000000000000e+02,-1.153000000000000000e+03,-6.220000000000000000e+02,-4.200000000000000000e+01
1.679988668833175659e+09,1.658400000000000000e+04,5.120000000000000000e+02,-7.840000000000000000e+02,-1.153000000000000000e+03,-6.220000000000000000e+02,-4.200000000000000000e+01
1.679988668833459854e+09,1.658400000000000000e+04,5.120000000000000000e+02,-7.840000000000000000e+02,-1.153000000000000000e+03,-6.220000000000000000e+02,-4.200000000000000000e+01
1.679988668833760738e+09,1.658400000000000000e+04,5.120000000000000000e+02,-7.840000000000000000e+02,-1.153000000000000000e+03,-6.220000000000000000e+02,-4.200000000000000000e+01
1.679988668833976746e+09,1.658400000000000000e+04,5.120000000000000000e+02,-7.840000000000000000e+02,-1.153000000000000000e+03,-6.220000000000000000e+02,-4.200000000000000000e+01
1.679988668834182262e+09,1.658400000000000000e+04,5.120000000000000000e+02,-7.840000000000000000e+02,-1.153000000000000000e+03,-6.220000000000000000e+02,-4.200000000000000000e+01
1.679988668834408760e+09,1.658400000000000000e+04,5.120000000000000000e+02,-7.840000000000000000e+02,-1.153000000000000000e+03,-6.220000000000000000e+02,-4.200000000000000000e+01
1.679988668834700584e+09,1.658400000000000000e+04,5.120000000000000000e+02,-7.840000000000000000e+02,-1.153000000000000000e+03,-6.220000000000000000e+02,-4.200000000000000000e+01
1.679988668835094213e+09,1.658400000000000000e+04,5.120000000000000000e+02,-7.840000000000000000e+02,-1.153000000000000000e+03,-6.220000000000000000e+02,-4.200000000000000000e+01
1.679988668835323334e+09,1.658400000000000000e+04,5.120000000000000000e+02,-7.840000000000000000e+02,-1.153000000000000000e+03,-6.220000000000000000e+02,-4.200000000000000000e+01
1.679988668835784435e+09,1.658400000000000000e+04,5.120000000000000000e+02,-7.840000000000000000e+02,-1.153000000000000000e+03,-6.220000000000000000e+02,-4.200000000000000000e+01
1.679988668835988283e+09,1.658400000000000000e+04,5.120000000000000000e+02,-7.840000000000000000e+02,-1.153000000000000000e+03,-6.220000000000000000e+02,-4.200000000000000000e+01
1.679988668836206675e+09,1.658400000000000000e+04,5.120000000000000000e+02,-7.840000000000000000e+02,-1.153000000000000000e+03,-6.220000000000000000e+02,-4.200000000000000000e+01
1.679988668836420298e+09,1.658400000000000000e+04,5.120000000000000000e+02,-7.840000000000000000e+02,-1.153000000000000000e+03,-6.220000000000000000e+02,-4.200000000000000000e+01
1.679988668836698055e+09,1.658400000000000000e+04,5.120000000000000000e+02,-7.840000000000000000e+02,-1.153000000000000000e+03,-6.220000000000000000e+02,-4.200000000000000000e+01
1.679988668837098837e+09,1.658400000000000000e+04,5.120000000000000000e+02,-7.840000000000000000e+02,-1.153000000000000000e+03,-6.220000000000000000e+02,-4.200000000000000000e+01
1.679988668837327719e+09,1.658400000000000000e+04,5.120000000000000000e+02,-7.840000000000000000e+02,-1.153000000000000000e+03,-6.220000000000000000e+02,-4.200000000000000000e+01
1.679988668837727785e+09,1.658400000000000000e+04,5.120000000000000000e+02,-7.840000000000000000e+02,-1.153000000000000000e+03,-6.220000000000000000e+02,-4.200000000000000000e+01
1.679988668837936163e+09,1.658400000000000000e+04,5.120000000000000000e+02,-7.840000000000000000e+02,-1.153000000000000000e+03,-6.220000000000000000e+02,-4.200000000000000000e+01
1.679988668838150263e+09,1.658400000000000000e+04,5.120000000000000000e+02,-7.840000000000000000e+02,-1.153000000000000000e+03,-6.220000000000000000e+02,-4.200000000000000000e+01
1.679988668838406086e+09,1.658400000000000000e+04,5.120000000000000000e+02,-7.840000000000000000e+02,-1.153000000000000000e+03,-6.220000000000000000e+02,-4.200000000000000000e+01
1.679988668838702917e+09,1.658400000000000000e+04,5.120000000000000000e+02,-7.840000000000000000e+02,-1.153000000000000000e+03,-6.220000000000000000e+02,-4.200000000000000000e+01
1.679988668839114666e+09,1.658400000000000000e+04,5.120000000000000000e+02,-7.840000000000000000e+02,-1.153000000000000000e+03,-6.220000000000000000e+02,-4.200000000000000000e+01
1.679988668839327335e+09,1.658400000000000000e+04,5.120000000000000000e+02,-7.840000000000000000e+02,-1.153000000000000000e+03,-6.220000000000000000e+02,-4.200000000000000000e+01
1.679988668839730501e+09,1.658400000000000000e+04,5.120000000000000000e+02,-7.840000000000000000e+02,-1.153000000000000000e+03,-6.220000000000000000e+02,-4.200000000000000000e+01
1.679988668839938641e+09,1.658400000000000000e+04,5.120000000000000000e+02,-7.840000000000000000e+02,-1.153000000000000000e+03,-6.220000000000000000e+02,-4.200000000000000000e+01
1.679988668840149164e+09,1.658400000000000000e+04,5.120000000000000000e+02,-7.840000000000000000e+02,-1.153000000000000000e+03,-6.220000000000000000e+02,-4.200000000000000000e+01
1.679988668840365648e+09,1.658400000000000000e+04,5.120000000000000000e+02,-7.840000000000000000e+02,-1.153000000000000000e+03,-6.220000000000000000e+02,-4.200000000000000000e+01
1.679988668840651512e+09,1.658400000000000000e+04,5.120000000000000000e+02,-7.840000000000000000e+02,-1.153000000000000000e+03,-6.220000000000000000e+02,-4.200000000000000000e+01
1.679988668841050625e+09,1.658400000000000000e+04,5.120000000000000000e+02,-7.840000000000000000e+02,-1.153000000000000000e+03,-6.220000000000000000e+02,-4.200000000000000000e+01
1.679988668841286182e+09,1.658400000000000000e+04,5.120000000000000000e+02,-7.840000000000000000e+02,-1.153000000000000000e+03,-6.220000000000000000e+02,-4.200000000000000000e+01
1.679988668841686010e+09,1.658400000000000000e+04,5.120000000000000000e+02,-7.840000000000000000e+02,-1.153000000000000000e+03,-6.220000000000000000e+02,-4.200000000000000000e+01
1.679988668841891289e+09,1.658400000000000000e+04,5.120000000000000000e+02,-7.840000000000000000e+02,-1.153000000000000000e+03,-6.220000000000000000e+02,-4.200000000000000000e+01
1.679988668842107296e+09,1.658400000000000000e+04,5.120000000000000000e+02,-7.840000000000000000e+02,-1.153000000000000000e+03,-6.220000000000000000e+02,-4.200000000000000000e+01
1.679988668842327118e+09,1.658400000000000000e+04,5.120000000000000000e+02,-7.840000000000000000e+02,-1.153000000000000000e+03,-6.220000000000000000e+02,-4.200000000000000000e+01
1.679988668842577696e+09,1.658400000000000000e+04,5.120000000000000000e+02,-7.840000000000000000e+02,-1.153000000000000000e+03,-6.220000000000000000e+02,-4.200000000000000000e+01
1.679988668843003988e+09,1.658400000000000000e+04,5.120000000000000000e+02,-7.840000000000000000e+02,-1.153000000000000000e+03,-6.220000000000000000e+02,-4.200000000000000000e+01
1.679988668843231916e+09,1.658400000000000000e+04,5.120000000000000000e+02,-7.840000000000000000e+02,-1.153000000000000000e+03,-6.220000000000000000e+02,-4.200000000000000000e+01
1.679988668843464136e+09,1.658400000000000000e+04,5.120000000000000000e+02,-7.840000000000000000e+02,-1.153000000000000000e+03,-6.220000000000000000e+02,-4.200000000000000000e+01
1.679988668843696117e+09,1.658400000000000000e+04,5.120000000000000000e+02,-7.840000000000000000e+02,-1.153000000000000000e+03,-6.220000000000000000e+02,-4.200000000000000000e+01
1.679988668844019890e+09,1.658400000000000000e+04,5.120000000000000000e+02,-7.840000000000000000e+02,-1.153000000000000000e+03,-6.220000000000000000e+02,-4.200000000000000000e+01
1.679988668844395638e+09,1.658400000000000000e+04,5.120000000000000000e+02,-7.840000000000000000e+02,-1.153000000000000000e+03,-6.220000000000000000e+02,-4.200000000000000000e+01
1.679988668844626188e+09,1.658400000000000000e+04,5.120000000000000000e+02,-7.840000000000000000e+02,-1.153000000000000000e+03,-6.220000000000000000e+02,-4.200000000000000000e+01
1.679988668844970942e+09,1.658400000000000000e+04,5.120000000000000000e+02,-7.840000000000000000e+02,-1.153000000000000000e+03,-6.220000000000000000e+02,-4.200000000000000000e+01
1.679988668845215797e+09,1.658400000000000000e+04,5.120000000000000000e+02,-7.840000000000000000e+02,-1.153000000000000000e+03,-6.220000000000000000e+02,-4.200000000000000000e+01
1.679988668845444679e+09,1.658400000000000000e+04,5.120000000000000000e+02,-7.840000000000000000e+02,-1.153000000000000000e+03,-6.220000000000000000e+02,-4.200000000000000000e+01
1.679988668845740795e+09,1.658400000000000000e+04,5.120000000000000000e+02,-7.840000000000000000e+02,-1.153000000000000000e+03,-6.220000000000000000e+02,-4.200000000000000000e+01
1.679988668846004725e+09,1.658400000000000000e+04,5.120000000000000000e+02,-7.840000000000000000e+02,-1.153000000000000000e+03,-6.220000000000000000e+02,-4.200000000000000000e+01
1.679988668846279860e+09,1.658400000000000000e+04,5.120000000000000000e+02,-7.840000000000000000e+02,-1.153000000000000000e+03,-6.220000000000000000e+02,-4.200000000000000000e+01
1.679988668846623659e+09,1.658400000000000000e+04,5.120000000000000000e+02,-7.840000000000000000e+02,-1.153000000000000000e+03,-6.220000000000000000e+02,-4.200000000000000000e+01
1.679988668846857071e+09,1.658400000000000000e+04,5.120000000000000000e+02,-7.840000000000000000e+02,-1.153000000000000000e+03,-6.220000000000000000e+02,-4.200000000000000000e+01
1.679988668847181320e+09,1.658400000000000000e+04,5.120000000000000000e+02,-7.840000000000000000e+02,-1.153000000000000000e+03,-6.220000000000000000e+02,-4.200000000000000000e+01
1.679988668847430944e+09,1.658400000000000000e+04,5.120000000000000000e+02,-7.840000000000000000e+02,-1.153000000000000000e+03,-6.220000000000000000e+02,-4.200000000000000000e+01
1.679988668847689629e+09,1.658400000000000000e+04,5.120000000000000000e+02,-7.840000000000000000e+02,-1.153000000000000000e+03,-6.220000000000000000e+02,-4.200000000000000000e+01
1.679988668847994089e+09,1.658400000000000000e+04,5.120000000000000000e+02,-7.840000000000000000e+02,-1.153000000000000000e+03,-6.220000000000000000e+02,-4.200000000000000000e+01
1.679988668848244905e+09,1.658400000000000000e+04,5.120000000000000000e+02,-7.840000000000000000e+02,-1.153000000000000000e+03,-6.220000000000000000e+02,-4.200000000000000000e+01
1.679988668848464727e+09,1.658400000000000000e+04,5.120000000000000000e+02,-7.840000000000000000e+02,-1.153000000000000000e+03,-6.220000000000000000e+02,-4.200000000000000000e+01
1.679988668848782539e+09,1.658400000000000000e+04,5.120000000000000000e+02,-7.840000000000000000e+02,-1.153000000000000000e+03,-6.220000000000000000e+02,-4.200000000000000000e+01
1.679988668849024773e+09,1.658400000000000000e+04,5.120000000000000000e+02,-7.840000000000000000e+02,-1.153000000000000000e+03,-6.220000000000000000e+02,-4.200000000000000000e+01
1.679988668849265814e+09,1.658400000000000000e+04,5.120000000000000000e+02,-7.840000000000000000e+02,-1.153000000000000000e+03,-6.220000000000000000e+02,-4.200000000000000000e+01
1.679988668849595785e+09,1.658400000000000000e+04,5.120000000000000000e+02,-7.840000000000000000e+02,-1.153000000000000000e+03,-6.220000000000000000e+02,-4.200000000000000000e+01
1.679988668849838495e+09,1.658400000000000000e+04,5.120000000000000000e+02,-7.840000000000000000e+02,-1.153000000000000000e+03,-6.220000000000000000e+02,-4.200000000000000000e+01
1.679988668850076199e+09,1.658400000000000000e+04,5.120000000000000000e+02,-7.840000000000000000e+02,-1.153000000000000000e+03,-6.220000000000000000e+02,-4.200000000000000000e+01
1.679988668850395203e+09,1.658400000000000000e+04,5.120000000000000000e+02,-7.840000000000000000e+02,-1.153000000000000000e+03,-6.220000000000000000e+02,-4.200000000000000000e+01
1.679988668850642204e+09,1.658400000000000000e+04,5.120000000000000000e+02,-7.840000000000000000e+02,-1.153000000000000000e+03,-6.220000000000000000e+02,-4.200000000000000000e+01
1.679988668850952864e+09,1.658400000000000000e+04,5.120000000000000000e+02,-7.840000000000000000e+02,-1.153000000000000000e+03,-6.220000000000000000e+02,-4.200000000000000000e+01
1.679988668851193666e+09,1.658400000000000000e+04,5.120000000000000000e+02,-7.840000000000000000e+02,-1.153000000000000000e+03,-6.220000000000000000e+02,-4.200000000000000000e+01
1.679988668851460934e+09,1.658400000000000000e+04,5.120000000000000000e+02,-7.840000000000000000e+02,-1.153000000000000000e+03,-6.220000000000000000e+02,-4.200000000000000000e+01
1.679988668851761341e+09,1.658400000000000000e+04,5.120000000000000000e+02,-7.840000000000000000e+02,-1.153000000000000000e+03,-6.220000000000000000e+02,-4.200000000000000000e+01
1.679988668852046967e+09,1.658400000000000000e+04,5.120000000000000000e+02,-7.840000000000000000e+02,-1.153000000000000000e+03,-6.220000000000000000e+02,-4.200000000000000000e+01
1.679988668852307558e+09,1.658400000000000000e+04,5.120000000000000000e+02,-7.840000000000000000e+02,-1.153000000000000000e+03,-6.220000000000000000e+02,-4.200000000000000000e+01
1.679988668852572918e+09,1.658400000000000000e+04,5.120000000000000000e+02,-7.840000000000000000e+02,-1.153000000000000000e+03,-6.220000000000000000e+02,-4.200000000000000000e+01
1.679988668852835178e+09,1.658400000000000000e+04,5.120000000000000000e+02,-7.840000000000000000e+02,-1.153000000000000000e+03,-6.220000000000000000e+02,-4.200000000000000000e+01
1.679988668853104830e+09,1.658400000000000000e+04,5.120000000000000000e+02,-7.840000000000000000e+02,-1.153000000000000000e+03,-6.220000000000000000e+02,-4.200000000000000000e+01
1.679988668853356123e+09,1.658400000000000000e+04,5.120000000000000000e+02,-7.840000000000000000e+02,-1.153000000000000000e+03,-6.220000000000000000e+02,-4.200000000000000000e+01
1.679988668853612185e+09,1.658400000000000000e+04,5.120000000000000000e+02,-7.840000000000000000e+02,-1.153000000000000000e+03,-6.220000000000000000e+02,-4.200000000000000000e+01
1.679988668853866577e+09,1.658400000000000000e+04,5.120000000000000000e+02,-7.840000000000000000e+02,-1.153000000000000000e+03,-6.220000000000000000e+02,-4.200000000000000000e+01
1.679988668854117870e+09,1.658400000000000000e+04,5.120000000000000000e+02,-7.840000000000000000e+02,-1.153000000000000000e+03,-6.220000000000000000e+02,-4.200000000000000000e+01
1.679988668854416847e+09,1.658400000000000000e+04,5.120000000000000000e+02,-7.840000000000000000e+02,-1.153000000000000000e+03,-6.220000000000000000e+02,-4.200000000000000000e+01
1.679988668854646921e+09,1.658400000000000000e+04,5.120000000000000000e+02,-7.840000000000000000e+02,-1.153000000000000000e+03,-6.220000000000000000e+02,-4.200000000000000000e+01
1.679988668854979277e+09,1.658400000000000000e+04,5.120000000000000000e+02,-7.840000000000000000e+02,-1.153000000000000000e+03,-6.220000000000000000e+02,-4.200000000000000000e+01
1.679988668855255604e+09,1.658400000000000000e+04,5.120000000000000000e+02,-7.840000000000000000e+02,-1.153000000000000000e+03,-6.220000000000000000e+02,-4.200000000000000000e+01
1.679988668855554104e+09,1.658400000000000000e+04,5.120000000000000000e+02,-7.840000000000000000e+02,-1.153000000000000000e+03,-6.220000000000000000e+02,-4.200000000000000000e+01
1.679988668855822563e+09,1.658400000000000000e+04,5.120000000000000000e+02,-7.840000000000000000e+02,-1.153000000000000000e+03,-6.220000000000000000e+02,-4.200000000000000000e+01
1.679988668856112719e+09,1.658400000000000000e+04,5.120000000000000000e+02,-7.840000000000000000e+02,-1.153000000000000000e+03,-6.220000000000000000e+02,-4.200000000000000000e+01
1.679988668856389046e+09,1.658400000000000000e+04,5.120000000000000000e+02,-7.840000000000000000e+02,-1.153000000000000000e+03,-6.220000000000000000e+02,-4.200000000000000000e+01
1.679988668856624603e+09,1.658400000000000000e+04,5.120000000000000000e+02,-7.840000000000000000e+02,-1.153000000000000000e+03,-6.220000000000000000e+02,-4.200000000000000000e+01
1.679988668856938601e+09,1.658400000000000000e+04,5.120000000000000000e+02,-7.840000000000000000e+02,-1.153000000000000000e+03,-6.220000000000000000e+02,-4.200000000000000000e+01
1.679988668857201099e+09,1.658400000000000000e+04,5.120000000000000000e+02,-7.840000000000000000e+02,-1.153000000000000000e+03,-6.220000000000000000e+02,-4.200000000000000000e+01
1.679988668857446432e+09,1.658400000000000000e+04,5.120000000000000000e+02,-7.840000000000000000e+02,-1.153000000000000000e+03,-6.220000000000000000e+02,-4.200000000000000000e+01
1.679988668857978344e+09,1.658400000000000000e+04,5.120000000000000000e+02,-7.840000000000000000e+02,-1.153000000000000000e+03,-6.220000000000000000e+02,-4.200000000000000000e+01
1.679988668858221292e+09,1.658400000000000000e+04,5.120000000000000000e+02,-7.840000000000000000e+02,-1.153000000000000000e+03,-6.220000000000000000e+02,-4.200000000000000000e+01
1.679988668858555079e+09,1.658400000000000000e+04,5.120000000000000000e+02,-7.840000000000000000e+02,-1.153000000000000000e+03,-6.220000000000000000e+02,-4.200000000000000000e+01
1.679988668858828545e+09,1.658400000000000000e+04,5.120000000000000000e+02,-7.840000000000000000e+02,-1.153000000000000000e+03,-6.220000000000000000e+02,-4.200000000000000000e+01
1.679988668859069347e+09,1.658400000000000000e+04,5.120000000000000000e+02,-7.840000000000000000e+02,-1.153000000000000000e+03,-6.220000000000000000e+02,-4.200000000000000000e+01
1.679988668859400511e+09,1.658400000000000000e+04,5.120000000000000000e+02,-7.840000000000000000e+02,-1.153000000000000000e+03,-6.220000000000000000e+02,-4.200000000000000000e+01
1.679988668859655380e+09,1.658400000000000000e+04,5.120000000000000000e+02,-7.840000000000000000e+02,-1.153000000000000000e+03,-6.220000000000000000e+02,-4.200000000000000000e+01
1.679988668859918118e+09,1.658400000000000000e+04,5.120000000000000000e+02,-7.840000000000000000e+02,-1.153000000000000000e+03,-6.220000000000000000e+02,-4.200000000000000000e+01
1.679988668860178947e+09,1.658400000000000000e+04,5.120000000000000000e+02,-7.840000000000000000e+02,-1.153000000000000000e+03,-6.220000000000000000e+02,-4.200000000000000000e+01
1.679988668860449076e+09,1.658400000000000000e+04,5.120000000000000000e+02,-7.840000000000000000e+02,-1.153000000000000000e+03,-6.220000000000000000e+02,-4.200000000000000000e+01
1.679988668860671759e+09,1.658400000000000000e+04,5.120000000000000000e+02,-7.840000000000000000e+02,-1.153000000000000000e+03,-6.220000000000000000e+02,-4.200000000000000000e+01
1.679988668860986710e+09,1.658400000000000000e+04,5.120000000000000000e+02,-7.840000000000000000e+02,-1.153000000000000000e+03,-6.220000000000000000e+02,-4.200000000000000000e+01
1.679988668861239433e+09,1.658400000000000000e+04,5.120000000000000000e+02,-7.840000000000000000e+02,-1.153000000000000000e+03,-6.220000000000000000e+02,-4.200000000000000000e+01
1.679988668861461878e+09,1.658400000000000000e+04,5.120000000000000000e+02,-7.840000000000000000e+02,-1.153000000000000000e+03,-6.220000000000000000e+02,-4.200000000000000000e+01
1.679988668861790895e+09,1.658400000000000000e+04,5.120000000000000000e+02,-7.840000000000000000e+02,-1.153000000000000000e+03,-6.220000000000000000e+02,-4.200000000000000000e+01
1.679988668862095833e+09,1.658400000000000000e+04,5.120000000000000000e+02,-7.840000000000000000e+02,-1.153000000000000000e+03,-6.220000000000000000e+02,-4.200000000000000000e+01
1.679988668862362862e+09,1.658400000000000000e+04,5.120000000000000000e+02,-7.840000000000000000e+02,-1.153000000000000000e+03,-6.220000000000000000e+02,-4.200000000000000000e+01
1.679988668862734318e+09,1.658400000000000000e+04,5.120000000000000000e+02,-7.840000000000000000e+02,-1.153000000000000000e+03,-6.220000000000000000e+02,-4.200000000000000000e+01
1.679988668862967491e+09,1.658400000000000000e+04,5.120000000000000000e+02,-7.840000000000000000e+02,-1.153000000000000000e+03,-6.220000000000000000e+02,-4.200000000000000000e+01
1.679988668863347292e+09,1.658400000000000000e+04,5.120000000000000000e+02,-7.840000000000000000e+02,-1.153000000000000000e+03,-6.220000000000000000e+02,-4.200000000000000000e+01
1.679988668863552570e+09,1.658400000000000000e+04,5.120000000000000000e+02,-7.840000000000000000e+02,-1.153000000000000000e+03,-6.220000000000000000e+02,-4.200000000000000000e+01
1.679988668863786936e+09,1.658400000000000000e+04,5.120000000000000000e+02,-7.840000000000000000e+02,-1.153000000000000000e+03,-6.220000000000000000e+02,-4.200000000000000000e+01
1.679988668864025593e+09,1.658400000000000000e+04,5.120000000000000000e+02,-7.840000000000000000e+02,-1.153000000000000000e+03,-6.220000000000000000e+02,-4.200000000000000000e+01
1.679988668864298820e+09,1.658400000000000000e+04,5.120000000000000000e+02,-7.840000000000000000e+02,-1.153000000000000000e+03,-6.220000000000000000e+02,-4.200000000000000000e+01
1.679988668864701748e+09,1.658400000000000000e+04,5.120000000000000000e+02,-7.840000000000000000e+02,-1.153000000000000000e+03,-6.220000000000000000e+02,-4.200000000000000000e+01
1.679988668864975691e+09,1.658400000000000000e+04,5.120000000000000000e+02,-7.840000000000000000e+02,-1.153000000000000000e+03,-6.220000000000000000e+02,-4.200000000000000000e+01
1.679988668865413189e+09,1.658400000000000000e+04,5.120000000000000000e+02,-7.840000000000000000e+02,-1.153000000000000000e+03,-6.220000000000000000e+02,-4.200000000000000000e+01
1.679988668865674496e+09,1.658400000000000000e+04,5.120000000000000000e+02,-7.840000000000000000e+02,-1.153000000000000000e+03,-6.220000000000000000e+02,-4.200000000000000000e+01
1.679988668865914106e+09,1.658400000000000000e+04,5.120000000000000000e+02,-7.840000000000000000e+02,-1.153000000000000000e+03,-6.220000000000000000e+02,-4.200000000000000000e+01
1.679988668866135836e+09,1.658400000000000000e+04,5.120000000000000000e+02,-7.840000000000000000e+02,-1.153000000000000000e+03,-6.220000000000000000e+02,-4.200000000000000000e+01
1.679988668866391897e+09,1.658400000000000000e+04,5.120000000000000000e+02,-7.840000000000000000e+02,-1.153000000000000000e+03,-6.220000000000000000e+02,-4.200000000000000000e+01
1.679988668866780519e+09,1.658400000000000000e+04,5.120000000000000000e+02,-7.840000000000000000e+02,-1.153000000000000000e+03,-6.220000000000000000e+02,-4.200000000000000000e+01
1.679988668867010117e+09,1.658400000000000000e+04,5.120000000000000000e+02,-7.840000000000000000e+02,-1.153000000000000000e+03,-6.220000000000000000e+02,-4.200000000000000000e+01
1.679988668867434740e+09,1.658400000000000000e+04,5.120000000000000000e+02,-7.840000000000000000e+02,-1.153000000000000000e+03,-6.220000000000000000e+02,-4.200000000000000000e+01
1.679988668867655277e+09,1.658400000000000000e+04,5.120000000000000000e+02,-7.840000000000000000e+02,-1.153000000000000000e+03,-6.220000000000000000e+02,-4.200000000000000000e+01
1.679988668867863894e+09,1.658400000000000000e+04,5.120000000000000000e+02,-7.840000000000000000e+02,-1.153000000000000000e+03,-6.220000000000000000e+02,-4.200000000000000000e+01
1.679988668868094206e+09,1.658400000000000000e+04,5.120000000000000000e+02,-7.840000000000000000e+02,-1.153000000000000000e+03,-6.220000000000000000e+02,-4.200000000000000000e+01
1.679988668868367672e+09,1.658400000000000000e+04,5.120000000000000000e+02,-7.840000000000000000e+02,-1.153000000000000000e+03,-6.220000000000000000e+02,-4.200000000000000000e+01
1.679988668868777037e+09,1.658400000000000000e+04,5.120000000000000000e+02,-7.840000000000000000e+02,-1.153000000000000000e+03,-6.220000000000000000e+02,-4.200000000000000000e+01
1.679988668869002581e+09,1.658400000000000000e+04,5.120000000000000000e+02,-7.840000000000000000e+02,-1.153000000000000000e+03,-6.220000000000000000e+02,-4.200000000000000000e+01
1.679988668869432688e+09,1.658400000000000000e+04,5.120000000000000000e+02,-7.840000000000000000e+02,-1.153000000000000000e+03,-6.220000000000000000e+02,-4.200000000000000000e+01
1.679988668869641781e+09,1.658400000000000000e+04,5.120000000000000000e+02,-7.840000000000000000e+02,-1.153000000000000000e+03,-6.220000000000000000e+02,-4.200000000000000000e+01
1.679988668869859695e+09,1.658400000000000000e+04,5.120000000000000000e+02,-7.840000000000000000e+02,-1.153000000000000000e+03,-6.220000000000000000e+02,-4.200000000000000000e+01
1.679988668870082855e+09,1.658400000000000000e+04,5.120000000000000000e+02,-7.840000000000000000e+02,-1.153000000000000000e+03,-6.220000000000000000e+02,-4.200000000000000000e+01
1.679988668870363712e+09,1.658400000000000000e+04,5.120000000000000000e+02,-7.840000000000000000e+02,-1.153000000000000000e+03,-6.220000000000000000e+02,-4.200000000000000000e+01
1.679988668870801210e+09,1.658400000000000000e+04,5.120000000000000000e+02,-7.840000000000000000e+02,-1.153000000000000000e+03,-6.220000000000000000e+02,-4.200000000000000000e+01
1.679988668871038437e+09,1.658400000000000000e+04,5.120000000000000000e+02,-7.840000000000000000e+02,-1.153000000000000000e+03,-6.220000000000000000e+02,-4.200000000000000000e+01
1.679988668871451139e+09,1.658400000000000000e+04,5.120000000000000000e+02,-7.840000000000000000e+02,-1.153000000000000000e+03,-6.220000000000000000e+02,-4.200000000000000000e+01
1.679988668871667624e+09,1.658400000000000000e+04,5.120000000000000000e+02,-7.840000000000000000e+02,-1.153000000000000000e+03,-6.220000000000000000e+02,-4.200000000000000000e+01
1.679988668871896744e+09,1.658400000000000000e+04,5.120000000000000000e+02,-7.840000000000000000e+02,-1.153000000000000000e+03,-6.220000000000000000e+02,-4.200000000000000000e+01
1.679988668872157812e+09,1.658400000000000000e+04,5.120000000000000000e+02,-7.840000000000000000e+02,-1.153000000000000000e+03,-6.220000000000000000e+02,-4.200000000000000000e+01
1.679988668872438669e+09,1.658400000000000000e+04,5.120000000000000000e+02,-7.840000000000000000e+02,-1.153000000000000000e+03,-6.220000000000000000e+02,-4.200000000000000000e+01
1.679988668872866154e+09,1.658400000000000000e+04,5.120000000000000000e+02,-7.840000000000000000e+02,-1.153000000000000000e+03,-6.220000000000000000e+02,-4.200000000000000000e+01
1.679988668873082161e+09,1.658400000000000000e+04,5.120000000000000000e+02,-7.840000000000000000e+02,-1.153000000000000000e+03,-6.220000000000000000e+02,-4.200000000000000000e+01
1.679988668873530388e+09,1.658400000000000000e+04,5.120000000000000000e+02,-7.840000000000000000e+02,-1.153000000000000000e+03,-6.220000000000000000e+02,-4.200000000000000000e+01
1.679988668873750210e+09,1.658400000000000000e+04,5.120000000000000000e+02,-7.840000000000000000e+02,-1.153000000000000000e+03,-6.220000000000000000e+02,-4.200000000000000000e+01
1.679988668873971462e+09,1.658400000000000000e+04,5.120000000000000000e+02,-7.840000000000000000e+02,-1.153000000000000000e+03,-6.220000000000000000e+02,-4.200000000000000000e+01
1.679988668874200821e+09,1.658400000000000000e+04,5.120000000000000000e+02,-7.840000000000000000e+02,-1.153000000000000000e+03,-6.220000000000000000e+02,-4.200000000000000000e+01
1.679988668874604702e+09,1.658400000000000000e+04,5.120000000000000000e+02,-7.840000000000000000e+02,-1.153000000000000000e+03,-6.220000000000000000e+02,-4.200000000000000000e+01
1.679988668874811172e+09,1.658400000000000000e+04,5.120000000000000000e+02,-7.840000000000000000e+02,-1.153000000000000000e+03,-6.220000000000000000e+02,-4.200000000000000000e+01
1.679988668875026703e+09,1.658400000000000000e+04,5.120000000000000000e+02,-7.840000000000000000e+02,-1.153000000000000000e+03,-6.220000000000000000e+02,-4.200000000000000000e+01
1.679988668875262022e+09,1.658400000000000000e+04,5.120000000000000000e+02,-7.840000000000000000e+02,-1.153000000000000000e+03,-6.220000000000000000e+02,-4.200000000000000000e+01
1.679988668875648975e+09,1.658400000000000000e+04,5.120000000000000000e+02,-7.840000000000000000e+02,-1.153000000000000000e+03,-6.220000000000000000e+02,-4.200000000000000000e+01
1.679988668875887156e+09,1.658400000000000000e+04,5.120000000000000000e+02,-7.840000000000000000e+02,-1.153000000000000000e+03,-6.220000000000000000e+02,-4.200000000000000000e+01
1.679988668876112223e+09,1.658400000000000000e+04,5.120000000000000000e+02,-7.840000000000000000e+02,-1.153000000000000000e+03,-6.220000000000000000e+02,-4.200000000000000000e+01
1.679988668876484871e+09,1.658400000000000000e+04,5.120000000000000000e+02,-7.840000000000000000e+02,-1.153000000000000000e+03,-6.220000000000000000e+02,-4.200000000000000000e+01
1.679988668876697063e+09,1.658400000000000000e+04,5.120000000000000000e+02,-7.840000000000000000e+02,-1.153000000000000000e+03,-6.220000000000000000e+02,-4.200000000000000000e+01
1.679988668876919985e+09,1.658400000000000000e+04,5.120000000000000000e+02,-7.840000000000000000e+02,-1.153000000000000000e+03,-6.220000000000000000e+02,-4.200000000000000000e+01
1.679988668877151012e+09,1.658400000000000000e+04,5.120000000000000000e+02,-7.840000000000000000e+02,-1.153000000000000000e+03,-6.220000000000000000e+02,-4.200000000000000000e+01
1.679988668877461910e+09,1.658400000000000000e+04,5.120000000000000000e+02,-7.840000000000000000e+02,-1.153000000000000000e+03,-6.220000000000000000e+02,-4.200000000000000000e+01
1.679988668877696753e+09,1.658400000000000000e+04,5.120000000000000000e+02,-7.840000000000000000e+02,-1.153000000000000000e+03,-6.220000000000000000e+02,-4.200000000000000000e+01
1.679988668877923489e+09,1.658400000000000000e+04,5.120000000000000000e+02,-7.840000000000000000e+02,-1.153000000000000000e+03,-6.220000000000000000e+02,-4.200000000000000000e+01
1.679988668878174782e+09,1.658400000000000000e+04,5.120000000000000000e+02,-7.840000000000000000e+02,-1.153000000000000000e+03,-6.220000000000000000e+02,-4.200000000000000000e+01
1.679988668878403187e+09,1.658400000000000000e+04,5.120000000000000000e+02,-7.840000000000000000e+02,-1.153000000000000000e+03,-6.220000000000000000e+02,-4.200000000000000000e+01
1.679988668878716946e+09,1.658400000000000000e+04,5.120000000000000000e+02,-7.840000000000000000e+02,-1.153000000000000000e+03,-6.220000000000000000e+02,-4.200000000000000000e+01
1.679988668878988504e+09,1.658400000000000000e+04,5.120000000000000000e+02,-7.840000000000000000e+02,-1.153000000000000000e+03,-6.220000000000000000e+02,-4.200000000000000000e+01
1.679988668879317999e+09,1.658400000000000000e+04,5.120000000000000000e+02,-7.840000000000000000e+02,-1.153000000000000000e+03,-6.220000000000000000e+02,-4.200000000000000000e+01
1.679988668879619360e+09,1.658400000000000000e+04,5.120000000000000000e+02,-7.840000000000000000e+02,-1.153000000000000000e+03,-6.220000000000000000e+02,-4.200000000000000000e+01
1.679988668879905462e+09,1.658400000000000000e+04,5.120000000000000000e+02,-7.840000000000000000e+02,-1.153000000000000000e+03,-6.220000000000000000e+02,-4.200000000000000000e+01
1.679988668880168915e+09,1.658400000000000000e+04,5.120000000000000000e+02,-7.840000000000000000e+02,-1.153000000000000000e+03,-6.220000000000000000e+02,-4.200000000000000000e+01
1.679988668880723953e+09,1.658400000000000000e+04,5.120000000000000000e+02,-7.840000000000000000e+02,-1.153000000000000000e+03,-6.220000000000000000e+02,-4.200000000000000000e+01
1.679988668880997658e+09,1.658400000000000000e+04,5.120000000000000000e+02,-7.840000000000000000e+02,-1.153000000000000000e+03,-6.220000000000000000e+02,-4.200000000000000000e+01
1.679988668881244898e+09,1.658400000000000000e+04,5.120000000000000000e+02,-7.840000000000000000e+02,-1.153000000000000000e+03,-6.220000000000000000e+02,-4.200000000000000000e+01
1.679988668881571770e+09,1.658400000000000000e+04,5.120000000000000000e+02,-7.840000000000000000e+02,-1.153000000000000000e+03,-6.220000000000000000e+02,-4.200000000000000000e+01
1.679988668881850481e+09,1.658400000000000000e+04,5.120000000000000000e+02,-7.840000000000000000e+02,-1.153000000000000000e+03,-6.220000000000000000e+02,-4.200000000000000000e+01
1.679988668882116079e+09,1.658400000000000000e+04,5.120000000000000000e+02,-7.840000000000000000e+02,-1.153000000000000000e+03,-6.220000000000000000e+02,-4.200000000000000000e+01
1.679988668882373810e+09,1.658400000000000000e+04,5.120000000000000000e+02,-7.840000000000000000e+02,-1.153000000000000000e+03,-6.220000000000000000e+02,-4.200000000000000000e+01
1.679988668882698536e+09,1.658400000000000000e+04,5.120000000000000000e+02,-7.840000000000000000e+02,-1.153000000000000000e+03,-6.220000000000000000e+02,-4.200000000000000000e+01
1.679988668882946253e+09,1.658400000000000000e+04,5.120000000000000000e+02,-7.840000000000000000e+02,-1.153000000000000000e+03,-6.220000000000000000e+02,-4.200000000000000000e+01
1.679988668883268833e+09,1.658400000000000000e+04,5.120000000000000000e+02,-7.840000000000000000e+02,-1.153000000000000000e+03,-6.220000000000000000e+02,-4.200000000000000000e+01
1.679988668883563757e+09,1.658400000000000000e+04,5.120000000000000000e+02,-7.840000000000000000e+02,-1.153000000000000000e+03,-6.220000000000000000e+02,-4.200000000000000000e+01
1.679988668883839846e+09,1.658400000000000000e+04,5.120000000000000000e+02,-7.840000000000000000e+02,-1.153000000000000000e+03,-6.220000000000000000e+02,-4.200000000000000000e+01
1.679988668884114027e+09,1.658400000000000000e+04,5.120000000000000000e+02,-7.840000000000000000e+02,-1.153000000000000000e+03,-6.220000000000000000e+02,-4.200000000000000000e+01
1.679988668884368420e+09,1.658400000000000000e+04,5.120000000000000000e+02,-7.840000000000000000e+02,-1.153000000000000000e+03,-6.220000000000000000e+02,-4.200000000000000000e+01
1.679988668884623766e+09,1.658400000000000000e+04,5.120000000000000000e+02,-7.840000000000000000e+02,-1.153000000000000000e+03,-6.220000000000000000e+02,-4.200000000000000000e+01
1.679988668884920597e+09,1.658400000000000000e+04,5.120000000000000000e+02,-7.840000000000000000e+02,-1.153000000000000000e+03,-6.220000000000000000e+02,-4.200000000000000000e+01
1.679988668885189056e+09,1.658400000000000000e+04,5.120000000000000000e+02,-7.840000000000000000e+02,-1.153000000000000000e+03,-6.220000000000000000e+02,-4.200000000000000000e+01
1.679988668885803699e+09,1.658400000000000000e+04,5.120000000000000000e+02,-7.840000000000000000e+02,-1.153000000000000000e+03,-6.220000000000000000e+02,-4.200000000000000000e+01
1.679988668886068106e+09,1.658400000000000000e+04,5.120000000000000000e+02,-7.840000000000000000e+02,-1.153000000000000000e+03,-6.220000000000000000e+02,-4.200000000000000000e+01
1.679988668886331797e+09,1.658400000000000000e+04,5.120000000000000000e+02,-7.840000000000000000e+02,-1.153000000000000000e+03,-6.220000000000000000e+02,-4.200000000000000000e+01
1.679988668886602640e+09,1.658400000000000000e+04,5.120000000000000000e+02,-7.840000000000000000e+02,-1.153000000000000000e+03,-6.220000000000000000e+02,-4.200000000000000000e+01
1.679988668886916637e+09,1.658400000000000000e+04,5.120000000000000000e+02,-7.840000000000000000e+02,-1.153000000000000000e+03,-6.220000000000000000e+02,-4.200000000000000000e+01
1.679988668887240171e+09,1.658400000000000000e+04,5.120000000000000000e+02,-7.840000000000000000e+02,-1.153000000000000000e+03,-6.220000000000000000e+02,-4.200000000000000000e+01
1.679988668887472868e+09,1.658400000000000000e+04,5.120000000000000000e+02,-7.840000000000000000e+02,-1.153000000000000000e+03,-6.220000000000000000e+02,-4.200000000000000000e+01
1.679988668887812853e+09,1.658400000000000000e+04,5.120000000000000000e+02,-7.840000000000000000e+02,-1.153000000000000000e+03,-6.220000000000000000e+02,-4.200000000000000000e+01
1.679988668889949799e+09,1.658400000000000000e+04,5.120000000000000000e+02,-7.840000000000000000e+02,-1.153000000000000000e+03,-6.220000000000000000e+02,-4.200000000000000000e+01
1.679988668892303467e+09,1.658400000000000000e+04,5.120000000000000000e+02,-7.840000000000000000e+02,-1.153000000000000000e+03,-6.220000000000000000e+02,-4.200000000000000000e+01
1.679988668896327972e+09,1.658400000000000000e+04,5.120000000000000000e+02,-7.840000000000000000e+02,-1.153000000000000000e+03,-6.220000000000000000e+02,-4.200000000000000000e+01
1.679988668896759272e+09,1.658400000000000000e+04,5.120000000000000000e+02,-7.840000000000000000e+02,-1.153000000000000000e+03,-6.220000000000000000e+02,-4.200000000000000000e+01
1.679988668897249937e+09,1.658400000000000000e+04,5.120000000000000000e+02,-7.840000000000000000e+02,-1.153000000000000000e+03,-6.220000000000000000e+02,-4.200000000000000000e+01
1.679988668897520065e+09,1.658400000000000000e+04,5.120000000000000000e+02,-7.840000000000000000e+02,-1.153000000000000000e+03,-6.220000000000000000e+02,-4.200000000000000000e+01
1.679988668897838354e+09,1.658400000000000000e+04,5.120000000000000000e+02,-7.840000000000000000e+02,-1.153000000000000000e+03,-6.220000000000000000e+02,-4.200000000000000000e+01
1.679988668898045301e+09,1.658400000000000000e+04,5.120000000000000000e+02,-7.840000000000000000e+02,-1.153000000000000000e+03,-6.220000000000000000e+02,-4.200000000000000000e+01
1.679988668898260117e+09,1.658400000000000000e+04,5.120000000000000000e+02,-7.840000000000000000e+02,-1.153000000000000000e+03,-6.220000000000000000e+02,-4.200000000000000000e+01
1.679988668898502827e+09,1.658400000000000000e+04,5.120000000000000000e+02,-7.840000000000000000e+02,-1.153000000000000000e+03,-6.220000000000000000e+02,-4.200000000000000000e+01
1.679988668898754358e+09,1.658400000000000000e+04,5.120000000000000000e+02,-7.840000000000000000e+02,-1.153000000000000000e+03,-6.220000000000000000e+02,-4.200000000000000000e+01
1.679988668899010897e+09,1.658400000000000000e+04,5.120000000000000000e+02,-7.840000000000000000e+02,-1.153000000000000000e+03,-6.220000000000000000e+02,-4.200000000000000000e+01
1.679988668899454832e+09,1.658400000000000000e+04,5.120000000000000000e+02,-7.840000000000000000e+02,-1.153000000000000000e+03,-6.220000000000000000e+02,-4.200000000000000000e+01
1.679988668899690390e+09,1.658400000000000000e+04,5.120000000000000000e+02,-7.840000000000000000e+02,-1.153000000000000000e+03,-6.220000000000000000e+02,-4.200000000000000000e+01
1.679988668900150299e+09,1.658400000000000000e+04,5.120000000000000000e+02,-7.840000000000000000e+02,-1.153000000000000000e+03,-6.220000000000000000e+02,-4.200000000000000000e+01
1.679988668900372028e+09,1.658400000000000000e+04,5.120000000000000000e+02,-7.840000000000000000e+02,-1.153000000000000000e+03,-6.220000000000000000e+02,-4.200000000000000000e+01
1.679988668900592327e+09,1.658400000000000000e+04,5.120000000000000000e+02,-7.840000000000000000e+02,-1.153000000000000000e+03,-6.220000000000000000e+02,-4.200000000000000000e+01
1.679988668900827885e+09,1.658400000000000000e+04,5.120000000000000000e+02,-7.840000000000000000e+02,-1.153000000000000000e+03,-6.220000000000000000e+02,-4.200000000000000000e+01
1.679988668901147842e+09,1.658400000000000000e+04,5.120000000000000000e+02,-7.840000000000000000e+02,-1.153000000000000000e+03,-6.220000000000000000e+02,-4.200000000000000000e+01
1.679988668901547432e+09,1.658400000000000000e+04,5.120000000000000000e+02,-7.840000000000000000e+02,-1.153000000000000000e+03,-6.220000000000000000e+02,-4.200000000000000000e+01
1.679988668901807308e+09,1.658400000000000000e+04,5.120000000000000000e+02,-7.840000000000000000e+02,-1.153000000000000000e+03,-6.220000000000000000e+02,-4.200000000000000000e+01
1.679988668902256966e+09,1.658400000000000000e+04,5.120000000000000000e+02,-7.840000000000000000e+02,-1.153000000000000000e+03,-6.220000000000000000e+02,-4.200000000000000000e+01
1.679988668902477026e+09,1.658400000000000000e+04,5.120000000000000000e+02,-7.840000000000000000e+02,-1.153000000000000000e+03,-6.220000000000000000e+02,-4.200000000000000000e+01
1.679988668902691364e+09,1.658400000000000000e+04,5.120000000000000000e+02,-7.840000000000000000e+02,-1.153000000000000000e+03,-6.220000000000000000e+02,-4.200000000000000000e+01
1.679988668902925968e+09,1.658400000000000000e+04,5.120000000000000000e+02,-7.840000000000000000e+02,-1.153000000000000000e+03,-6.220000000000000000e+02,-4.200000000000000000e+01
1.679988668903257370e+09,1.658400000000000000e+04,5.120000000000000000e+02,-7.840000000000000000e+02,-1.153000000000000000e+03,-6.220000000000000000e+02,-4.200000000000000000e+01
1.679988668903669834e+09,1.658400000000000000e+04,5.120000000000000000e+02,-7.840000000000000000e+02,-1.153000000000000000e+03,-6.220000000000000000e+02,-4.200000000000000000e+01
1.679988668903913498e+09,1.658400000000000000e+04,5.120000000000000000e+02,-7.840000000000000000e+02,-1.153000000000000000e+03,-6.220000000000000000e+02,-4.200000000000000000e+01
1.679988668904378414e+09,1.658400000000000000e+04,5.120000000000000000e+02,-7.840000000000000000e+02,-1.153000000000000000e+03,-6.220000000000000000e+02,-4.200000000000000000e+01
1.679988668904647350e+09,1.658400000000000000e+04,5.120000000000000000e+02,-7.840000000000000000e+02,-1.153000000000000000e+03,-6.220000000000000000e+02,-4.200000000000000000e+01
1.679988668904914856e+09,1.658400000000000000e+04,5.120000000000000000e+02,-7.840000000000000000e+02,-1.153000000000000000e+03,-6.220000000000000000e+02,-4.200000000000000000e+01
1.679988668905162811e+09,1.658400000000000000e+04,5.120000000000000000e+02,-7.840000000000000000e+02,-1.153000000000000000e+03,-6.220000000000000000e+02,-4.200000000000000000e+01
1.679988668905430794e+09,1.658400000000000000e+04,5.120000000000000000e+02,-7.840000000000000000e+02,-1.153000000000000000e+03,-6.220000000000000000e+02,-4.200000000000000000e+01
1.679988668905859947e+09,1.658400000000000000e+04,5.120000000000000000e+02,-7.840000000000000000e+02,-1.153000000000000000e+03,-6.220000000000000000e+02,-4.200000000000000000e+01
1.679988668906088591e+09,1.658400000000000000e+04,5.120000000000000000e+02,-7.840000000000000000e+02,-1.153000000000000000e+03,-6.220000000000000000e+02,-4.200000000000000000e+01
1.679988668906549931e+09,1.658400000000000000e+04,5.120000000000000000e+02,-7.840000000000000000e+02,-1.153000000000000000e+03,-6.220000000000000000e+02,-4.200000000000000000e+01
1.679988668906769753e+09,1.658400000000000000e+04,5.120000000000000000e+02,-7.840000000000000000e+02,-1.153000000000000000e+03,-6.220000000000000000e+02,-4.200000000000000000e+01
1.679988668906991243e+09,1.658400000000000000e+04,5.120000000000000000e+02,-7.840000000000000000e+02,-1.153000000000000000e+03,-6.220000000000000000e+02,-4.200000000000000000e+01
1.679988668907211304e+09,1.658400000000000000e+04,5.120000000000000000e+02,-7.840000000000000000e+02,-1.153000000000000000e+03,-6.220000000000000000e+02,-4.200000000000000000e+01
1.679988668907530308e+09,1.658400000000000000e+04,5.120000000000000000e+02,-7.840000000000000000e+02,-1.153000000000000000e+03,-6.220000000000000000e+02,-4.200000000000000000e+01
1.679988668907956123e+09,1.658400000000000000e+04,5.120000000000000000e+02,-7.840000000000000000e+02,-1.153000000000000000e+03,-6.220000000000000000e+02,-4.200000000000000000e+01
1.679988668908180714e+09,1.658400000000000000e+04,5.120000000000000000e+02,-7.840000000000000000e+02,-1.153000000000000000e+03,-6.220000000000000000e+02,-4.200000000000000000e+01
1.679988668908662796e+09,1.658400000000000000e+04,5.120000000000000000e+02,-7.840000000000000000e+02,-1.153000000000000000e+03,-6.220000000000000000e+02,-4.200000000000000000e+01
1.679988668908887386e+09,1.658400000000000000e+04,5.120000000000000000e+02,-7.840000000000000000e+02,-1.153000000000000000e+03,-6.220000000000000000e+02,-4.200000000000000000e+01
1.679988668909141302e+09,1.658400000000000000e+04,5.120000000000000000e+02,-7.840000000000000000e+02,-1.153000000000000000e+03,-6.220000000000000000e+02,-4.200000000000000000e+01
1.679988668909394264e+09,1.658400000000000000e+04,5.120000000000000000e+02,-7.840000000000000000e+02,-1.153000000000000000e+03,-6.220000000000000000e+02,-4.200000000000000000e+01
1.679988668909805536e+09,1.658400000000000000e+04,5.120000000000000000e+02,-7.840000000000000000e+02,-1.153000000000000000e+03,-6.220000000000000000e+02,-4.200000000000000000e+01
1.679988668910009861e+09,1.658400000000000000e+04,5.120000000000000000e+02,-7.840000000000000000e+02,-1.153000000000000000e+03,-6.220000000000000000e+02,-4.200000000000000000e+01
1.679988668910240650e+09,1.658400000000000000e+04,5.120000000000000000e+02,-7.840000000000000000e+02,-1.153000000000000000e+03,-6.220000000000000000e+02,-4.200000000000000000e+01
1.679988668910473824e+09,1.658400000000000000e+04,5.120000000000000000e+02,-7.840000000000000000e+02,-1.153000000000000000e+03,-6.220000000000000000e+02,-4.200000000000000000e+01
1.679988668910841942e+09,1.658400000000000000e+04,5.120000000000000000e+02,-7.840000000000000000e+02,-1.153000000000000000e+03,-6.220000000000000000e+02,-4.200000000000000000e+01
1.679988668911078930e+09,1.658400000000000000e+04,5.120000000000000000e+02,-7.840000000000000000e+02,-1.153000000000000000e+03,-6.220000000000000000e+02,-4.200000000000000000e+01
1.679988668911304951e+09,1.658400000000000000e+04,5.120000000000000000e+02,-7.840000000000000000e+02,-1.153000000000000000e+03,-6.220000000000000000e+02,-4.200000000000000000e+01
1.679988668911679745e+09,1.658400000000000000e+04,5.120000000000000000e+02,-7.840000000000000000e+02,-1.153000000000000000e+03,-6.220000000000000000e+02,-4.200000000000000000e+01
1.679988668911885262e+09,1.658400000000000000e+04,5.120000000000000000e+02,-7.840000000000000000e+02,-1.153000000000000000e+03,-6.220000000000000000e+02,-4.200000000000000000e+01
1.679988668912120104e+09,1.658400000000000000e+04,5.120000000000000000e+02,-7.840000000000000000e+02,-1.153000000000000000e+03,-6.220000000000000000e+02,-4.200000000000000000e+01
1.679988668912349701e+09,1.658400000000000000e+04,5.120000000000000000e+02,-7.840000000000000000e+02,-1.153000000000000000e+03,-6.220000000000000000e+02,-4.200000000000000000e+01
1.679988668912672997e+09,1.658400000000000000e+04,5.120000000000000000e+02,-7.840000000000000000e+02,-1.153000000000000000e+03,-6.220000000000000000e+02,-4.200000000000000000e+01
1.679988668912959337e+09,1.658400000000000000e+04,5.120000000000000000e+02,-7.840000000000000000e+02,-1.153000000000000000e+03,-6.220000000000000000e+02,-4.200000000000000000e+01
1.679988668913267374e+09,1.658400000000000000e+04,5.120000000000000000e+02,-7.840000000000000000e+02,-1.153000000000000000e+03,-6.220000000000000000e+02,-4.200000000000000000e+01
1.679988668913538933e+09,1.658400000000000000e+04,5.120000000000000000e+02,-7.840000000000000000e+02,-1.153000000000000000e+03,-6.220000000000000000e+02,-4.200000000000000000e+01
1.679988668913822412e+09,1.658400000000000000e+04,5.120000000000000000e+02,-7.840000000000000000e+02,-1.153000000000000000e+03,-6.220000000000000000e+02,-4.200000000000000000e+01
1.679988668914112091e+09,1.658400000000000000e+04,5.120000000000000000e+02,-7.840000000000000000e+02,-1.153000000000000000e+03,-6.220000000000000000e+02,-4.200000000000000000e+01
1.679988668914446831e+09,1.658400000000000000e+04,5.120000000000000000e+02,-7.840000000000000000e+02,-1.153000000000000000e+03,-6.220000000000000000e+02,-4.200000000000000000e+01
1.679988668914725065e+09,1.658400000000000000e+04,5.120000000000000000e+02,-7.840000000000000000e+02,-1.153000000000000000e+03,-6.220000000000000000e+02,-4.200000000000000000e+01
1.679988668915002823e+09,1.658400000000000000e+04,5.120000000000000000e+02,-7.840000000000000000e+02,-1.153000000000000000e+03,-6.220000000000000000e+02,-4.200000000000000000e+01
1.679988668915611982e+09,1.658400000000000000e+04,5.120000000000000000e+02,-7.840000000000000000e+02,-1.153000000000000000e+03,-6.220000000000000000e+02,-4.200000000000000000e+01
1.679988668915866137e+09,1.658400000000000000e+04,5.120000000000000000e+02,-7.840000000000000000e+02,-1.153000000000000000e+03,-6.220000000000000000e+02,-4.200000000000000000e+01
1.679988668916208744e+09,1.658400000000000000e+04,5.120000000000000000e+02,-7.840000000000000000e+02,-1.153000000000000000e+03,-6.220000000000000000e+02,-4.200000000000000000e+01
1.679988668916438103e+09,1.658400000000000000e+04,5.120000000000000000e+02,-7.840000000000000000e+02,-1.153000000000000000e+03,-6.220000000000000000e+02,-4.200000000000000000e+01
1.679988668916755199e+09,1.658400000000000000e+04,5.120000000000000000e+02,-7.840000000000000000e+02,-1.153000000000000000e+03,-6.220000000000000000e+02,-4.200000000000000000e+01
1.679988668917009830e+09,1.658400000000000000e+04,5.120000000000000000e+02,-7.840000000000000000e+02,-1.153000000000000000e+03,-6.220000000000000000e+02,-4.200000000000000000e+01
1.679988668917278290e+09,1.658400000000000000e+04,5.120000000000000000e+02,-7.840000000000000000e+02,-1.153000000000000000e+03,-6.220000000000000000e+02,-4.200000000000000000e+01
1.679988668917542696e+09,1.658400000000000000e+04,5.120000000000000000e+02,-7.840000000000000000e+02,-1.153000000000000000e+03,-6.220000000000000000e+02,-4.200000000000000000e+01
1.679988668917814970e+09,1.658400000000000000e+04,5.120000000000000000e+02,-7.840000000000000000e+02,-1.153000000000000000e+03,-6.220000000000000000e+02,-4.200000000000000000e+01
1.679988668918066978e+09,1.658400000000000000e+04,5.120000000000000000e+02,-7.840000000000000000e+02,-1.153000000000000000e+03,-6.220000000000000000e+02,-4.200000000000000000e+01
1.679988668918289661e+09,1.658400000000000000e+04,5.120000000000000000e+02,-7.840000000000000000e+02,-1.153000000000000000e+03,-6.220000000000000000e+02,-4.200000000000000000e+01
1.679988668918603182e+09,1.658400000000000000e+04,5.120000000000000000e+02,-7.840000000000000000e+02,-1.153000000000000000e+03,-6.220000000000000000e+02,-4.200000000000000000e+01
1.679988668918838739e+09,1.658400000000000000e+04,5.120000000000000000e+02,-7.840000000000000000e+02,-1.153000000000000000e+03,-6.220000000000000000e+02,-4.200000000000000000e+01
1.679988668919141769e+09,1.658400000000000000e+04,5.120000000000000000e+02,-7.840000000000000000e+02,-1.153000000000000000e+03,-6.220000000000000000e+02,-4.200000000000000000e+01
1.679988668919409513e+09,1.658400000000000000e+04,5.120000000000000000e+02,-7.840000000000000000e+02,-1.153000000000000000e+03,-6.220000000000000000e+02,-4.200000000000000000e+01
1.679988668919678926e+09,1.658400000000000000e+04,5.120000000000000000e+02,-7.840000000000000000e+02,-1.153000000000000000e+03,-6.220000000000000000e+02,-4.200000000000000000e+01
1.679988668919935703e+09,1.658400000000000000e+04,5.120000000000000000e+02,-7.840000000000000000e+02,-1.153000000000000000e+03,-6.220000000000000000e+02,-4.200000000000000000e+01
1.679988668920213699e+09,1.658400000000000000e+04,5.120000000000000000e+02,-7.840000000000000000e+02,-1.153000000000000000e+03,-6.220000000000000000e+02,-4.200000000000000000e+01
1.679988668920499563e+09,1.658400000000000000e+04,5.120000000000000000e+02,-7.840000000000000000e+02,-1.153000000000000000e+03,-6.220000000000000000e+02,-4.200000000000000000e+01
1.679988668920762062e+09,1.658400000000000000e+04,5.120000000000000000e+02,-7.840000000000000000e+02,-1.153000000000000000e+03,-6.220000000000000000e+02,-4.200000000000000000e+01
1.679988668921069145e+09,1.658400000000000000e+04,5.120000000000000000e+02,-7.840000000000000000e+02,-1.153000000000000000e+03,-6.220000000000000000e+02,-4.200000000000000000e+01
1.679988668921346903e+09,1.658400000000000000e+04,5.120000000000000000e+02,-7.840000000000000000e+02,-1.153000000000000000e+03,-6.220000000000000000e+02,-4.200000000000000000e+01
1.679988668921638966e+09,1.658400000000000000e+04,5.120000000000000000e+02,-7.840000000000000000e+02,-1.153000000000000000e+03,-6.220000000000000000e+02,-4.200000000000000000e+01
1.679988668921951771e+09,1.658400000000000000e+04,5.120000000000000000e+02,-7.840000000000000000e+02,-1.153000000000000000e+03,-6.220000000000000000e+02,-4.200000000000000000e+01
1.679988668922382593e+09,1.658400000000000000e+04,5.120000000000000000e+02,-7.840000000000000000e+02,-1.153000000000000000e+03,-6.220000000000000000e+02,-4.200000000000000000e+01
1.679988668922632694e+09,1.658400000000000000e+04,5.120000000000000000e+02,-7.840000000000000000e+02,-1.153000000000000000e+03,-6.220000000000000000e+02,-4.200000000000000000e+01
1.679988668922980070e+09,1.658400000000000000e+04,5.120000000000000000e+02,-7.840000000000000000e+02,-1.153000000000000000e+03,-6.220000000000000000e+02,-4.200000000000000000e+01
1.679988668923250198e+09,1.658400000000000000e+04,5.120000000000000000e+02,-7.840000000000000000e+02,-1.153000000000000000e+03,-6.220000000000000000e+02,-4.200000000000000000e+01
1.679988668923527956e+09,1.658400000000000000e+04,5.120000000000000000e+02,-7.840000000000000000e+02,-1.153000000000000000e+03,-6.220000000000000000e+02,-4.200000000000000000e+01
1.679988668923784733e+09,1.658400000000000000e+04,5.120000000000000000e+02,-7.840000000000000000e+02,-1.153000000000000000e+03,-6.220000000000000000e+02,-4.200000000000000000e+01
1.679988668924069643e+09,1.658400000000000000e+04,5.120000000000000000e+02,-7.840000000000000000e+02,-1.153000000000000000e+03,-6.220000000000000000e+02,-4.200000000000000000e+01
1.679988668924639940e+09,1.658400000000000000e+04,5.120000000000000000e+02,-7.840000000000000000e+02,-1.153000000000000000e+03,-6.220000000000000000e+02,-4.200000000000000000e+01
1.679988668924884796e+09,1.658400000000000000e+04,5.120000000000000000e+02,-7.840000000000000000e+02,-1.153000000000000000e+03,-6.220000000000000000e+02,-4.200000000000000000e+01
1.679988668925183296e+09,1.658400000000000000e+04,5.120000000000000000e+02,-7.840000000000000000e+02,-1.153000000000000000e+03,-6.220000000000000000e+02,-4.200000000000000000e+01
1.679988668925415277e+09,1.658400000000000000e+04,5.120000000000000000e+02,-7.840000000000000000e+02,-1.153000000000000000e+03,-6.220000000000000000e+02,-4.200000000000000000e+01
1.679988668925783873e+09,1.658400000000000000e+04,5.120000000000000000e+02,-7.840000000000000000e+02,-1.153000000000000000e+03,-6.220000000000000000e+02,-4.200000000000000000e+01
1.679988668926098347e+09,1.658400000000000000e+04,5.120000000000000000e+02,-7.840000000000000000e+02,-1.153000000000000000e+03,-6.220000000000000000e+02,-4.200000000000000000e+01
1.679988668926368475e+09,1.658400000000000000e+04,5.120000000000000000e+02,-7.840000000000000000e+02,-1.153000000000000000e+03,-6.220000000000000000e+02,-4.200000000000000000e+01
1.679988668926632643e+09,1.658400000000000000e+04,5.120000000000000000e+02,-7.840000000000000000e+02,-1.153000000000000000e+03,-6.220000000000000000e+02,-4.200000000000000000e+01
1.679988668926910877e+09,1.658400000000000000e+04,5.120000000000000000e+02,-7.840000000000000000e+02,-1.153000000000000000e+03,-6.220000000000000000e+02,-4.200000000000000000e+01
1.679988668927185774e+09,1.658400000000000000e+04,5.120000000000000000e+02,-7.840000000000000000e+02,-1.153000000000000000e+03,-6.220000000000000000e+02,-4.200000000000000000e+01
1.679988668927453756e+09,1.658400000000000000e+04,5.120000000000000000e+02,-7.840000000000000000e+02,-1.153000000000000000e+03,-6.220000000000000000e+02,-4.200000000000000000e+01
1.679988668927721500e+09,1.658400000000000000e+04,5.120000000000000000e+02,-7.840000000000000000e+02,-1.153000000000000000e+03,-6.220000000000000000e+02,-4.200000000000000000e+01
1.679988668927983522e+09,1.658400000000000000e+04,5.120000000000000000e+02,-7.840000000000000000e+02,-1.153000000000000000e+03,-6.220000000000000000e+02,-4.200000000000000000e+01
1.679988668928276062e+09,1.658400000000000000e+04,5.120000000000000000e+02,-7.840000000000000000e+02,-1.153000000000000000e+03,-6.220000000000000000e+02,-4.200000000000000000e+01
1.679988668928512573e+09,1.658400000000000000e+04,5.120000000000000000e+02,-7.840000000000000000e+02,-1.153000000000000000e+03,-6.220000000000000000e+02,-4.200000000000000000e+01
1.679988668928850174e+09,1.658400000000000000e+04,5.120000000000000000e+02,-7.840000000000000000e+02,-1.153000000000000000e+03,-6.220000000000000000e+02,-4.200000000000000000e+01
1.679988668929237843e+09,1.658400000000000000e+04,5.120000000000000000e+02,-7.840000000000000000e+02,-1.153000000000000000e+03,-6.220000000000000000e+02,-4.200000000000000000e+01
1.679988668929458380e+09,1.658400000000000000e+04,5.120000000000000000e+02,-7.840000000000000000e+02,-1.153000000000000000e+03,-6.220000000000000000e+02,-4.200000000000000000e+01
1.679988668929927588e+09,1.658400000000000000e+04,5.120000000000000000e+02,-7.840000000000000000e+02,-1.153000000000000000e+03,-6.220000000000000000e+02,-4.200000000000000000e+01
1.679988668930192471e+09,1.658400000000000000e+04,5.120000000000000000e+02,-7.840000000000000000e+02,-1.153000000000000000e+03,-6.220000000000000000e+02,-4.200000000000000000e+01
1.679988668930437088e+09,1.658400000000000000e+04,5.120000000000000000e+02,-7.840000000000000000e+02,-1.153000000000000000e+03,-6.220000000000000000e+02,-4.200000000000000000e+01
1.679988668930864334e+09,1.658400000000000000e+04,5.120000000000000000e+02,-7.840000000000000000e+02,-1.153000000000000000e+03,-6.220000000000000000e+02,-4.200000000000000000e+01
1.679988668931135178e+09,1.658400000000000000e+04,5.120000000000000000e+02,-7.840000000000000000e+02,-1.153000000000000000e+03,-6.220000000000000000e+02,-4.200000000000000000e+01
1.679988668931450129e+09,1.658400000000000000e+04,5.120000000000000000e+02,-7.840000000000000000e+02,-1.153000000000000000e+03,-6.220000000000000000e+02,-4.200000000000000000e+01
1.679988668931853771e+09,1.658400000000000000e+04,5.120000000000000000e+02,-7.840000000000000000e+02,-1.153000000000000000e+03,-6.220000000000000000e+02,-4.200000000000000000e+01
1.679988668932069302e+09,1.658400000000000000e+04,5.120000000000000000e+02,-7.840000000000000000e+02,-1.153000000000000000e+03,-6.220000000000000000e+02,-4.200000000000000000e+01
1.679988668932370424e+09,1.658400000000000000e+04,5.120000000000000000e+02,-7.840000000000000000e+02,-1.153000000000000000e+03,-6.220000000000000000e+02,-4.200000000000000000e+01
1.679988668932662249e+09,1.658400000000000000e+04,5.120000000000000000e+02,-7.840000000000000000e+02,-1.153000000000000000e+03,-6.220000000000000000e+02,-4.200000000000000000e+01
1.679988668932873726e+09,1.658400000000000000e+04,5.120000000000000000e+02,-7.840000000000000000e+02,-1.153000000000000000e+03,-6.220000000000000000e+02,-4.200000000000000000e+01
1.679988668933105946e+09,1.658400000000000000e+04,5.120000000000000000e+02,-7.840000000000000000e+02,-1.153000000000000000e+03,-6.220000000000000000e+02,-4.200000000000000000e+01
1.679988668933344364e+09,1.658400000000000000e+04,5.120000000000000000e+02,-7.840000000000000000e+02,-1.153000000000000000e+03,-6.220000000000000000e+02,-4.200000000000000000e+01
1.679988668934098721e+09,1.658400000000000000e+04,5.120000000000000000e+02,-7.840000000000000000e+02,-1.153000000000000000e+03,-6.220000000000000000e+02,-4.200000000000000000e+01
1.679988668934371948e+09,1.658400000000000000e+04,5.120000000000000000e+02,-7.840000000000000000e+02,-1.153000000000000000e+03,-6.220000000000000000e+02,-4.200000000000000000e+01
1.679988668934797049e+09,1.658400000000000000e+04,5.120000000000000000e+02,-7.840000000000000000e+02,-1.153000000000000000e+03,-6.220000000000000000e+02,-4.200000000000000000e+01
1.679988668936917543e+09,1.658400000000000000e+04,5.120000000000000000e+02,-7.840000000000000000e+02,-1.153000000000000000e+03,-6.220000000000000000e+02,-4.200000000000000000e+01
1.679988668937223196e+09,1.658400000000000000e+04,5.120000000000000000e+02,-7.840000000000000000e+02,-1.153000000000000000e+03,-6.220000000000000000e+02,-4.200000000000000000e+01
1.679988668937486172e+09,1.658400000000000000e+04,5.120000000000000000e+02,-7.840000000000000000e+02,-1.153000000000000000e+03,-6.220000000000000000e+02,-4.200000000000000000e+01
1.679988668937767982e+09,1.658400000000000000e+04,5.120000000000000000e+02,-7.840000000000000000e+02,-1.153000000000000000e+03,-6.220000000000000000e+02,-4.200000000000000000e+01
1.679988668938170433e+09,1.658400000000000000e+04,5.120000000000000000e+02,-7.840000000000000000e+02,-1.153000000000000000e+03,-6.220000000000000000e+02,-4.200000000000000000e+01
1.679988668938402891e+09,1.658400000000000000e+04,5.120000000000000000e+02,-7.840000000000000000e+02,-1.153000000000000000e+03,-6.220000000000000000e+02,-4.200000000000000000e+01
1.679988668938700438e+09,1.658400000000000000e+04,5.120000000000000000e+02,-7.840000000000000000e+02,-1.153000000000000000e+03,-6.220000000000000000e+02,-4.200000000000000000e+01
1.679988668939009190e+09,1.658400000000000000e+04,5.120000000000000000e+02,-7.840000000000000000e+02,-1.153000000000000000e+03,-6.220000000000000000e+02,-4.200000000000000000e+01
1.679988668939442873e+09,1.658400000000000000e+04,5.120000000000000000e+02,-7.840000000000000000e+02,-1.153000000000000000e+03,-6.220000000000000000e+02,-4.200000000000000000e+01
1.679988668939816475e+09,1.658400000000000000e+04,5.120000000000000000e+02,-7.840000000000000000e+02,-1.153000000000000000e+03,-6.220000000000000000e+02,-4.200000000000000000e+01
1.679988668940083265e+09,1.658400000000000000e+04,5.120000000000000000e+02,-7.840000000000000000e+02,-1.153000000000000000e+03,-6.220000000000000000e+02,-4.200000000000000000e+01
1.679988668940483332e+09,1.658400000000000000e+04,5.120000000000000000e+02,-7.840000000000000000e+02,-1.153000000000000000e+03,-6.220000000000000000e+02,-4.200000000000000000e+01
1.679988668940705061e+09,1.658400000000000000e+04,5.120000000000000000e+02,-7.840000000000000000e+02,-1.153000000000000000e+03,-6.220000000000000000e+02,-4.200000000000000000e+01
1.679988668941185951e+09,1.658400000000000000e+04,5.120000000000000000e+02,-7.840000000000000000e+02,-1.153000000000000000e+03,-6.220000000000000000e+02,-4.200000000000000000e+01
1.679988668941423893e+09,1.658400000000000000e+04,5.120000000000000000e+02,-7.840000000000000000e+02,-1.153000000000000000e+03,-6.220000000000000000e+02,-4.200000000000000000e+01
1.679988668941652298e+09,1.658400000000000000e+04,5.120000000000000000e+02,-7.840000000000000000e+02,-1.153000000000000000e+03,-6.220000000000000000e+02,-4.200000000000000000e+01
1.679988668941893578e+09,1.658400000000000000e+04,5.120000000000000000e+02,-7.840000000000000000e+02,-1.153000000000000000e+03,-6.220000000000000000e+02,-4.200000000000000000e+01
1.679988668942331791e+09,1.658400000000000000e+04,5.120000000000000000e+02,-7.840000000000000000e+02,-1.153000000000000000e+03,-6.220000000000000000e+02,-4.200000000000000000e+01
1.679988668942555428e+09,1.658400000000000000e+04,5.120000000000000000e+02,-7.840000000000000000e+02,-1.153000000000000000e+03,-6.220000000000000000e+02,-4.200000000000000000e+01
1.679988668942797422e+09,1.658400000000000000e+04,5.120000000000000000e+02,-7.840000000000000000e+02,-1.153000000000000000e+03,-6.220000000000000000e+02,-4.200000000000000000e+01
1.679988668943027020e+09,1.658400000000000000e+04,5.120000000000000000e+02,-7.840000000000000000e+02,-1.153000000000000000e+03,-6.220000000000000000e+02,-4.200000000000000000e+01
1.679988668943398476e+09,1.658400000000000000e+04,5.120000000000000000e+02,-7.840000000000000000e+02,-1.153000000000000000e+03,-6.220000000000000000e+02,-4.200000000000000000e+01
1.679988668943647861e+09,1.658400000000000000e+04,5.120000000000000000e+02,-7.840000000000000000e+02,-1.153000000000000000e+03,-6.220000000000000000e+02,-4.200000000000000000e+01
1.679988668943873644e+09,1.658400000000000000e+04,5.120000000000000000e+02,-7.840000000000000000e+02,-1.153000000000000000e+03,-6.220000000000000000e+02,-4.200000000000000000e+01
1.679988668944256067e+09,1.658400000000000000e+04,5.120000000000000000e+02,-7.840000000000000000e+02,-1.153000000000000000e+03,-6.220000000000000000e+02,-4.200000000000000000e+01
1.679988668944625378e+09,1.658400000000000000e+04,5.120000000000000000e+02,-7.840000000000000000e+02,-1.153000000000000000e+03,-6.220000000000000000e+02,-4.200000000000000000e+01
1.679988668944901466e+09,1.658400000000000000e+04,5.120000000000000000e+02,-7.840000000000000000e+02,-1.153000000000000000e+03,-6.220000000000000000e+02,-4.200000000000000000e+01
1.679988668945277452e+09,1.658400000000000000e+04,5.120000000000000000e+02,-7.840000000000000000e+02,-1.153000000000000000e+03,-6.220000000000000000e+02,-4.200000000000000000e+01
1.679988668945574760e+09,1.658400000000000000e+04,5.120000000000000000e+02,-7.840000000000000000e+02,-1.153000000000000000e+03,-6.220000000000000000e+02,-4.200000000000000000e+01
1.679988668945868254e+09,1.658400000000000000e+04,5.120000000000000000e+02,-7.840000000000000000e+02,-1.153000000000000000e+03,-6.220000000000000000e+02,-4.200000000000000000e+01
1.679988668946122408e+09,1.658400000000000000e+04,5.120000000000000000e+02,-7.840000000000000000e+02,-1.153000000000000000e+03,-6.220000000000000000e+02,-4.200000000000000000e+01
1.679988668946414948e+09,1.658400000000000000e+04,5.120000000000000000e+02,-7.840000000000000000e+02,-1.153000000000000000e+03,-6.220000000000000000e+02,-4.200000000000000000e+01
1.679988668946730614e+09,1.658400000000000000e+04,5.120000000000000000e+02,-7.840000000000000000e+02,-1.153000000000000000e+03,-6.220000000000000000e+02,-4.200000000000000000e+01
1.679988668947089434e+09,1.658400000000000000e+04,5.120000000000000000e+02,-7.840000000000000000e+02,-1.153000000000000000e+03,-6.220000000000000000e+02,-4.200000000000000000e+01
1.679988668947373867e+09,1.658400000000000000e+04,5.120000000000000000e+02,-7.840000000000000000e+02,-1.153000000000000000e+03,-6.220000000000000000e+02,-4.200000000000000000e+01
1.679988668947600842e+09,1.658400000000000000e+04,5.120000000000000000e+02,-7.840000000000000000e+02,-1.153000000000000000e+03,-6.220000000000000000e+02,-4.200000000000000000e+01
1.679988668948102951e+09,1.658400000000000000e+04,5.120000000000000000e+02,-7.840000000000000000e+02,-1.153000000000000000e+03,-6.220000000000000000e+02,-4.200000000000000000e+01
1.679988668948378086e+09,1.658400000000000000e+04,5.120000000000000000e+02,-7.840000000000000000e+02,-1.153000000000000000e+03,-6.220000000000000000e+02,-4.200000000000000000e+01
1.679988668948648691e+09,1.658400000000000000e+04,5.120000000000000000e+02,-7.840000000000000000e+02,-1.153000000000000000e+03,-6.220000000000000000e+02,-4.200000000000000000e+01
1.679988668948884726e+09,1.658400000000000000e+04,5.120000000000000000e+02,-7.840000000000000000e+02,-1.153000000000000000e+03,-6.220000000000000000e+02,-4.200000000000000000e+01
1.679988668949192286e+09,1.658400000000000000e+04,5.120000000000000000e+02,-7.840000000000000000e+02,-1.153000000000000000e+03,-6.220000000000000000e+02,-4.200000000000000000e+01
1.679988668949468374e+09,1.658400000000000000e+04,5.120000000000000000e+02,-7.840000000000000000e+02,-1.153000000000000000e+03,-6.220000000000000000e+02,-4.200000000000000000e+01
1.679988668949757814e+09,1.658400000000000000e+04,5.120000000000000000e+02,-7.840000000000000000e+02,-1.153000000000000000e+03,-6.220000000000000000e+02,-4.200000000000000000e+01
1.679988668950040579e+09,1.658400000000000000e+04,5.120000000000000000e+02,-7.840000000000000000e+02,-1.153000000000000000e+03,-6.220000000000000000e+02,-4.200000000000000000e+01
1.679988668950349331e+09,1.658400000000000000e+04,5.120000000000000000e+02,-7.840000000000000000e+02,-1.153000000000000000e+03,-6.220000000000000000e+02,-4.200000000000000000e+01
1.679988668950621843e+09,1.658400000000000000e+04,5.120000000000000000e+02,-7.840000000000000000e+02,-1.153000000000000000e+03,-6.220000000000000000e+02,-4.200000000000000000e+01
1.679988668950903177e+09,1.658400000000000000e+04,5.120000000000000000e+02,-7.840000000000000000e+02,-1.153000000000000000e+03,-6.220000000000000000e+02,-4.200000000000000000e+01
1.679988668951150894e+09,1.658400000000000000e+04,5.120000000000000000e+02,-7.840000000000000000e+02,-1.153000000000000000e+03,-6.220000000000000000e+02,-4.200000000000000000e+01
1.679988668951745510e+09,1.658400000000000000e+04,5.120000000000000000e+02,-7.840000000000000000e+02,-1.153000000000000000e+03,-6.220000000000000000e+02,-4.200000000000000000e+01
1.679988668952025652e+09,1.658400000000000000e+04,5.120000000000000000e+02,-7.840000000000000000e+02,-1.153000000000000000e+03,-6.220000000000000000e+02,-4.200000000000000000e+01
1.679988668952325106e+09,1.658400000000000000e+04,5.120000000000000000e+02,-7.840000000000000000e+02,-1.153000000000000000e+03,-6.220000000000000000e+02,-4.200000000000000000e+01
1.679988668952588558e+09,1.658400000000000000e+04,5.120000000000000000e+02,-7.840000000000000000e+02,-1.153000000000000000e+03,-6.220000000000000000e+02,-4.200000000000000000e+01
1.679988668952862740e+09,1.658400000000000000e+04,5.120000000000000000e+02,-7.840000000000000000e+02,-1.153000000000000000e+03,-6.220000000000000000e+02,-4.200000000000000000e+01
1.679988668953134775e+09,1.658400000000000000e+04,5.120000000000000000e+02,-7.840000000000000000e+02,-1.153000000000000000e+03,-6.220000000000000000e+02,-4.200000000000000000e+01
1.679988668953385353e+09,1.658400000000000000e+04,5.120000000000000000e+02,-7.840000000000000000e+02,-1.153000000000000000e+03,-6.220000000000000000e+02,-4.200000000000000000e+01
1.679988668953619242e+09,1.658400000000000000e+04,5.120000000000000000e+02,-7.840000000000000000e+02,-1.153000000000000000e+03,-6.220000000000000000e+02,-4.200000000000000000e+01
1.679988668953920364e+09,1.658400000000000000e+04,5.120000000000000000e+02,-7.840000000000000000e+02,-1.153000000000000000e+03,-6.220000000000000000e+02,-4.200000000000000000e+01
1.679988668954150677e+09,1.658400000000000000e+04,5.120000000000000000e+02,-7.840000000000000000e+02,-1.153000000000000000e+03,-6.220000000000000000e+02,-4.200000000000000000e+01
1.679988668954370260e+09,1.658400000000000000e+04,5.120000000000000000e+02,-7.840000000000000000e+02,-1.153000000000000000e+03,-6.220000000000000000e+02,-4.200000000000000000e+01
1.679988668954687595e+09,1.658400000000000000e+04,5.120000000000000000e+02,-7.840000000000000000e+02,-1.153000000000000000e+03,-6.220000000000000000e+02,-4.200000000000000000e+01
1.679988668954981327e+09,1.658400000000000000e+04,5.120000000000000000e+02,-7.840000000000000000e+02,-1.153000000000000000e+03,-6.220000000000000000e+02,-4.200000000000000000e+01
1.679988668955268145e+09,1.658400000000000000e+04,5.120000000000000000e+02,-7.840000000000000000e+02,-1.153000000000000000e+03,-6.220000000000000000e+02,-4.200000000000000000e+01
1.679988668955575705e+09,1.658400000000000000e+04,5.120000000000000000e+02,-7.840000000000000000e+02,-1.153000000000000000e+03,-6.220000000000000000e+02,-4.200000000000000000e+01
1.679988668955810070e+09,1.658400000000000000e+04,5.120000000000000000e+02,-7.840000000000000000e+02,-1.153000000000000000e+03,-6.220000000000000000e+02,-4.200000000000000000e+01
1.679988668956156015e+09,1.658400000000000000e+04,5.120000000000000000e+02,-7.840000000000000000e+02,-1.153000000000000000e+03,-6.220000000000000000e+02,-4.200000000000000000e+01
1.679988668956499100e+09,1.658400000000000000e+04,5.120000000000000000e+02,-7.840000000000000000e+02,-1.153000000000000000e+03,-6.220000000000000000e+02,-4.200000000000000000e+01
1.679988668956796169e+09,1.658400000000000000e+04,5.120000000000000000e+02,-7.840000000000000000e+02,-1.153000000000000000e+03,-6.220000000000000000e+02,-4.200000000000000000e+01
1.679988668957237005e+09,1.658400000000000000e+04,5.120000000000000000e+02,-7.840000000000000000e+02,-1.153000000000000000e+03,-6.220000000000000000e+02,-4.200000000000000000e+01
1.679988668957510233e+09,1.658400000000000000e+04,5.120000000000000000e+02,-7.840000000000000000e+02,-1.153000000000000000e+03,-6.220000000000000000e+02,-4.200000000000000000e+01
1.679988668957796097e+09,1.658400000000000000e+04,5.120000000000000000e+02,-7.840000000000000000e+02,-1.153000000000000000e+03,-6.220000000000000000e+02,-4.200000000000000000e+01
1.679988668958018541e+09,1.658400000000000000e+04,5.120000000000000000e+02,-7.840000000000000000e+02,-1.153000000000000000e+03,-6.220000000000000000e+02,-4.200000000000000000e+01
1.679988668958259106e+09,1.658400000000000000e+04,5.120000000000000000e+02,-7.840000000000000000e+02,-1.153000000000000000e+03,-6.220000000000000000e+02,-4.200000000000000000e+01
1.679988668958578348e+09,1.658400000000000000e+04,5.120000000000000000e+02,-7.840000000000000000e+02,-1.153000000000000000e+03,-6.220000000000000000e+02,-4.200000000000000000e+01
1.679988668958808422e+09,1.658400000000000000e+04,5.120000000000000000e+02,-7.840000000000000000e+02,-1.153000000000000000e+03,-6.220000000000000000e+02,-4.200000000000000000e+01
1.679988668959052324e+09,1.658400000000000000e+04,5.120000000000000000e+02,-7.840000000000000000e+02,-1.153000000000000000e+03,-6.220000000000000000e+02,-4.200000000000000000e+01
1.679988668959399700e+09,1.658400000000000000e+04,5.120000000000000000e+02,-7.840000000000000000e+02,-1.153000000000000000e+03,-6.220000000000000000e+02,-4.200000000000000000e+01
1.679988668959645987e+09,1.658400000000000000e+04,5.120000000000000000e+02,-7.840000000000000000e+02,-1.153000000000000000e+03,-6.220000000000000000e+02,-4.200000000000000000e+01
1.679988668959895849e+09,1.658400000000000000e+04,5.120000000000000000e+02,-7.840000000000000000e+02,-1.153000000000000000e+03,-6.220000000000000000e+02,-4.200000000000000000e+01
1.679988668960191488e+09,1.658400000000000000e+04,5.120000000000000000e+02,-7.840000000000000000e+02,-1.153000000000000000e+03,-6.220000000000000000e+02,-4.200000000000000000e+01
1.679988668960480690e+09,1.658400000000000000e+04,5.120000000000000000e+02,-7.840000000000000000e+02,-1.153000000000000000e+03,-6.220000000000000000e+02,-4.200000000000000000e+01
1.679988668960720062e+09,1.658400000000000000e+04,5.120000000000000000e+02,-7.840000000000000000e+02,-1.153000000000000000e+03,-6.220000000000000000e+02,-4.200000000000000000e+01
1.679988668961007833e+09,1.658400000000000000e+04,5.120000000000000000e+02,-7.840000000000000000e+02,-1.153000000000000000e+03,-6.220000000000000000e+02,-4.200000000000000000e+01
1.679988668961249113e+09,1.658400000000000000e+04,5.120000000000000000e+02,-7.840000000000000000e+02,-1.153000000000000000e+03,-6.220000000000000000e+02,-4.200000000000000000e+01
1.679988668961536169e+09,1.658400000000000000e+04,5.120000000000000000e+02,-7.840000000000000000e+02,-1.153000000000000000e+03,-6.220000000000000000e+02,-4.200000000000000000e+01
1.679988668962157965e+09,1.658400000000000000e+04,5.120000000000000000e+02,-7.840000000000000000e+02,-1.153000000000000000e+03,-6.220000000000000000e+02,-4.200000000000000000e+01
1.679988668962552309e+09,1.658400000000000000e+04,5.120000000000000000e+02,-7.840000000000000000e+02,-1.153000000000000000e+03,-6.220000000000000000e+02,-4.200000000000000000e+01
1.679988668962802887e+09,1.658400000000000000e+04,5.120000000000000000e+02,-7.840000000000000000e+02,-1.153000000000000000e+03,-6.220000000000000000e+02,-4.200000000000000000e+01
1.679988668963092327e+09,1.658400000000000000e+04,5.120000000000000000e+02,-7.840000000000000000e+02,-1.153000000000000000e+03,-6.220000000000000000e+02,-4.200000000000000000e+01
1.679988668963389158e+09,1.658400000000000000e+04,5.120000000000000000e+02,-7.840000000000000000e+02,-1.153000000000000000e+03,-6.220000000000000000e+02,-4.200000000000000000e+01
1.679988668963623524e+09,1.658400000000000000e+04,5.120000000000000000e+02,-7.840000000000000000e+02,-1.153000000000000000e+03,-6.220000000000000000e+02,-4.200000000000000000e+01
1.679988668963844299e+09,1.658400000000000000e+04,5.120000000000000000e+02,-7.840000000000000000e+02,-1.153000000000000000e+03,-6.220000000000000000e+02,-4.200000000000000000e+01
1.679988668964085340e+09,1.658400000000000000e+04,5.120000000000000000e+02,-7.840000000000000000e+02,-1.153000000000000000e+03,-6.220000000000000000e+02,-4.200000000000000000e+01
1.679988668964443445e+09,1.658400000000000000e+04,5.120000000000000000e+02,-7.840000000000000000e+02,-1.153000000000000000e+03,-6.220000000000000000e+02,-4.200000000000000000e+01
1.679988668964897633e+09,1.658400000000000000e+04,5.120000000000000000e+02,-7.840000000000000000e+02,-1.153000000000000000e+03,-6.220000000000000000e+02,-4.200000000000000000e+01
1.679988668965144157e+09,1.658400000000000000e+04,5.120000000000000000e+02,-7.840000000000000000e+02,-1.153000000000000000e+03,-6.220000000000000000e+02,-4.200000000000000000e+01
1.679988668965832710e+09,1.658400000000000000e+04,5.120000000000000000e+02,-7.840000000000000000e+02,-1.153000000000000000e+03,-6.220000000000000000e+02,-4.200000000000000000e+01
1.679988668966089249e+09,1.658400000000000000e+04,5.120000000000000000e+02,-7.840000000000000000e+02,-1.153000000000000000e+03,-6.220000000000000000e+02,-4.200000000000000000e+01
1.679988668966351986e+09,1.658400000000000000e+04,5.120000000000000000e+02,-7.840000000000000000e+02,-1.153000000000000000e+03,-6.220000000000000000e+02,-4.200000000000000000e+01
1.679988668966686487e+09,1.658400000000000000e+04,5.120000000000000000e+02,-7.840000000000000000e+02,-1.153000000000000000e+03,-6.220000000000000000e+02,-4.200000000000000000e+01
1.679988668967051744e+09,1.658400000000000000e+04,5.120000000000000000e+02,-7.840000000000000000e+02,-1.153000000000000000e+03,-6.220000000000000000e+02,-4.200000000000000000e+01
1.679988668967291117e+09,1.658400000000000000e+04,5.120000000000000000e+02,-7.840000000000000000e+02,-1.153000000000000000e+03,-6.220000000000000000e+02,-4.200000000000000000e+01
1.679988668967597246e+09,1.658400000000000000e+04,5.120000000000000000e+02,-7.840000000000000000e+02,-1.153000000000000000e+03,-6.220000000000000000e+02,-4.200000000000000000e+01
1.679988668967892647e+09,1.658400000000000000e+04,5.120000000000000000e+02,-7.840000000000000000e+02,-1.153000000000000000e+03,-6.220000000000000000e+02,-4.200000000000000000e+01
1.679988668968107939e+09,1.658400000000000000e+04,5.120000000000000000e+02,-7.840000000000000000e+02,-1.153000000000000000e+03,-6.220000000000000000e+02,-4.200000000000000000e+01
1.679988668968358755e+09,1.658400000000000000e+04,5.120000000000000000e+02,-7.840000000000000000e+02,-1.153000000000000000e+03,-6.220000000000000000e+02,-4.200000000000000000e+01
1.679988668968590260e+09,1.658400000000000000e+04,5.120000000000000000e+02,-7.840000000000000000e+02,-1.153000000000000000e+03,-6.220000000000000000e+02,-4.200000000000000000e+01
1.679988668968930960e+09,1.658400000000000000e+04,5.120000000000000000e+02,-7.840000000000000000e+02,-1.153000000000000000e+03,-6.220000000000000000e+02,-4.200000000000000000e+01
1.679988668969392061e+09,1.658400000000000000e+04,5.120000000000000000e+02,-7.840000000000000000e+02,-1.153000000000000000e+03,-6.220000000000000000e+02,-4.200000000000000000e+01
1.679988668969665527e+09,1.658400000000000000e+04,5.120000000000000000e+02,-7.840000000000000000e+02,-1.153000000000000000e+03,-6.220000000000000000e+02,-4.200000000000000000e+01
1.679988668970150232e+09,1.658400000000000000e+04,5.120000000000000000e+02,-7.840000000000000000e+02,-1.153000000000000000e+03,-6.220000000000000000e+02,-4.200000000000000000e+01
1.679988668970383883e+09,1.658400000000000000e+04,5.120000000000000000e+02,-7.840000000000000000e+02,-1.153000000000000000e+03,-6.220000000000000000e+02,-4.200000000000000000e+01
1.679988668970606089e+09,1.658400000000000000e+04,5.120000000000000000e+02,-7.840000000000000000e+02,-1.153000000000000000e+03,-6.220000000000000000e+02,-4.200000000000000000e+01
1.679988668970843077e+09,1.658400000000000000e+04,5.120000000000000000e+02,-7.840000000000000000e+02,-1.153000000000000000e+03,-6.220000000000000000e+02,-4.200000000000000000e+01
1.679988668971210003e+09,1.658400000000000000e+04,5.120000000000000000e+02,-7.840000000000000000e+02,-1.153000000000000000e+03,-6.220000000000000000e+02,-4.200000000000000000e+01
1.679988668971636295e+09,1.658400000000000000e+04,5.120000000000000000e+02,-7.840000000000000000e+02,-1.153000000000000000e+03,-6.220000000000000000e+02,-4.200000000000000000e+01
1.679988668971889257e+09,1.658400000000000000e+04,5.120000000000000000e+02,-7.840000000000000000e+02,-1.153000000000000000e+03,-6.220000000000000000e+02,-4.200000000000000000e+01
1.679988668972210884e+09,1.658400000000000000e+04,5.120000000000000000e+02,-7.840000000000000000e+02,-1.153000000000000000e+03,-6.220000000000000000e+02,-4.200000000000000000e+01
1.679988668972500086e+09,1.658400000000000000e+04,5.120000000000000000e+02,-7.840000000000000000e+02,-1.153000000000000000e+03,-6.220000000000000000e+02,-4.200000000000000000e+01
1.679988668972714424e+09,1.658400000000000000e+04,5.120000000000000000e+02,-7.840000000000000000e+02,-1.153000000000000000e+03,-6.220000000000000000e+02,-4.200000000000000000e+01
1.679988668972956419e+09,1.658400000000000000e+04,5.120000000000000000e+02,-7.840000000000000000e+02,-1.153000000000000000e+03,-6.220000000000000000e+02,-4.200000000000000000e+01
1.679988668973189354e+09,1.658400000000000000e+04,5.120000000000000000e+02,-7.840000000000000000e+02,-1.153000000000000000e+03,-6.220000000000000000e+02,-4.200000000000000000e+01
1.679988668973541737e+09,1.658400000000000000e+04,5.120000000000000000e+02,-7.840000000000000000e+02,-1.153000000000000000e+03,-6.220000000000000000e+02,-4.200000000000000000e+01
1.679988668973987103e+09,1.658400000000000000e+04,5.120000000000000000e+02,-7.840000000000000000e+02,-1.153000000000000000e+03,-6.220000000000000000e+02,-4.200000000000000000e+01
1.679988668974422932e+09,1.658400000000000000e+04,5.120000000000000000e+02,-7.840000000000000000e+02,-1.153000000000000000e+03,-6.220000000000000000e+02,-4.200000000000000000e+01
1.679988668974812269e+09,1.658400000000000000e+04,5.120000000000000000e+02,-7.840000000000000000e+02,-1.153000000000000000e+03,-6.220000000000000000e+02,-4.200000000000000000e+01
1.679988668975048542e+09,1.658400000000000000e+04,5.120000000000000000e+02,-7.840000000000000000e+02,-1.153000000000000000e+03,-6.220000000000000000e+02,-4.200000000000000000e+01
1.679988668975273371e+09,1.658400000000000000e+04,5.120000000000000000e+02,-7.840000000000000000e+02,-1.153000000000000000e+03,-6.220000000000000000e+02,-4.200000000000000000e+01
1.679988668975584030e+09,1.658400000000000000e+04,5.120000000000000000e+02,-7.840000000000000000e+02,-1.153000000000000000e+03,-6.220000000000000000e+02,-4.200000000000000000e+01
1.679988668976039886e+09,1.658400000000000000e+04,5.120000000000000000e+02,-7.840000000000000000e+02,-1.153000000000000000e+03,-6.220000000000000000e+02,-4.200000000000000000e+01
1.679988668976266146e+09,1.658400000000000000e+04,5.120000000000000000e+02,-7.840000000000000000e+02,-1.153000000000000000e+03,-6.220000000000000000e+02,-4.200000000000000000e+01
1.679988668976503849e+09,1.658400000000000000e+04,5.120000000000000000e+02,-7.840000000000000000e+02,-1.153000000000000000e+03,-6.220000000000000000e+02,-4.200000000000000000e+01
1.679988668976753950e+09,1.658400000000000000e+04,5.120000000000000000e+02,-7.840000000000000000e+02,-1.153000000000000000e+03,-6.220000000000000000e+02,-4.200000000000000000e+01
1.679988668977201700e+09,1.658400000000000000e+04,5.120000000000000000e+02,-7.840000000000000000e+02,-1.153000000000000000e+03,-6.220000000000000000e+02,-4.200000000000000000e+01
1.679988668977467537e+09,1.658400000000000000e+04,5.120000000000000000e+02,-7.840000000000000000e+02,-1.153000000000000000e+03,-6.220000000000000000e+02,-4.200000000000000000e+01
1.679988668977708578e+09,1.658400000000000000e+04,5.120000000000000000e+02,-7.840000000000000000e+02,-1.153000000000000000e+03,-6.220000000000000000e+02,-4.200000000000000000e+01
1.679988668978082418e+09,1.658400000000000000e+04,5.120000000000000000e+02,-7.840000000000000000e+02,-1.153000000000000000e+03,-6.220000000000000000e+02,-4.200000000000000000e+01
1.679988668978311539e+09,1.658400000000000000e+04,5.120000000000000000e+02,-7.840000000000000000e+02,-1.153000000000000000e+03,-6.220000000000000000e+02,-4.200000000000000000e+01
1.679988668978562593e+09,1.658400000000000000e+04,5.120000000000000000e+02,-7.840000000000000000e+02,-1.153000000000000000e+03,-6.220000000000000000e+02,-4.200000000000000000e+01
1.679988668978797674e+09,1.658400000000000000e+04,5.120000000000000000e+02,-7.840000000000000000e+02,-1.153000000000000000e+03,-6.220000000000000000e+02,-4.200000000000000000e+01
1.679988668979139566e+09,1.658400000000000000e+04,5.120000000000000000e+02,-7.840000000000000000e+02,-1.153000000000000000e+03,-6.220000000000000000e+02,-4.200000000000000000e+01
1.679988668979407787e+09,1.658400000000000000e+04,5.120000000000000000e+02,-7.840000000000000000e+02,-1.153000000000000000e+03,-6.220000000000000000e+02,-4.200000000000000000e+01
1.679988668979647398e+09,1.658400000000000000e+04,5.120000000000000000e+02,-7.840000000000000000e+02,-1.153000000000000000e+03,-6.220000000000000000e+02,-4.200000000000000000e+01
1.679988668979895830e+09,1.658400000000000000e+04,5.120000000000000000e+02,-7.840000000000000000e+02,-1.153000000000000000e+03,-6.220000000000000000e+02,-4.200000000000000000e+01
1.679988668980244637e+09,1.658400000000000000e+04,5.120000000000000000e+02,-7.840000000000000000e+02,-1.153000000000000000e+03,-6.220000000000000000e+02,-4.200000000000000000e+01
1.679988668980584383e+09,1.658400000000000000e+04,5.120000000000000000e+02,-7.840000000000000000e+02,-1.153000000000000000e+03,-6.220000000000000000e+02,-4.200000000000000000e+01
1.679988668980961800e+09,1.658400000000000000e+04,5.120000000000000000e+02,-7.840000000000000000e+02,-1.153000000000000000e+03,-6.220000000000000000e+02,-4.200000000000000000e+01
1.679988668981263876e+09,1.658400000000000000e+04,5.120000000000000000e+02,-7.840000000000000000e+02,-1.153000000000000000e+03,-6.220000000000000000e+02,-4.200000000000000000e+01
1.679988668981500626e+09,1.658400000000000000e+04,5.120000000000000000e+02,-7.840000000000000000e+02,-1.153000000000000000e+03,-6.220000000000000000e+02,-4.200000000000000000e+01
1.679988668981803179e+09,1.658400000000000000e+04,5.120000000000000000e+02,-7.840000000000000000e+02,-1.153000000000000000e+03,-6.220000000000000000e+02,-4.200000000000000000e+01
1.679988668982050657e+09,1.658400000000000000e+04,5.120000000000000000e+02,-7.840000000000000000e+02,-1.153000000000000000e+03,-6.220000000000000000e+02,-4.200000000000000000e+01
1.679988668982354879e+09,1.658400000000000000e+04,5.120000000000000000e+02,-7.840000000000000000e+02,-1.153000000000000000e+03,-6.220000000000000000e+02,-4.200000000000000000e+01
1.679988668982637405e+09,1.658400000000000000e+04,5.120000000000000000e+02,-7.840000000000000000e+02,-1.153000000000000000e+03,-6.220000000000000000e+02,-4.200000000000000000e+01
1.679988668982981682e+09,1.658400000000000000e+04,5.120000000000000000e+02,-7.840000000000000000e+02,-1.153000000000000000e+03,-6.220000000000000000e+02,-4.200000000000000000e+01
1.679988668983282804e+09,1.658400000000000000e+04,5.120000000000000000e+02,-7.840000000000000000e+02,-1.153000000000000000e+03,-6.220000000000000000e+02,-4.200000000000000000e+01
1.679988668983568668e+09,1.658400000000000000e+04,5.120000000000000000e+02,-7.840000000000000000e+02,-1.153000000000000000e+03,-6.220000000000000000e+02,-4.200000000000000000e+01
1.679988668984369993e+09,1.658400000000000000e+04,5.120000000000000000e+02,-7.840000000000000000e+02,-1.153000000000000000e+03,-6.220000000000000000e+02,-4.200000000000000000e+01
1.679988668984709978e+09,1.658400000000000000e+04,5.120000000000000000e+02,-7.840000000000000000e+02,-1.153000000000000000e+03,-6.220000000000000000e+02,-4.200000000000000000e+01
1.679988668984988213e+09,1.658400000000000000e+04,5.120000000000000000e+02,-7.840000000000000000e+02,-1.153000000000000000e+03,-6.220000000000000000e+02,-4.200000000000000000e+01
1.679988668985256195e+09,1.658400000000000000e+04,5.120000000000000000e+02,-7.840000000000000000e+02,-1.153000000000000000e+03,-6.220000000000000000e+02,-4.200000000000000000e+01
1.679988668985511541e+09,1.658400000000000000e+04,5.120000000000000000e+02,-7.840000000000000000e+02,-1.153000000000000000e+03,-6.220000000000000000e+02,-4.200000000000000000e+01
1.679988668985842705e+09,1.658400000000000000e+04,5.120000000000000000e+02,-7.840000000000000000e+02,-1.153000000000000000e+03,-6.220000000000000000e+02,-4.200000000000000000e+01
1.679988668986084461e+09,1.658400000000000000e+04,5.120000000000000000e+02,-7.840000000000000000e+02,-1.153000000000000000e+03,-6.220000000000000000e+02,-4.200000000000000000e+01
1.679988668986359835e+09,1.658400000000000000e+04,5.120000000000000000e+02,-7.840000000000000000e+02,-1.153000000000000000e+03,-6.220000000000000000e+02,-4.200000000000000000e+01
1.679988668986699581e+09,1.658400000000000000e+04,5.120000000000000000e+02,-7.840000000000000000e+02,-1.153000000000000000e+03,-6.220000000000000000e+02,-4.200000000000000000e+01
1.679988668986984491e+09,1.658400000000000000e+04,5.120000000000000000e+02,-7.840000000000000000e+02,-1.153000000000000000e+03,-6.220000000000000000e+02,-4.200000000000000000e+01
1.679988668987220526e+09,1.658400000000000000e+04,5.120000000000000000e+02,-7.840000000000000000e+02,-1.153000000000000000e+03,-6.220000000000000000e+02,-4.200000000000000000e+01
1.679988668987557888e+09,1.658400000000000000e+04,5.120000000000000000e+02,-7.840000000000000000e+02,-1.153000000000000000e+03,-6.220000000000000000e+02,-4.200000000000000000e+01
1.679988668987874508e+09,1.658400000000000000e+04,5.120000000000000000e+02,-7.840000000000000000e+02,-1.153000000000000000e+03,-6.220000000000000000e+02,-4.200000000000000000e+01
1.679988668988134861e+09,1.658400000000000000e+04,5.120000000000000000e+02,-7.840000000000000000e+02,-1.153000000000000000e+03,-6.220000000000000000e+02,-4.200000000000000000e+01
1.679988668988425016e+09,1.658400000000000000e+04,5.120000000000000000e+02,-7.840000000000000000e+02,-1.153000000000000000e+03,-6.220000000000000000e+02,-4.200000000000000000e+01
1.679988668988671541e+09,1.658400000000000000e+04,5.120000000000000000e+02,-7.840000000000000000e+02,-1.153000000000000000e+03,-6.220000000000000000e+02,-4.200000000000000000e+01
1.679988668988904953e+09,1.658400000000000000e+04,5.120000000000000000e+02,-7.840000000000000000e+02,-1.153000000000000000e+03,-6.220000000000000000e+02,-4.200000000000000000e+01
1.679988668989234686e+09,1.658400000000000000e+04,5.120000000000000000e+02,-7.840000000000000000e+02,-1.153000000000000000e+03,-6.220000000000000000e+02,-4.200000000000000000e+01
1.679988668989561081e+09,1.658400000000000000e+04,5.120000000000000000e+02,-7.840000000000000000e+02,-1.153000000000000000e+03,-6.220000000000000000e+02,-4.200000000000000000e+01
1.679988668989847660e+09,1.658400000000000000e+04,5.120000000000000000e+02,-7.840000000000000000e+02,-1.153000000000000000e+03,-6.220000000000000000e+02,-4.200000000000000000e+01
1.679988668990145683e+09,1.658400000000000000e+04,5.120000000000000000e+02,-7.840000000000000000e+02,-1.153000000000000000e+03,-6.220000000000000000e+02,-4.200000000000000000e+01
1.679988668990422487e+09,1.658400000000000000e+04,5.120000000000000000e+02,-7.840000000000000000e+02,-1.153000000000000000e+03,-6.220000000000000000e+02,-4.200000000000000000e+01
1.679988668990654469e+09,1.658400000000000000e+04,5.120000000000000000e+02,-7.840000000000000000e+02,-1.153000000000000000e+03,-6.220000000000000000e+02,-4.200000000000000000e+01
1.679988668990897894e+09,1.658400000000000000e+04,5.120000000000000000e+02,-7.840000000000000000e+02,-1.153000000000000000e+03,-6.220000000000000000e+02,-4.200000000000000000e+01
1.679988668991131544e+09,1.658400000000000000e+04,5.120000000000000000e+02,-7.840000000000000000e+02,-1.153000000000000000e+03,-6.220000000000000000e+02,-4.200000000000000000e+01
1.679988668991485357e+09,1.658400000000000000e+04,5.120000000000000000e+02,-7.840000000000000000e+02,-1.153000000000000000e+03,-6.220000000000000000e+02,-4.200000000000000000e+01
1.679988668991777182e+09,1.658400000000000000e+04,5.120000000000000000e+02,-7.840000000000000000e+02,-1.153000000000000000e+03,-6.220000000000000000e+02,-4.200000000000000000e+01
1.679988668992025375e+09,1.658400000000000000e+04,5.120000000000000000e+02,-7.840000000000000000e+02,-1.153000000000000000e+03,-6.220000000000000000e+02,-4.200000000000000000e+01
1.679988668992256880e+09,1.658400000000000000e+04,5.120000000000000000e+02,-7.840000000000000000e+02,-1.153000000000000000e+03,-6.220000000000000000e+02,-4.200000000000000000e+01
1.679988668992566824e+09,1.658400000000000000e+04,5.120000000000000000e+02,-7.840000000000000000e+02,-1.153000000000000000e+03,-6.220000000000000000e+02,-4.200000000000000000e+01
1.679988668993153811e+09,1.658400000000000000e+04,5.120000000000000000e+02,-7.840000000000000000e+02,-1.153000000000000000e+03,-6.220000000000000000e+02,-4.200000000000000000e+01
1.679988668993441343e+09,1.658400000000000000e+04,5.120000000000000000e+02,-7.840000000000000000e+02,-1.153000000000000000e+03,-6.220000000000000000e+02,-4.200000000000000000e+01
1.679988668993720055e+09,1.658400000000000000e+04,5.120000000000000000e+02,-7.840000000000000000e+02,-1.153000000000000000e+03,-6.220000000000000000e+02,-4.200000000000000000e+01
1.679988668994007349e+09,1.658400000000000000e+04,5.120000000000000000e+02,-7.840000000000000000e+02,-1.153000000000000000e+03,-6.220000000000000000e+02,-4.200000000000000000e+01
1.679988668994282961e+09,1.658400000000000000e+04,5.120000000000000000e+02,-7.840000000000000000e+02,-1.153000000000000000e+03,-6.220000000000000000e+02,-4.200000000000000000e+01
1.679988668994892836e+09,1.658400000000000000e+04,5.120000000000000000e+02,-7.840000000000000000e+02,-1.153000000000000000e+03,-6.220000000000000000e+02,-4.200000000000000000e+01
1.679988668995161295e+09,1.658400000000000000e+04,5.120000000000000000e+02,-7.840000000000000000e+02,-1.153000000000000000e+03,-6.220000000000000000e+02,-4.200000000000000000e+01
1.679988668995446444e+09,1.658400000000000000e+04,5.120000000000000000e+02,-7.840000000000000000e+02,-1.153000000000000000e+03,-6.220000000000000000e+02,-4.200000000000000000e+01
1.679988668995764732e+09,1.658400000000000000e+04,5.120000000000000000e+02,-7.840000000000000000e+02,-1.153000000000000000e+03,-6.220000000000000000e+02,-4.200000000000000000e+01
1.679988668996047974e+09,1.658400000000000000e+04,5.120000000000000000e+02,-7.840000000000000000e+02,-1.153000000000000000e+03,-6.220000000000000000e+02,-4.200000000000000000e+01
1.679988668996354818e+09,1.658400000000000000e+04,5.120000000000000000e+02,-7.840000000000000000e+02,-1.153000000000000000e+03,-6.220000000000000000e+02,-4.200000000000000000e+01
1.679988668996636629e+09,1.658400000000000000e+04,5.120000000000000000e+02,-7.840000000000000000e+02,-1.153000000000000000e+03,-6.220000000000000000e+02,-4.200000000000000000e+01
1.679988668997045755e+09,1.658400000000000000e+04,5.120000000000000000e+02,-7.840000000000000000e+02,-1.153000000000000000e+03,-6.220000000000000000e+02,-4.200000000000000000e+01
1.679988668997281551e+09,1.658400000000000000e+04,5.120000000000000000e+02,-7.840000000000000000e+02,-1.153000000000000000e+03,-6.220000000000000000e+02,-4.200000000000000000e+01
1.679988668997581720e+09,1.658400000000000000e+04,5.120000000000000000e+02,-7.840000000000000000e+02,-1.153000000000000000e+03,-6.220000000000000000e+02,-4.200000000000000000e+01
1.679988668998069286e+09,1.658400000000000000e+04,5.120000000000000000e+02,-7.840000000000000000e+02,-1.153000000000000000e+03,-6.220000000000000000e+02,-4.200000000000000000e+01
1.679988668998353481e+09,1.658400000000000000e+04,5.120000000000000000e+02,-7.840000000000000000e+02,-1.153000000000000000e+03,-6.220000000000000000e+02,-4.200000000000000000e+01
1.679988668998619318e+09,1.658400000000000000e+04,5.120000000000000000e+02,-7.840000000000000000e+02,-1.153000000000000000e+03,-6.220000000000000000e+02,-4.200000000000000000e+01
1.679988668998943806e+09,1.658400000000000000e+04,5.120000000000000000e+02,-7.840000000000000000e+02,-1.153000000000000000e+03,-6.220000000000000000e+02,-4.200000000000000000e+01
1.679988668999373674e+09,1.658400000000000000e+04,5.120000000000000000e+02,-7.840000000000000000e+02,-1.153000000000000000e+03,-6.220000000000000000e+02,-4.200000000000000000e+01
1.679988668999682665e+09,1.658400000000000000e+04,5.120000000000000000e+02,-7.840000000000000000e+02,-1.153000000000000000e+03,-6.220000000000000000e+02,-4.200000000000000000e+01
1.679988669000296116e+09,1.658400000000000000e+04,5.120000000000000000e+02,-7.840000000000000000e+02,-1.153000000000000000e+03,-6.220000000000000000e+02,-4.200000000000000000e+01
1.679988669001320362e+09,1.658400000000000000e+04,5.120000000000000000e+02,-7.840000000000000000e+02,-1.153000000000000000e+03,-6.220000000000000000e+02,-4.200000000000000000e+01
1.679988669001592159e+09,1.658400000000000000e+04,5.120000000000000000e+02,-7.840000000000000000e+02,-1.153000000000000000e+03,-6.220000000000000000e+02,-4.200000000000000000e+01
1.679988669002083778e+09,1.658400000000000000e+04,5.120000000000000000e+02,-7.840000000000000000e+02,-1.153000000000000000e+03,-6.220000000000000000e+02,-4.200000000000000000e+01
1.679988669002320290e+09,1.658400000000000000e+04,5.120000000000000000e+02,-7.840000000000000000e+02,-1.153000000000000000e+03,-6.220000000000000000e+02,-4.200000000000000000e+01
1.679988669002552986e+09,1.658400000000000000e+04,5.120000000000000000e+02,-7.840000000000000000e+02,-1.153000000000000000e+03,-6.220000000000000000e+02,-4.200000000000000000e+01
1.679988669002801418e+09,1.658400000000000000e+04,5.120000000000000000e+02,-7.840000000000000000e+02,-1.153000000000000000e+03,-6.220000000000000000e+02,-4.200000000000000000e+01
1.679988669003123283e+09,1.658400000000000000e+04,5.120000000000000000e+02,-7.840000000000000000e+02,-1.153000000000000000e+03,-6.220000000000000000e+02,-4.200000000000000000e+01
1.679988669003566265e+09,1.658400000000000000e+04,5.120000000000000000e+02,-7.840000000000000000e+02,-1.153000000000000000e+03,-6.220000000000000000e+02,-4.200000000000000000e+01
1.679988669003811121e+09,1.658400000000000000e+04,5.120000000000000000e+02,-7.840000000000000000e+02,-1.153000000000000000e+03,-6.220000000000000000e+02,-4.200000000000000000e+01
1.679988669004110336e+09,1.658400000000000000e+04,5.120000000000000000e+02,-7.840000000000000000e+02,-1.153000000000000000e+03,-6.220000000000000000e+02,-4.200000000000000000e+01
1.679988669004413366e+09,1.658400000000000000e+04,5.120000000000000000e+02,-7.840000000000000000e+02,-1.153000000000000000e+03,-6.220000000000000000e+02,-4.200000000000000000e+01
1.679988669004634142e+09,1.658400000000000000e+04,5.120000000000000000e+02,-7.840000000000000000e+02,-1.153000000000000000e+03,-6.220000000000000000e+02,-4.200000000000000000e+01
1.679988669004862547e+09,1.658400000000000000e+04,5.120000000000000000e+02,-7.840000000000000000e+02,-1.153000000000000000e+03,-6.220000000000000000e+02,-4.200000000000000000e+01
1.679988669005102158e+09,1.658400000000000000e+04,5.120000000000000000e+02,-7.840000000000000000e+02,-1.153000000000000000e+03,-6.220000000000000000e+02,-4.200000000000000000e+01
1.679988669005451441e+09,1.658400000000000000e+04,5.120000000000000000e+02,-7.840000000000000000e+02,-1.153000000000000000e+03,-6.220000000000000000e+02,-4.200000000000000000e+01
1.679988669005942583e+09,1.658400000000000000e+04,5.120000000000000000e+02,-7.840000000000000000e+02,-1.153000000000000000e+03,-6.220000000000000000e+02,-4.200000000000000000e+01
1.679988669006188393e+09,1.658400000000000000e+04,5.120000000000000000e+02,-7.840000000000000000e+02,-1.153000000000000000e+03,-6.220000000000000000e+02,-4.200000000000000000e+01
1.679988669006471872e+09,1.658400000000000000e+04,5.120000000000000000e+02,-7.840000000000000000e+02,-1.153000000000000000e+03,-6.220000000000000000e+02,-4.200000000000000000e+01
1.679988669006775141e+09,1.658400000000000000e+04,5.120000000000000000e+02,-7.840000000000000000e+02,-1.153000000000000000e+03,-6.220000000000000000e+02,-4.200000000000000000e+01
1.679988669006998777e+09,1.658400000000000000e+04,5.120000000000000000e+02,-7.840000000000000000e+02,-1.153000000000000000e+03,-6.220000000000000000e+02,-4.200000000000000000e+01
1.679988669007243633e+09,1.658400000000000000e+04,5.120000000000000000e+02,-7.840000000000000000e+02,-1.153000000000000000e+03,-6.220000000000000000e+02,-4.200000000000000000e+01
1.679988669007535696e+09,1.658400000000000000e+04,5.120000000000000000e+02,-7.840000000000000000e+02,-1.153000000000000000e+03,-6.220000000000000000e+02,-4.200000000000000000e+01
1.679988669007909060e+09,1.658400000000000000e+04,5.120000000000000000e+02,-7.840000000000000000e+02,-1.153000000000000000e+03,-6.220000000000000000e+02,-4.200000000000000000e+01
1.679988669008523941e+09,1.658400000000000000e+04,5.120000000000000000e+02,-7.840000000000000000e+02,-1.153000000000000000e+03,-6.220000000000000000e+02,-4.200000000000000000e+01
1.679988669009454489e+09,1.658400000000000000e+04,5.120000000000000000e+02,-7.840000000000000000e+02,-1.153000000000000000e+03,-6.220000000000000000e+02,-4.200000000000000000e+01
1.679988669009988070e+09,1.658400000000000000e+04,5.120000000000000000e+02,-7.840000000000000000e+02,-1.153000000000000000e+03,-6.220000000000000000e+02,-4.200000000000000000e+01
1.679988669010566950e+09,1.658400000000000000e+04,5.120000000000000000e+02,-7.840000000000000000e+02,-1.153000000000000000e+03,-6.220000000000000000e+02,-4.200000000000000000e+01
1.679988669011634350e+09,1.658400000000000000e+04,5.120000000000000000e+02,-7.840000000000000000e+02,-1.153000000000000000e+03,-6.220000000000000000e+02,-4.200000000000000000e+01
1.679988669012413979e+09,1.658400000000000000e+04,5.120000000000000000e+02,-7.840000000000000000e+02,-1.153000000000000000e+03,-6.220000000000000000e+02,-4.200000000000000000e+01
1.679988669012865305e+09,1.658400000000000000e+04,5.120000000000000000e+02,-7.840000000000000000e+02,-1.153000000000000000e+03,-6.220000000000000000e+02,-4.200000000000000000e+01
1.679988669013113022e+09,1.658400000000000000e+04,5.120000000000000000e+02,-7.840000000000000000e+02,-1.153000000000000000e+03,-6.220000000000000000e+02,-4.200000000000000000e+01
1.679988669013364315e+09,1.658400000000000000e+04,5.120000000000000000e+02,-7.840000000000000000e+02,-1.153000000000000000e+03,-6.220000000000000000e+02,-4.200000000000000000e+01
1.679988669013607979e+09,1.658400000000000000e+04,5.120000000000000000e+02,-7.840000000000000000e+02,-1.153000000000000000e+03,-6.220000000000000000e+02,-4.200000000000000000e+01
1.679988669013918400e+09,1.658400000000000000e+04,5.120000000000000000e+02,-7.840000000000000000e+02,-1.153000000000000000e+03,-6.220000000000000000e+02,-4.200000000000000000e+01
1.679988669014329910e+09,1.658400000000000000e+04,5.120000000000000000e+02,-7.840000000000000000e+02,-1.153000000000000000e+03,-6.220000000000000000e+02,-4.200000000000000000e+01
1.679988669014749289e+09,1.658400000000000000e+04,5.120000000000000000e+02,-7.840000000000000000e+02,-1.153000000000000000e+03,-6.220000000000000000e+02,-4.200000000000000000e+01
1.679988669015110493e+09,1.658400000000000000e+04,5.120000000000000000e+02,-7.840000000000000000e+02,-1.153000000000000000e+03,-6.220000000000000000e+02,-4.200000000000000000e+01
1.679988669015441656e+09,1.658400000000000000e+04,5.120000000000000000e+02,-7.840000000000000000e+02,-1.153000000000000000e+03,-6.220000000000000000e+02,-4.200000000000000000e+01
1.679988669016057014e+09,1.658400000000000000e+04,5.120000000000000000e+02,-7.840000000000000000e+02,-1.153000000000000000e+03,-6.220000000000000000e+02,-4.200000000000000000e+01
1.679988669016346455e+09,1.658400000000000000e+04,5.120000000000000000e+02,-7.840000000000000000e+02,-1.153000000000000000e+03,-6.220000000000000000e+02,-4.200000000000000000e+01
1.679988669016610384e+09,1.658400000000000000e+04,5.120000000000000000e+02,-7.840000000000000000e+02,-1.153000000000000000e+03,-6.220000000000000000e+02,-4.200000000000000000e+01
1.679988669016902685e+09,1.658400000000000000e+04,5.120000000000000000e+02,-7.840000000000000000e+02,-1.153000000000000000e+03,-6.220000000000000000e+02,-4.200000000000000000e+01
1.679988669017192602e+09,1.658400000000000000e+04,5.120000000000000000e+02,-7.840000000000000000e+02,-1.153000000000000000e+03,-6.220000000000000000e+02,-4.200000000000000000e+01
1.679988669017476559e+09,1.658400000000000000e+04,5.120000000000000000e+02,-7.840000000000000000e+02,-1.153000000000000000e+03,-6.220000000000000000e+02,-4.200000000000000000e+01
1.679988669017723083e+09,1.658400000000000000e+04,5.120000000000000000e+02,-7.840000000000000000e+02,-1.153000000000000000e+03,-6.220000000000000000e+02,-4.200000000000000000e+01
1.679988669017979860e+09,1.658400000000000000e+04,5.120000000000000000e+02,-7.840000000000000000e+02,-1.153000000000000000e+03,-6.220000000000000000e+02,-4.200000000000000000e+01
1.679988669018634319e+09,1.658400000000000000e+04,5.120000000000000000e+02,-7.840000000000000000e+02,-1.153000000000000000e+03,-6.220000000000000000e+02,-4.200000000000000000e+01
1.679988669018919945e+09,1.658400000000000000e+04,5.120000000000000000e+02,-7.840000000000000000e+02,-1.153000000000000000e+03,-6.220000000000000000e+02,-4.200000000000000000e+01
1.679988669019253016e+09,1.658400000000000000e+04,5.120000000000000000e+02,-7.840000000000000000e+02,-1.153000000000000000e+03,-6.220000000000000000e+02,-4.200000000000000000e+01
1.679988669019506216e+09,1.658400000000000000e+04,5.120000000000000000e+02,-7.840000000000000000e+02,-1.153000000000000000e+03,-6.220000000000000000e+02,-4.200000000000000000e+01
1.679988669019759417e+09,1.658400000000000000e+04,5.120000000000000000e+02,-7.840000000000000000e+02,-1.153000000000000000e+03,-6.220000000000000000e+02,-4.200000000000000000e+01
1.679988669020055056e+09,1.658400000000000000e+04,5.120000000000000000e+02,-7.840000000000000000e+02,-1.153000000000000000e+03,-6.220000000000000000e+02,-4.200000000000000000e+01
1.679988669020347834e+09,1.658400000000000000e+04,5.120000000000000000e+02,-7.840000000000000000e+02,-1.153000000000000000e+03,-6.220000000000000000e+02,-4.200000000000000000e+01
1.679988669020632029e+09,1.658400000000000000e+04,5.120000000000000000e+02,-7.840000000000000000e+02,-1.153000000000000000e+03,-6.220000000000000000e+02,-4.200000000000000000e+01
1.679988669020903349e+09,1.658400000000000000e+04,5.120000000000000000e+02,-7.840000000000000000e+02,-1.153000000000000000e+03,-6.220000000000000000e+02,-4.200000000000000000e+01
1.679988669021153450e+09,1.658400000000000000e+04,5.120000000000000000e+02,-7.840000000000000000e+02,-1.153000000000000000e+03,-6.220000000000000000e+02,-4.200000000000000000e+01
1.679988669021485567e+09,1.658400000000000000e+04,5.120000000000000000e+02,-7.840000000000000000e+02,-1.153000000000000000e+03,-6.220000000000000000e+02,-4.200000000000000000e+01
1.679988669021822453e+09,1.658400000000000000e+04,5.120000000000000000e+02,-7.840000000000000000e+02,-1.153000000000000000e+03,-6.220000000000000000e+02,-4.200000000000000000e+01
1.679988669022065639e+09,1.658400000000000000e+04,5.120000000000000000e+02,-7.840000000000000000e+02,-1.153000000000000000e+03,-6.220000000000000000e+02,-4.200000000000000000e+01
1.679988669022390842e+09,1.658400000000000000e+04,5.120000000000000000e+02,-7.840000000000000000e+02,-1.153000000000000000e+03,-6.220000000000000000e+02,-4.200000000000000000e+01
1.679988669022671938e+09,1.658400000000000000e+04,5.120000000000000000e+02,-7.840000000000000000e+02,-1.153000000000000000e+03,-6.220000000000000000e+02,-4.200000000000000000e+01
1.679988669022922277e+09,1.658400000000000000e+04,5.120000000000000000e+02,-7.840000000000000000e+02,-1.153000000000000000e+03,-6.220000000000000000e+02,-4.200000000000000000e+01
1.679988669023167372e+09,1.658400000000000000e+04,5.120000000000000000e+02,-7.840000000000000000e+02,-1.153000000000000000e+03,-6.220000000000000000e+02,-4.200000000000000000e+01
1.679988669023491621e+09,1.658400000000000000e+04,5.120000000000000000e+02,-7.840000000000000000e+02,-1.153000000000000000e+03,-6.220000000000000000e+02,-4.200000000000000000e+01
1.679988669023745775e+09,1.658400000000000000e+04,5.120000000000000000e+02,-7.840000000000000000e+02,-1.153000000000000000e+03,-6.220000000000000000e+02,-4.200000000000000000e+01
1.679988669024310350e+09,1.658400000000000000e+04,5.120000000000000000e+02,-7.840000000000000000e+02,-1.153000000000000000e+03,-6.220000000000000000e+02,-4.200000000000000000e+01
1.679988669024613619e+09,1.658400000000000000e+04,5.120000000000000000e+02,-7.840000000000000000e+02,-1.153000000000000000e+03,-6.220000000000000000e+02,-4.200000000000000000e+01
1.679988669024881363e+09,1.658400000000000000e+04,5.120000000000000000e+02,-7.840000000000000000e+02,-1.153000000000000000e+03,-6.220000000000000000e+02,-4.200000000000000000e+01
1.679988669025175333e+09,1.658400000000000000e+04,5.120000000000000000e+02,-7.840000000000000000e+02,-1.153000000000000000e+03,-6.220000000000000000e+02,-4.200000000000000000e+01
1.679988669025456190e+09,1.658400000000000000e+04,5.120000000000000000e+02,-7.840000000000000000e+02,-1.153000000000000000e+03,-6.220000000000000000e+02,-4.200000000000000000e+01
1.679988669025738955e+09,1.658400000000000000e+04,5.120000000000000000e+02,-7.840000000000000000e+02,-1.153000000000000000e+03,-6.220000000000000000e+02,-4.200000000000000000e+01
1.679988669025976658e+09,1.658400000000000000e+04,5.120000000000000000e+02,-7.840000000000000000e+02,-1.153000000000000000e+03,-6.220000000000000000e+02,-4.200000000000000000e+01
1.679988669026337624e+09,1.658400000000000000e+04,5.120000000000000000e+02,-7.840000000000000000e+02,-1.153000000000000000e+03,-6.220000000000000000e+02,-4.200000000000000000e+01
1.679988669026768208e+09,1.658400000000000000e+04,5.120000000000000000e+02,-7.840000000000000000e+02,-1.153000000000000000e+03,-6.220000000000000000e+02,-4.200000000000000000e+01
1.679988669027607203e+09,1.658400000000000000e+04,5.120000000000000000e+02,-7.840000000000000000e+02,-1.153000000000000000e+03,-6.220000000000000000e+02,-4.200000000000000000e+01
1.679988669028703213e+09,1.658400000000000000e+04,5.120000000000000000e+02,-7.840000000000000000e+02,-1.153000000000000000e+03,-6.220000000000000000e+02,-4.200000000000000000e+01
1.679988669029027700e+09,1.658400000000000000e+04,5.120000000000000000e+02,-7.840000000000000000e+02,-1.153000000000000000e+03,-6.220000000000000000e+02,-4.200000000000000000e+01
1.679988669029559374e+09,1.658400000000000000e+04,5.120000000000000000e+02,-7.840000000000000000e+02,-1.153000000000000000e+03,-6.220000000000000000e+02,-4.200000000000000000e+01
1.679988669029833317e+09,1.658400000000000000e+04,5.120000000000000000e+02,-7.840000000000000000e+02,-1.153000000000000000e+03,-6.220000000000000000e+02,-4.200000000000000000e+01
1.679988669030171871e+09,1.658400000000000000e+04,5.120000000000000000e+02,-7.840000000000000000e+02,-1.153000000000000000e+03,-6.220000000000000000e+02,-4.200000000000000000e+01
1.679988669030400515e+09,1.658400000000000000e+04,5.120000000000000000e+02,-7.840000000000000000e+02,-1.153000000000000000e+03,-6.220000000000000000e+02,-4.200000000000000000e+01
1.679988669030644655e+09,1.658400000000000000e+04,5.120000000000000000e+02,-7.840000000000000000e+02,-1.153000000000000000e+03,-6.220000000000000000e+02,-4.200000000000000000e+01
1.679988669030894518e+09,1.658400000000000000e+04,5.120000000000000000e+02,-7.840000000000000000e+02,-1.153000000000000000e+03,-6.220000000000000000e+02,-4.200000000000000000e+01
1.679988669031248569e+09,1.658400000000000000e+04,5.120000000000000000e+02,-7.840000000000000000e+02,-1.153000000000000000e+03,-6.220000000000000000e+02,-4.200000000000000000e+01
1.679988669031709909e+09,1.658400000000000000e+04,5.120000000000000000e+02,-7.840000000000000000e+02,-1.153000000000000000e+03,-6.220000000000000000e+02,-4.200000000000000000e+01
1.679988669031957865e+09,1.658400000000000000e+04,5.120000000000000000e+02,-7.840000000000000000e+02,-1.153000000000000000e+03,-6.220000000000000000e+02,-4.200000000000000000e+01
1.679988669032228947e+09,1.658400000000000000e+04,5.120000000000000000e+02,-7.840000000000000000e+02,-1.153000000000000000e+03,-6.220000000000000000e+02,-4.200000000000000000e+01
1.679988669032556057e+09,1.658400000000000000e+04,5.120000000000000000e+02,-7.840000000000000000e+02,-1.153000000000000000e+03,-6.220000000000000000e+02,-4.200000000000000000e+01
1.679988669032784224e+09,1.658400000000000000e+04,5.120000000000000000e+02,-7.840000000000000000e+02,-1.153000000000000000e+03,-6.220000000000000000e+02,-4.200000000000000000e+01
1.679988669033035040e+09,1.658400000000000000e+04,5.120000000000000000e+02,-7.840000000000000000e+02,-1.153000000000000000e+03,-6.220000000000000000e+02,-4.200000000000000000e+01
1.679988669033281088e+09,1.658400000000000000e+04,5.120000000000000000e+02,-7.840000000000000000e+02,-1.153000000000000000e+03,-6.220000000000000000e+02,-4.200000000000000000e+01
1.679988669033639431e+09,1.658400000000000000e+04,5.120000000000000000e+02,-7.840000000000000000e+02,-1.153000000000000000e+03,-6.220000000000000000e+02,-4.200000000000000000e+01
1.679988669034096718e+09,1.658400000000000000e+04,5.120000000000000000e+02,-7.840000000000000000e+02,-1.153000000000000000e+03,-6.220000000000000000e+02,-4.200000000000000000e+01
1.679988669034327269e+09,1.658400000000000000e+04,5.120000000000000000e+02,-7.840000000000000000e+02,-1.153000000000000000e+03,-6.220000000000000000e+02,-4.200000000000000000e+01
1.679988669034606218e+09,1.658400000000000000e+04,5.120000000000000000e+02,-7.840000000000000000e+02,-1.153000000000000000e+03,-6.220000000000000000e+02,-4.200000000000000000e+01
1.679988669034925222e+09,1.658400000000000000e+04,5.120000000000000000e+02,-7.840000000000000000e+02,-1.153000000000000000e+03,-6.220000000000000000e+02,-4.200000000000000000e+01
1.679988669035183668e+09,1.658400000000000000e+04,5.120000000000000000e+02,-7.840000000000000000e+02,-1.153000000000000000e+03,-6.220000000000000000e+02,-4.200000000000000000e+01
1.679988669035595179e+09,1.658400000000000000e+04,5.120000000000000000e+02,-7.840000000000000000e+02,-1.153000000000000000e+03,-6.220000000000000000e+02,-4.200000000000000000e+01
1.679988669036362648e+09,1.658400000000000000e+04,5.120000000000000000e+02,-7.840000000000000000e+02,-1.153000000000000000e+03,-6.220000000000000000e+02,-4.200000000000000000e+01
1.679988669037285089e+09,1.658400000000000000e+04,5.120000000000000000e+02,-7.840000000000000000e+02,-1.153000000000000000e+03,-6.220000000000000000e+02,-4.200000000000000000e+01
1.679988669037631273e+09,1.658400000000000000e+04,5.120000000000000000e+02,-7.840000000000000000e+02,-1.153000000000000000e+03,-6.220000000000000000e+02,-4.200000000000000000e+01
1.679988669038789988e+09,1.658400000000000000e+04,5.120000000000000000e+02,-7.840000000000000000e+02,-1.153000000000000000e+03,-6.220000000000000000e+02,-4.200000000000000000e+01
1.679988669039730787e+09,1.658400000000000000e+04,5.120000000000000000e+02,-7.840000000000000000e+02,-1.153000000000000000e+03,-6.220000000000000000e+02,-4.200000000000000000e+01
1.679988669040200472e+09,1.658400000000000000e+04,5.120000000000000000e+02,-7.840000000000000000e+02,-1.153000000000000000e+03,-6.220000000000000000e+02,-4.200000000000000000e+01
1.679988669041246653e+09,1.658400000000000000e+04,5.120000000000000000e+02,-7.840000000000000000e+02,-1.153000000000000000e+03,-6.220000000000000000e+02,-4.200000000000000000e+01
1.679988669041532516e+09,1.658400000000000000e+04,5.120000000000000000e+02,-7.840000000000000000e+02,-1.153000000000000000e+03,-6.220000000000000000e+02,-4.200000000000000000e+01
1.679988669043604136e+09,1.658400000000000000e+04,5.120000000000000000e+02,-7.840000000000000000e+02,-1.153000000000000000e+03,-6.220000000000000000e+02,-4.200000000000000000e+01
1.679988669045475245e+09,1.658400000000000000e+04,5.120000000000000000e+02,-7.840000000000000000e+02,-1.153000000000000000e+03,-6.220000000000000000e+02,-4.200000000000000000e+01
1.679988669045804024e+09,1.658400000000000000e+04,5.120000000000000000e+02,-7.840000000000000000e+02,-1.153000000000000000e+03,-6.220000000000000000e+02,-4.200000000000000000e+01
1.679988669046462536e+09,1.658400000000000000e+04,5.120000000000000000e+02,-7.840000000000000000e+02,-1.153000000000000000e+03,-6.220000000000000000e+02,-4.200000000000000000e+01
1.679988669046774864e+09,1.658400000000000000e+04,5.120000000000000000e+02,-7.840000000000000000e+02,-1.153000000000000000e+03,-6.220000000000000000e+02,-4.200000000000000000e+01
1.679988669047033548e+09,1.658400000000000000e+04,5.120000000000000000e+02,-7.840000000000000000e+02,-1.153000000000000000e+03,-6.220000000000000000e+02,-4.200000000000000000e+01
1.679988669047283173e+09,1.658400000000000000e+04,5.120000000000000000e+02,-7.840000000000000000e+02,-1.153000000000000000e+03,-6.220000000000000000e+02,-4.200000000000000000e+01
1.679988669047520161e+09,1.658400000000000000e+04,5.120000000000000000e+02,-7.840000000000000000e+02,-1.153000000000000000e+03,-6.220000000000000000e+02,-4.200000000000000000e+01
1.679988669047766924e+09,1.658400000000000000e+04,5.120000000000000000e+02,-7.840000000000000000e+02,-1.153000000000000000e+03,-6.220000000000000000e+02,-4.200000000000000000e+01
1.679988669048002005e+09,1.658400000000000000e+04,5.120000000000000000e+02,-7.840000000000000000e+02,-1.153000000000000000e+03,-6.220000000000000000e+02,-4.200000000000000000e+01
1.679988669048248529e+09,1.658400000000000000e+04,5.120000000000000000e+02,-7.840000000000000000e+02,-1.153000000000000000e+03,-6.220000000000000000e+02,-4.200000000000000000e+01
1.679988669048497677e+09,1.658400000000000000e+04,5.120000000000000000e+02,-7.840000000000000000e+02,-1.153000000000000000e+03,-6.220000000000000000e+02,-4.200000000000000000e+01
1.679988669049254656e+09,1.658400000000000000e+04,5.120000000000000000e+02,-7.840000000000000000e+02,-1.153000000000000000e+03,-6.220000000000000000e+02,-4.200000000000000000e+01
1.679988669049596071e+09,1.658400000000000000e+04,5.120000000000000000e+02,-7.840000000000000000e+02,-1.153000000000000000e+03,-6.220000000000000000e+02,-4.200000000000000000e+01
1.679988669049876690e+09,1.658400000000000000e+04,5.120000000000000000e+02,-7.840000000000000000e+02,-1.153000000000000000e+03,-6.220000000000000000e+02,-4.200000000000000000e+01
1.679988669050201416e+09,1.658400000000000000e+04,5.120000000000000000e+02,-7.840000000000000000e+02,-1.153000000000000000e+03,-6.220000000000000000e+02,-4.200000000000000000e+01
1.679988669050474167e+09,1.658400000000000000e+04,5.120000000000000000e+02,-7.840000000000000000e+02,-1.153000000000000000e+03,-6.220000000000000000e+02,-4.200000000000000000e+01
1.679988669050723076e+09,1.658400000000000000e+04,5.120000000000000000e+02,-7.840000000000000000e+02,-1.153000000000000000e+03,-6.220000000000000000e+02,-4.200000000000000000e+01
1.679988669050982475e+09,1.658400000000000000e+04,5.120000000000000000e+02,-7.840000000000000000e+02,-1.153000000000000000e+03,-6.220000000000000000e+02,-4.200000000000000000e+01
1.679988669051221132e+09,1.658400000000000000e+04,5.120000000000000000e+02,-7.840000000000000000e+02,-1.153000000000000000e+03,-6.220000000000000000e+02,-4.200000000000000000e+01
1.679988669051461220e+09,1.658400000000000000e+04,5.120000000000000000e+02,-7.840000000000000000e+02,-1.153000000000000000e+03,-6.220000000000000000e+02,-4.200000000000000000e+01
1.679988669051717281e+09,1.658400000000000000e+04,5.120000000000000000e+02,-7.840000000000000000e+02,-1.153000000000000000e+03,-6.220000000000000000e+02,-4.200000000000000000e+01
1.679988669051965952e+09,1.658400000000000000e+04,5.120000000000000000e+02,-7.840000000000000000e+02,-1.153000000000000000e+03,-6.220000000000000000e+02,-4.200000000000000000e+01
1.679988669052203178e+09,1.658400000000000000e+04,5.120000000000000000e+02,-7.840000000000000000e+02,-1.153000000000000000e+03,-6.220000000000000000e+02,-4.200000000000000000e+01
1.679988669052471638e+09,1.658400000000000000e+04,5.120000000000000000e+02,-7.840000000000000000e+02,-1.153000000000000000e+03,-6.220000000000000000e+02,-4.200000000000000000e+01
1.679988669052816868e+09,1.658400000000000000e+04,5.120000000000000000e+02,-7.840000000000000000e+02,-1.153000000000000000e+03,-6.220000000000000000e+02,-4.200000000000000000e+01
1.679988669053082943e+09,1.658400000000000000e+04,5.120000000000000000e+02,-7.840000000000000000e+02,-1.153000000000000000e+03,-6.220000000000000000e+02,-4.200000000000000000e+01
1.679988669053390741e+09,1.658400000000000000e+04,5.120000000000000000e+02,-7.840000000000000000e+02,-1.153000000000000000e+03,-6.220000000000000000e+02,-4.200000000000000000e+01
1.679988669053685904e+09,1.658400000000000000e+04,5.120000000000000000e+02,-7.840000000000000000e+02,-1.153000000000000000e+03,-6.220000000000000000e+02,-4.200000000000000000e+01
1.679988669053980589e+09,1.658400000000000000e+04,5.120000000000000000e+02,-7.840000000000000000e+02,-1.153000000000000000e+03,-6.220000000000000000e+02,-4.200000000000000000e+01
1.679988669054241180e+09,1.658400000000000000e+04,5.120000000000000000e+02,-7.840000000000000000e+02,-1.153000000000000000e+03,-6.220000000000000000e+02,-4.200000000000000000e+01
1.679988669054575205e+09,1.658400000000000000e+04,5.120000000000000000e+02,-7.840000000000000000e+02,-1.153000000000000000e+03,-6.220000000000000000e+02,-4.200000000000000000e+01
1.679988669054850578e+09,1.658400000000000000e+04,5.120000000000000000e+02,-7.840000000000000000e+02,-1.153000000000000000e+03,-6.220000000000000000e+02,-4.200000000000000000e+01
1.679988669055206060e+09,1.658400000000000000e+04,5.120000000000000000e+02,-7.840000000000000000e+02,-1.153000000000000000e+03,-6.220000000000000000e+02,-4.200000000000000000e+01
1.679988669055478573e+09,1.658400000000000000e+04,5.120000000000000000e+02,-7.840000000000000000e+02,-1.153000000000000000e+03,-6.220000000000000000e+02,-4.200000000000000000e+01
1.679988669055854559e+09,1.658400000000000000e+04,5.120000000000000000e+02,-7.840000000000000000e+02,-1.153000000000000000e+03,-6.220000000000000000e+02,-4.200000000000000000e+01
1.679988669056106091e+09,1.658400000000000000e+04,5.120000000000000000e+02,-7.840000000000000000e+02,-1.153000000000000000e+03,-6.220000000000000000e+02,-4.200000000000000000e+01
1.679988669056480169e+09,1.658400000000000000e+04,5.120000000000000000e+02,-7.840000000000000000e+02,-1.153000000000000000e+03,-6.220000000000000000e+02,-4.200000000000000000e+01
1.679988669056898832e+09,1.658400000000000000e+04,5.120000000000000000e+02,-7.840000000000000000e+02,-1.153000000000000000e+03,-6.220000000000000000e+02,-4.200000000000000000e+01
1.679988669057743311e+09,1.658400000000000000e+04,5.120000000000000000e+02,-7.840000000000000000e+02,-1.153000000000000000e+03,-6.220000000000000000e+02,-4.200000000000000000e+01
1.679988669058868170e+09,1.658400000000000000e+04,5.120000000000000000e+02,-7.840000000000000000e+02,-1.153000000000000000e+03,-6.220000000000000000e+02,-4.200000000000000000e+01
1.679988669059224844e+09,1.658400000000000000e+04,5.120000000000000000e+02,-7.840000000000000000e+02,-1.153000000000000000e+03,-6.220000000000000000e+02,-4.200000000000000000e+01
1.679988669059552193e+09,1.658400000000000000e+04,5.120000000000000000e+02,-7.840000000000000000e+02,-1.153000000000000000e+03,-6.220000000000000000e+02,-4.200000000000000000e+01
1.679988669059868574e+09,1.658400000000000000e+04,5.120000000000000000e+02,-7.840000000000000000e+02,-1.153000000000000000e+03,-6.220000000000000000e+02,-4.200000000000000000e+01
1.679988669060137987e+09,1.658400000000000000e+04,5.120000000000000000e+02,-7.840000000000000000e+02,-1.153000000000000000e+03,-6.220000000000000000e+02,-4.200000000000000000e+01
1.679988669060527802e+09,1.658400000000000000e+04,5.120000000000000000e+02,-7.840000000000000000e+02,-1.153000000000000000e+03,-6.220000000000000000e+02,-4.200000000000000000e+01
1.679988669060845375e+09,1.658400000000000000e+04,5.120000000000000000e+02,-7.840000000000000000e+02,-1.153000000000000000e+03,-6.220000000000000000e+02,-4.200000000000000000e+01
1.679988669061250210e+09,1.658400000000000000e+04,5.120000000000000000e+02,-7.840000000000000000e+02,-1.153000000000000000e+03,-6.220000000000000000e+02,-4.200000000000000000e+01
1.679988669061489582e+09,1.658400000000000000e+04,5.120000000000000000e+02,-7.840000000000000000e+02,-1.153000000000000000e+03,-6.220000000000000000e+02,-4.200000000000000000e+01
1.679988669061776876e+09,1.658400000000000000e+04,5.120000000000000000e+02,-7.840000000000000000e+02,-1.153000000000000000e+03,-6.220000000000000000e+02,-4.200000000000000000e+01
1.679988669062095881e+09,1.658400000000000000e+04,5.120000000000000000e+02,-7.840000000000000000e+02,-1.153000000000000000e+03,-6.220000000000000000e+02,-4.200000000000000000e+01
1.679988669062336445e+09,1.658400000000000000e+04,5.120000000000000000e+02,-7.840000000000000000e+02,-1.153000000000000000e+03,-6.220000000000000000e+02,-4.200000000000000000e+01
1.679988669062577486e+09,1.658400000000000000e+04,5.120000000000000000e+02,-7.840000000000000000e+02,-1.153000000000000000e+03,-6.220000000000000000e+02,-4.200000000000000000e+01
1.679988669062832594e+09,1.658400000000000000e+04,5.120000000000000000e+02,-7.840000000000000000e+02,-1.153000000000000000e+03,-6.220000000000000000e+02,-4.200000000000000000e+01
1.679988669063210249e+09,1.658400000000000000e+04,5.120000000000000000e+02,-7.840000000000000000e+02,-1.153000000000000000e+03,-6.220000000000000000e+02,-4.200000000000000000e+01
1.679988669063660145e+09,1.658400000000000000e+04,5.120000000000000000e+02,-7.840000000000000000e+02,-1.153000000000000000e+03,-6.220000000000000000e+02,-4.200000000000000000e+01
1.679988669063920021e+09,1.658400000000000000e+04,5.120000000000000000e+02,-7.840000000000000000e+02,-1.153000000000000000e+03,-6.220000000000000000e+02,-4.200000000000000000e+01
1.679988669064199209e+09,1.658400000000000000e+04,5.120000000000000000e+02,-7.840000000000000000e+02,-1.153000000000000000e+03,-6.220000000000000000e+02,-4.200000000000000000e+01
1.679988669064526796e+09,1.658400000000000000e+04,5.120000000000000000e+02,-7.840000000000000000e+02,-1.153000000000000000e+03,-6.220000000000000000e+02,-4.200000000000000000e+01
1.679988669064759970e+09,1.658400000000000000e+04,5.120000000000000000e+02,-7.840000000000000000e+02,-1.153000000000000000e+03,-6.220000000000000000e+02,-4.200000000000000000e+01
1.679988669065014124e+09,1.658400000000000000e+04,5.120000000000000000e+02,-7.840000000000000000e+02,-1.153000000000000000e+03,-6.220000000000000000e+02,-4.200000000000000000e+01
1.679988669065262556e+09,1.658400000000000000e+04,5.120000000000000000e+02,-7.840000000000000000e+02,-1.153000000000000000e+03,-6.220000000000000000e+02,-4.200000000000000000e+01
1.679988669066069841e+09,1.658400000000000000e+04,5.120000000000000000e+02,-7.840000000000000000e+02,-1.153000000000000000e+03,-6.220000000000000000e+02,-4.200000000000000000e+01
1.679988669066341639e+09,1.658400000000000000e+04,5.120000000000000000e+02,-7.840000000000000000e+02,-1.153000000000000000e+03,-6.220000000000000000e+02,-4.200000000000000000e+01
1.679988669066615343e+09,1.658400000000000000e+04,5.120000000000000000e+02,-7.840000000000000000e+02,-1.153000000000000000e+03,-6.220000000000000000e+02,-4.200000000000000000e+01
1.679988669067088127e+09,1.658400000000000000e+04,5.120000000000000000e+02,-7.840000000000000000e+02,-1.153000000000000000e+03,-6.220000000000000000e+02,-4.200000000000000000e+01
1.679988669067691326e+09,1.658400000000000000e+04,5.120000000000000000e+02,-7.840000000000000000e+02,-1.153000000000000000e+03,-6.220000000000000000e+02,-4.200000000000000000e+01
1.679988669068989515e+09,1.658400000000000000e+04,5.120000000000000000e+02,-7.840000000000000000e+02,-1.153000000000000000e+03,-6.220000000000000000e+02,-4.200000000000000000e+01
1.679988669069302559e+09,1.658400000000000000e+04,5.120000000000000000e+02,-7.840000000000000000e+02,-1.153000000000000000e+03,-6.220000000000000000e+02,-4.200000000000000000e+01
1.679988669069969416e+09,1.658400000000000000e+04,5.120000000000000000e+02,-7.840000000000000000e+02,-1.153000000000000000e+03,-6.220000000000000000e+02,-4.200000000000000000e+01
1.679988669070996523e+09,1.658400000000000000e+04,5.120000000000000000e+02,-7.840000000000000000e+02,-1.153000000000000000e+03,-6.220000000000000000e+02,-4.200000000000000000e+01
1.679988669071315527e+09,1.658400000000000000e+04,5.120000000000000000e+02,-7.840000000000000000e+02,-1.153000000000000000e+03,-6.220000000000000000e+02,-4.200000000000000000e+01
1.679988669072358608e+09,1.658400000000000000e+04,5.120000000000000000e+02,-7.840000000000000000e+02,-1.153000000000000000e+03,-6.220000000000000000e+02,-4.200000000000000000e+01
1.679988669072654247e+09,1.658400000000000000e+04,5.120000000000000000e+02,-7.840000000000000000e+02,-1.153000000000000000e+03,-6.220000000000000000e+02,-4.200000000000000000e+01
1.679988669073401690e+09,1.658400000000000000e+04,5.120000000000000000e+02,-7.840000000000000000e+02,-1.153000000000000000e+03,-6.220000000000000000e+02,-4.200000000000000000e+01
1.679988669074486256e+09,1.658400000000000000e+04,5.120000000000000000e+02,-7.840000000000000000e+02,-1.153000000000000000e+03,-6.220000000000000000e+02,-4.200000000000000000e+01
1.679988669074737549e+09,1.658400000000000000e+04,5.120000000000000000e+02,-7.840000000000000000e+02,-1.153000000000000000e+03,-6.220000000000000000e+02,-4.200000000000000000e+01
1.679988669075041533e+09,1.658400000000000000e+04,5.120000000000000000e+02,-7.840000000000000000e+02,-1.153000000000000000e+03,-6.220000000000000000e+02,-4.200000000000000000e+01
1.679988669075330019e+09,1.658400000000000000e+04,5.120000000000000000e+02,-7.840000000000000000e+02,-1.153000000000000000e+03,-6.220000000000000000e+02,-4.200000000000000000e+01
1.679988669075721979e+09,1.658400000000000000e+04,5.120000000000000000e+02,-7.840000000000000000e+02,-1.153000000000000000e+03,-6.220000000000000000e+02,-4.200000000000000000e+01
1.679988669076037645e+09,1.658400000000000000e+04,5.120000000000000000e+02,-7.840000000000000000e+02,-1.153000000000000000e+03,-6.220000000000000000e+02,-4.200000000000000000e+01
1.679988669076400042e+09,1.658400000000000000e+04,5.120000000000000000e+02,-7.840000000000000000e+02,-1.153000000000000000e+03,-6.220000000000000000e+02,-4.200000000000000000e+01
1.679988669076662302e+09,1.658400000000000000e+04,5.120000000000000000e+02,-7.840000000000000000e+02,-1.153000000000000000e+03,-6.220000000000000000e+02,-4.200000000000000000e+01
1.679988669076920748e+09,1.658400000000000000e+04,5.120000000000000000e+02,-7.840000000000000000e+02,-1.153000000000000000e+03,-6.220000000000000000e+02,-4.200000000000000000e+01
1.679988669077243328e+09,1.658400000000000000e+04,5.120000000000000000e+02,-7.840000000000000000e+02,-1.153000000000000000e+03,-6.220000000000000000e+02,-4.200000000000000000e+01
1.679988669077494621e+09,1.658400000000000000e+04,5.120000000000000000e+02,-7.840000000000000000e+02,-1.153000000000000000e+03,-6.220000000000000000e+02,-4.200000000000000000e+01
1.679988669077746153e+09,1.658400000000000000e+04,5.120000000000000000e+02,-7.840000000000000000e+02,-1.153000000000000000e+03,-6.220000000000000000e+02,-4.200000000000000000e+01
1.679988669078096867e+09,1.658400000000000000e+04,5.120000000000000000e+02,-7.840000000000000000e+02,-1.153000000000000000e+03,-6.220000000000000000e+02,-4.200000000000000000e+01
1.679988669078374386e+09,1.658400000000000000e+04,5.120000000000000000e+02,-7.840000000000000000e+02,-1.153000000000000000e+03,-6.220000000000000000e+02,-4.200000000000000000e+01
1.679988669078676224e+09,1.658400000000000000e+04,5.120000000000000000e+02,-7.840000000000000000e+02,-1.153000000000000000e+03,-6.220000000000000000e+02,-4.200000000000000000e+01
1.679988669078965902e+09,1.658400000000000000e+04,5.120000000000000000e+02,-7.840000000000000000e+02,-1.153000000000000000e+03,-6.220000000000000000e+02,-4.200000000000000000e+01
1.679988669079224110e+09,1.658400000000000000e+04,5.120000000000000000e+02,-7.840000000000000000e+02,-1.153000000000000000e+03,-6.220000000000000000e+02,-4.200000000000000000e+01
1.679988669079488039e+09,1.658400000000000000e+04,5.120000000000000000e+02,-7.840000000000000000e+02,-1.153000000000000000e+03,-6.220000000000000000e+02,-4.200000000000000000e+01
1.679988669079720974e+09,1.658400000000000000e+04,5.120000000000000000e+02,-7.840000000000000000e+02,-1.153000000000000000e+03,-6.220000000000000000e+02,-4.200000000000000000e+01
1.679988669079974174e+09,1.658400000000000000e+04,5.120000000000000000e+02,-7.840000000000000000e+02,-1.153000000000000000e+03,-6.220000000000000000e+02,-4.200000000000000000e+01
1.679988669080228806e+09,1.658400000000000000e+04,5.120000000000000000e+02,-7.840000000000000000e+02,-1.153000000000000000e+03,-6.220000000000000000e+02,-4.200000000000000000e+01
1.679988669080459356e+09,1.658400000000000000e+04,5.120000000000000000e+02,-7.840000000000000000e+02,-1.153000000000000000e+03,-6.220000000000000000e+02,-4.200000000000000000e+01
1.679988669080701351e+09,1.658400000000000000e+04,5.120000000000000000e+02,-7.840000000000000000e+02,-1.153000000000000000e+03,-6.220000000000000000e+02,-4.200000000000000000e+01
1.679988669081034660e+09,1.658400000000000000e+04,5.120000000000000000e+02,-7.840000000000000000e+02,-1.153000000000000000e+03,-6.220000000000000000e+02,-4.200000000000000000e+01
1.679988669081355810e+09,1.658400000000000000e+04,5.120000000000000000e+02,-7.840000000000000000e+02,-1.153000000000000000e+03,-6.220000000000000000e+02,-4.200000000000000000e+01
1.679988669081616402e+09,1.658400000000000000e+04,5.120000000000000000e+02,-7.840000000000000000e+02,-1.153000000000000000e+03,-6.220000000000000000e+02,-4.200000000000000000e+01
1.679988669081847906e+09,1.658400000000000000e+04,5.120000000000000000e+02,-7.840000000000000000e+02,-1.153000000000000000e+03,-6.220000000000000000e+02,-4.200000000000000000e+01
1.679988669082159042e+09,1.658400000000000000e+04,5.120000000000000000e+02,-7.840000000000000000e+02,-1.153000000000000000e+03,-6.220000000000000000e+02,-4.200000000000000000e+01
1.679988669082415581e+09,1.658400000000000000e+04,5.120000000000000000e+02,-7.840000000000000000e+02,-1.153000000000000000e+03,-6.220000000000000000e+02,-4.200000000000000000e+01
1.679988669082658768e+09,1.658400000000000000e+04,5.120000000000000000e+02,-7.840000000000000000e+02,-1.153000000000000000e+03,-6.220000000000000000e+02,-4.200000000000000000e+01
1.679988669082991600e+09,1.658400000000000000e+04,5.120000000000000000e+02,-7.840000000000000000e+02,-1.153000000000000000e+03,-6.220000000000000000e+02,-4.200000000000000000e+01
1.679988669083259344e+09,1.658400000000000000e+04,5.120000000000000000e+02,-7.840000000000000000e+02,-1.153000000000000000e+03,-6.220000000000000000e+02,-4.200000000000000000e+01
1.679988669083507538e+09,1.658400000000000000e+04,5.120000000000000000e+02,-7.840000000000000000e+02,-1.153000000000000000e+03,-6.220000000000000000e+02,-4.200000000000000000e+01
1.679988669083821058e+09,1.658400000000000000e+04,5.120000000000000000e+02,-7.840000000000000000e+02,-1.153000000000000000e+03,-6.220000000000000000e+02,-4.200000000000000000e+01
1.679988669084095001e+09,1.658400000000000000e+04,5.120000000000000000e+02,-7.840000000000000000e+02,-1.153000000000000000e+03,-6.220000000000000000e+02,-4.200000000000000000e+01
1.679988669084406853e+09,1.658400000000000000e+04,5.120000000000000000e+02,-7.840000000000000000e+02,-1.153000000000000000e+03,-6.220000000000000000e+02,-4.200000000000000000e+01
1.679988669084750175e+09,1.658400000000000000e+04,5.120000000000000000e+02,-7.840000000000000000e+02,-1.153000000000000000e+03,-6.220000000000000000e+02,-4.200000000000000000e+01
1.679988669085552931e+09,1.658400000000000000e+04,5.120000000000000000e+02,-7.840000000000000000e+02,-1.153000000000000000e+03,-6.220000000000000000e+02,-4.200000000000000000e+01
1.679988669086387157e+09,1.658400000000000000e+04,5.120000000000000000e+02,-7.840000000000000000e+02,-1.153000000000000000e+03,-6.220000000000000000e+02,-4.200000000000000000e+01
1.679988669087539911e+09,1.658400000000000000e+04,5.120000000000000000e+02,-7.840000000000000000e+02,-1.153000000000000000e+03,-6.220000000000000000e+02,-4.200000000000000000e+01
1.679988669087882757e+09,1.658400000000000000e+04,5.120000000000000000e+02,-7.840000000000000000e+02,-1.153000000000000000e+03,-6.220000000000000000e+02,-4.200000000000000000e+01
1.679988669088224411e+09,1.658400000000000000e+04,5.120000000000000000e+02,-7.840000000000000000e+02,-1.153000000000000000e+03,-6.220000000000000000e+02,-4.200000000000000000e+01
1.679988669088521719e+09,1.658400000000000000e+04,5.120000000000000000e+02,-7.840000000000000000e+02,-1.153000000000000000e+03,-6.220000000000000000e+02,-4.200000000000000000e+01
1.679988669088826180e+09,1.658400000000000000e+04,5.120000000000000000e+02,-7.840000000000000000e+02,-1.153000000000000000e+03,-6.220000000000000000e+02,-4.200000000000000000e+01
1.679988669089124441e+09,1.658400000000000000e+04,5.120000000000000000e+02,-7.840000000000000000e+02,-1.153000000000000000e+03,-6.220000000000000000e+02,-4.200000000000000000e+01
1.679988669089375734e+09,1.658400000000000000e+04,5.120000000000000000e+02,-7.840000000000000000e+02,-1.153000000000000000e+03,-6.220000000000000000e+02,-4.200000000000000000e+01
1.679988669089641571e+09,1.658400000000000000e+04,5.120000000000000000e+02,-7.840000000000000000e+02,-1.153000000000000000e+03,-6.220000000000000000e+02,-4.200000000000000000e+01
1.679988669089970350e+09,1.658400000000000000e+04,5.120000000000000000e+02,-7.840000000000000000e+02,-1.153000000000000000e+03,-6.220000000000000000e+02,-4.200000000000000000e+01
1.679988669090211868e+09,1.658400000000000000e+04,5.120000000000000000e+02,-7.840000000000000000e+02,-1.153000000000000000e+03,-6.220000000000000000e+02,-4.200000000000000000e+01
1.679988669090476513e+09,1.658400000000000000e+04,5.120000000000000000e+02,-7.840000000000000000e+02,-1.153000000000000000e+03,-6.220000000000000000e+02,-4.200000000000000000e+01
1.679988669090719223e+09,1.658400000000000000e+04,5.120000000000000000e+02,-7.840000000000000000e+02,-1.153000000000000000e+03,-6.220000000000000000e+02,-4.200000000000000000e+01
1.679988669091056824e+09,1.658400000000000000e+04,5.120000000000000000e+02,-7.840000000000000000e+02,-1.153000000000000000e+03,-6.220000000000000000e+02,-4.200000000000000000e+01
1.679988669091323376e+09,1.658400000000000000e+04,5.120000000000000000e+02,-7.840000000000000000e+02,-1.153000000000000000e+03,-6.220000000000000000e+02,-4.200000000000000000e+01
1.679988669091758251e+09,1.658400000000000000e+04,5.120000000000000000e+02,-7.840000000000000000e+02,-1.153000000000000000e+03,-6.220000000000000000e+02,-4.200000000000000000e+01
1.679988669091991663e+09,1.658400000000000000e+04,5.120000000000000000e+02,-7.840000000000000000e+02,-1.153000000000000000e+03,-6.220000000000000000e+02,-4.200000000000000000e+01
1.679988669092256069e+09,1.658400000000000000e+04,5.120000000000000000e+02,-7.840000000000000000e+02,-1.153000000000000000e+03,-6.220000000000000000e+02,-4.200000000000000000e+01
1.679988669092593908e+09,1.658400000000000000e+04,5.120000000000000000e+02,-7.840000000000000000e+02,-1.153000000000000000e+03,-6.220000000000000000e+02,-4.200000000000000000e+01
1.679988669092814684e+09,1.658400000000000000e+04,5.120000000000000000e+02,-7.840000000000000000e+02,-1.153000000000000000e+03,-6.220000000000000000e+02,-4.200000000000000000e+01
1.679988669093075514e+09,1.658400000000000000e+04,5.120000000000000000e+02,-7.840000000000000000e+02,-1.153000000000000000e+03,-6.220000000000000000e+02,-4.200000000000000000e+01
1.679988669093343258e+09,1.658400000000000000e+04,5.120000000000000000e+02,-7.840000000000000000e+02,-1.153000000000000000e+03,-6.220000000000000000e+02,-4.200000000000000000e+01
1.679988669093722820e+09,1.658400000000000000e+04,5.120000000000000000e+02,-7.840000000000000000e+02,-1.153000000000000000e+03,-6.220000000000000000e+02,-4.200000000000000000e+01
1.679988669094259977e+09,1.658400000000000000e+04,5.120000000000000000e+02,-7.840000000000000000e+02,-1.153000000000000000e+03,-6.220000000000000000e+02,-4.200000000000000000e+01
1.679988669094893217e+09,1.658400000000000000e+04,5.120000000000000000e+02,-7.840000000000000000e+02,-1.153000000000000000e+03,-6.220000000000000000e+02,-4.200000000000000000e+01
1.679988669095913410e+09,1.658400000000000000e+04,5.120000000000000000e+02,-7.840000000000000000e+02,-1.153000000000000000e+03,-6.220000000000000000e+02,-4.200000000000000000e+01
1.679988669096389294e+09,1.658400000000000000e+04,5.120000000000000000e+02,-7.840000000000000000e+02,-1.153000000000000000e+03,-6.220000000000000000e+02,-4.200000000000000000e+01
1.679988669097040176e+09,1.658400000000000000e+04,5.120000000000000000e+02,-7.840000000000000000e+02,-1.153000000000000000e+03,-6.220000000000000000e+02,-4.200000000000000000e+01
1.679988669098016024e+09,1.658400000000000000e+04,5.120000000000000000e+02,-7.840000000000000000e+02,-1.153000000000000000e+03,-6.220000000000000000e+02,-4.200000000000000000e+01
1.679988669098464012e+09,1.658400000000000000e+04,5.120000000000000000e+02,-7.840000000000000000e+02,-1.153000000000000000e+03,-6.220000000000000000e+02,-4.200000000000000000e+01
1.679988669099113464e+09,1.658400000000000000e+04,5.120000000000000000e+02,-7.840000000000000000e+02,-1.153000000000000000e+03,-6.220000000000000000e+02,-4.200000000000000000e+01
1.679988669100221157e+09,1.658400000000000000e+04,5.120000000000000000e+02,-7.840000000000000000e+02,-1.153000000000000000e+03,-6.220000000000000000e+02,-4.200000000000000000e+01
1.679988669101325274e+09,1.658400000000000000e+04,5.120000000000000000e+02,-7.840000000000000000e+02,-1.153000000000000000e+03,-6.220000000000000000e+02,-4.200000000000000000e+01
1.679988669101980209e+09,1.658400000000000000e+04,5.120000000000000000e+02,-7.840000000000000000e+02,-1.153000000000000000e+03,-6.220000000000000000e+02,-4.200000000000000000e+01
1.679988669103173018e+09,1.658400000000000000e+04,5.120000000000000000e+02,-7.840000000000000000e+02,-1.153000000000000000e+03,-6.220000000000000000e+02,-4.200000000000000000e+01
1.679988669104347706e+09,1.658400000000000000e+04,5.120000000000000000e+02,-7.840000000000000000e+02,-1.153000000000000000e+03,-6.220000000000000000e+02,-4.200000000000000000e+01
1.679988669104680777e+09,1.658400000000000000e+04,5.120000000000000000e+02,-7.840000000000000000e+02,-1.153000000000000000e+03,-6.220000000000000000e+02,-4.200000000000000000e+01
1.679988669105362415e+09,1.658400000000000000e+04,5.120000000000000000e+02,-7.840000000000000000e+02,-1.153000000000000000e+03,-6.220000000000000000e+02,-4.200000000000000000e+01
1.679988669105686188e+09,1.658400000000000000e+04,5.120000000000000000e+02,-7.840000000000000000e+02,-1.153000000000000000e+03,-6.220000000000000000e+02,-4.200000000000000000e+01
1.679988669105944395e+09,1.658400000000000000e+04,5.120000000000000000e+02,-7.840000000000000000e+02,-1.153000000000000000e+03,-6.220000000000000000e+02,-4.200000000000000000e+01
1.679988669106209278e+09,1.658400000000000000e+04,5.120000000000000000e+02,-7.840000000000000000e+02,-1.153000000000000000e+03,-6.220000000000000000e+02,-4.200000000000000000e+01
1.679988669106545925e+09,1.658400000000000000e+04,5.120000000000000000e+02,-7.840000000000000000e+02,-1.153000000000000000e+03,-6.220000000000000000e+02,-4.200000000000000000e+01
1.679988669106809616e+09,1.658400000000000000e+04,5.120000000000000000e+02,-7.840000000000000000e+02,-1.153000000000000000e+03,-6.220000000000000000e+02,-4.200000000000000000e+01
1.679988669107058287e+09,1.658400000000000000e+04,5.120000000000000000e+02,-7.840000000000000000e+02,-1.153000000000000000e+03,-6.220000000000000000e+02,-4.200000000000000000e+01
1.679988669107294798e+09,1.658400000000000000e+04,5.120000000000000000e+02,-7.840000000000000000e+02,-1.153000000000000000e+03,-6.220000000000000000e+02,-4.200000000000000000e+01
1.679988669107553720e+09,1.658400000000000000e+04,5.120000000000000000e+02,-7.840000000000000000e+02,-1.153000000000000000e+03,-6.220000000000000000e+02,-4.200000000000000000e+01
1.679988669107880354e+09,1.658400000000000000e+04,5.120000000000000000e+02,-7.840000000000000000e+02,-1.153000000000000000e+03,-6.220000000000000000e+02,-4.200000000000000000e+01
1.679988669108226776e+09,1.658400000000000000e+04,5.120000000000000000e+02,-7.840000000000000000e+02,-1.153000000000000000e+03,-6.220000000000000000e+02,-4.200000000000000000e+01
1.679988669108860254e+09,1.658400000000000000e+04,5.120000000000000000e+02,-7.840000000000000000e+02,-1.153000000000000000e+03,-6.220000000000000000e+02,-4.200000000000000000e+01
1.679988669109184742e+09,1.658400000000000000e+04,5.120000000000000000e+02,-7.840000000000000000e+02,-1.153000000000000000e+03,-6.220000000000000000e+02,-4.200000000000000000e+01
1.679988669109468937e+09,1.658400000000000000e+04,5.120000000000000000e+02,-7.840000000000000000e+02,-1.153000000000000000e+03,-6.220000000000000000e+02,-4.200000000000000000e+01
1.679988669109724522e+09,1.658400000000000000e+04,5.120000000000000000e+02,-7.840000000000000000e+02,-1.153000000000000000e+03,-6.220000000000000000e+02,-4.200000000000000000e+01
1.679988669109976292e+09,1.658400000000000000e+04,5.120000000000000000e+02,-7.840000000000000000e+02,-1.153000000000000000e+03,-6.220000000000000000e+02,-4.200000000000000000e+01
1.679988669110222340e+09,1.658400000000000000e+04,5.120000000000000000e+02,-7.840000000000000000e+02,-1.153000000000000000e+03,-6.220000000000000000e+02,-4.200000000000000000e+01
1.679988669110460997e+09,1.658400000000000000e+04,5.120000000000000000e+02,-7.840000000000000000e+02,-1.153000000000000000e+03,-6.220000000000000000e+02,-4.200000000000000000e+01
1.679988669110719681e+09,1.658400000000000000e+04,5.120000000000000000e+02,-7.840000000000000000e+02,-1.153000000000000000e+03,-6.220000000000000000e+02,-4.200000000000000000e+01
1.679988669110957384e+09,1.658400000000000000e+04,5.120000000000000000e+02,-7.840000000000000000e+02,-1.153000000000000000e+03,-6.220000000000000000e+02,-4.200000000000000000e+01
1.679988669111309528e+09,1.658400000000000000e+04,5.120000000000000000e+02,-7.840000000000000000e+02,-1.153000000000000000e+03,-6.220000000000000000e+02,-4.200000000000000000e+01
1.679988669111629725e+09,1.658400000000000000e+04,5.120000000000000000e+02,-7.840000000000000000e+02,-1.153000000000000000e+03,-6.220000000000000000e+02,-4.200000000000000000e+01
1.679988669111939669e+09,1.658400000000000000e+04,5.120000000000000000e+02,-7.840000000000000000e+02,-1.153000000000000000e+03,-6.220000000000000000e+02,-4.200000000000000000e+01
1.679988669112238884e+09,1.658400000000000000e+04,5.120000000000000000e+02,-7.840000000000000000e+02,-1.153000000000000000e+03,-6.220000000000000000e+02,-4.200000000000000000e+01
1.679988669112497568e+09,1.658400000000000000e+04,5.120000000000000000e+02,-7.840000000000000000e+02,-1.153000000000000000e+03,-6.220000000000000000e+02,-4.200000000000000000e+01
1.679988669112739086e+09,1.658400000000000000e+04,5.120000000000000000e+02,-7.840000000000000000e+02,-1.153000000000000000e+03,-6.220000000000000000e+02,-4.200000000000000000e+01
1.679988669113079309e+09,1.658400000000000000e+04,5.120000000000000000e+02,-7.840000000000000000e+02,-1.153000000000000000e+03,-6.220000000000000000e+02,-4.200000000000000000e+01
1.679988669113338947e+09,1.658400000000000000e+04,5.120000000000000000e+02,-7.840000000000000000e+02,-1.153000000000000000e+03,-6.220000000000000000e+02,-4.200000000000000000e+01
1.679988669113575220e+09,1.658400000000000000e+04,5.120000000000000000e+02,-7.840000000000000000e+02,-1.153000000000000000e+03,-6.220000000000000000e+02,-4.200000000000000000e+01
1.679988669113926411e+09,1.658400000000000000e+04,5.120000000000000000e+02,-7.840000000000000000e+02,-1.153000000000000000e+03,-6.220000000000000000e+02,-4.200000000000000000e+01
1.679988669114195108e+09,1.658400000000000000e+04,5.120000000000000000e+02,-7.840000000000000000e+02,-1.153000000000000000e+03,-6.220000000000000000e+02,-4.200000000000000000e+01
1.679988669114435673e+09,1.658400000000000000e+04,5.120000000000000000e+02,-7.840000000000000000e+02,-1.153000000000000000e+03,-6.220000000000000000e+02,-4.200000000000000000e+01
1.679988669114755869e+09,1.658400000000000000e+04,5.120000000000000000e+02,-7.840000000000000000e+02,-1.153000000000000000e+03,-6.220000000000000000e+02,-4.200000000000000000e+01
1.679988669115015984e+09,1.658400000000000000e+04,5.120000000000000000e+02,-7.840000000000000000e+02,-1.153000000000000000e+03,-6.220000000000000000e+02,-4.200000000000000000e+01
1.679988669115364075e+09,1.658400000000000000e+04,5.120000000000000000e+02,-7.840000000000000000e+02,-1.153000000000000000e+03,-6.220000000000000000e+02,-4.200000000000000000e+01
1.679988669115848780e+09,1.658400000000000000e+04,5.120000000000000000e+02,-7.840000000000000000e+02,-1.153000000000000000e+03,-6.220000000000000000e+02,-4.200000000000000000e+01
1.679988669116702557e+09,1.658400000000000000e+04,5.120000000000000000e+02,-7.840000000000000000e+02,-1.153000000000000000e+03,-6.220000000000000000e+02,-4.200000000000000000e+01
1.679988669117866993e+09,1.658400000000000000e+04,5.120000000000000000e+02,-7.840000000000000000e+02,-1.153000000000000000e+03,-6.220000000000000000e+02,-4.200000000000000000e+01
1.679988669118209600e+09,1.658400000000000000e+04,5.120000000000000000e+02,-7.840000000000000000e+02,-1.153000000000000000e+03,-6.220000000000000000e+02,-4.200000000000000000e+01
1.679988669118568182e+09,1.658400000000000000e+04,5.120000000000000000e+02,-7.840000000000000000e+02,-1.153000000000000000e+03,-6.220000000000000000e+02,-4.200000000000000000e+01
1.679988669118917227e+09,1.658400000000000000e+04,5.120000000000000000e+02,-7.840000000000000000e+02,-1.153000000000000000e+03,-6.220000000000000000e+02,-4.200000000000000000e+01
1.679988669119192600e+09,1.658400000000000000e+04,5.120000000000000000e+02,-7.840000000000000000e+02,-1.153000000000000000e+03,-6.220000000000000000e+02,-4.200000000000000000e+01
1.679988669119630814e+09,1.658400000000000000e+04,5.120000000000000000e+02,-7.840000000000000000e+02,-1.153000000000000000e+03,-6.220000000000000000e+02,-4.200000000000000000e+01
1.679988669119877577e+09,1.658400000000000000e+04,5.120000000000000000e+02,-7.840000000000000000e+02,-1.153000000000000000e+03,-6.220000000000000000e+02,-4.200000000000000000e+01
1.679988669120148420e+09,1.658400000000000000e+04,5.120000000000000000e+02,-7.840000000000000000e+02,-1.153000000000000000e+03,-6.220000000000000000e+02,-4.200000000000000000e+01
1.679988669120426178e+09,1.658400000000000000e+04,5.120000000000000000e+02,-7.840000000000000000e+02,-1.153000000000000000e+03,-6.220000000000000000e+02,-4.200000000000000000e+01
1.679988669120653629e+09,1.658400000000000000e+04,5.120000000000000000e+02,-7.840000000000000000e+02,-1.153000000000000000e+03,-6.220000000000000000e+02,-4.200000000000000000e+01
1.679988669120903492e+09,1.658400000000000000e+04,5.120000000000000000e+02,-7.840000000000000000e+02,-1.153000000000000000e+03,-6.220000000000000000e+02,-4.200000000000000000e+01
1.679988669121160746e+09,1.658400000000000000e+04,5.120000000000000000e+02,-7.840000000000000000e+02,-1.153000000000000000e+03,-6.220000000000000000e+02,-4.200000000000000000e+01
1.679988669121424913e+09,1.658400000000000000e+04,5.120000000000000000e+02,-7.840000000000000000e+02,-1.153000000000000000e+03,-6.220000000000000000e+02,-4.200000000000000000e+01
1.679988669121773243e+09,1.658400000000000000e+04,5.120000000000000000e+02,-7.840000000000000000e+02,-1.153000000000000000e+03,-6.220000000000000000e+02,-4.200000000000000000e+01
1.679988669122244358e+09,1.658400000000000000e+04,5.120000000000000000e+02,-7.840000000000000000e+02,-1.153000000000000000e+03,-6.220000000000000000e+02,-4.200000000000000000e+01
1.679988669122499228e+09,1.658400000000000000e+04,5.120000000000000000e+02,-7.840000000000000000e+02,-1.153000000000000000e+03,-6.220000000000000000e+02,-4.200000000000000000e+01
1.679988669122766733e+09,1.658400000000000000e+04,5.120000000000000000e+02,-7.840000000000000000e+02,-1.153000000000000000e+03,-6.220000000000000000e+02,-4.200000000000000000e+01
1.679988669123105526e+09,1.658400000000000000e+04,5.120000000000000000e+02,-7.840000000000000000e+02,-1.153000000000000000e+03,-6.220000000000000000e+02,-4.200000000000000000e+01
1.679988669123342514e+09,1.658400000000000000e+04,5.120000000000000000e+02,-7.840000000000000000e+02,-1.153000000000000000e+03,-6.220000000000000000e+02,-4.200000000000000000e+01
1.679988669123605251e+09,1.658400000000000000e+04,5.120000000000000000e+02,-7.840000000000000000e+02,-1.153000000000000000e+03,-6.220000000000000000e+02,-4.200000000000000000e+01
1.679988669123863697e+09,1.658400000000000000e+04,5.120000000000000000e+02,-7.840000000000000000e+02,-1.153000000000000000e+03,-6.220000000000000000e+02,-4.200000000000000000e+01
1.679988669124244213e+09,1.658400000000000000e+04,5.120000000000000000e+02,-7.840000000000000000e+02,-1.153000000000000000e+03,-6.220000000000000000e+02,-4.200000000000000000e+01
1.679988669124811411e+09,1.658400000000000000e+04,5.120000000000000000e+02,-7.840000000000000000e+02,-1.153000000000000000e+03,-6.220000000000000000e+02,-4.200000000000000000e+01
1.679988669125473738e+09,1.658400000000000000e+04,5.120000000000000000e+02,-7.840000000000000000e+02,-1.153000000000000000e+03,-6.220000000000000000e+02,-4.200000000000000000e+01
1.679988669126447201e+09,1.658400000000000000e+04,5.120000000000000000e+02,-7.840000000000000000e+02,-1.153000000000000000e+03,-6.220000000000000000e+02,-4.200000000000000000e+01
1.679988669126963615e+09,1.658400000000000000e+04,5.120000000000000000e+02,-7.840000000000000000e+02,-1.153000000000000000e+03,-6.220000000000000000e+02,-4.200000000000000000e+01
1.679988669127648830e+09,1.658400000000000000e+04,5.120000000000000000e+02,-7.840000000000000000e+02,-1.153000000000000000e+03,-6.220000000000000000e+02,-4.200000000000000000e+01
1.679988669128638744e+09,1.658400000000000000e+04,5.120000000000000000e+02,-7.840000000000000000e+02,-1.153000000000000000e+03,-6.220000000000000000e+02,-4.200000000000000000e+01
1.679988669129119158e+09,1.658400000000000000e+04,5.120000000000000000e+02,-7.840000000000000000e+02,-1.153000000000000000e+03,-6.220000000000000000e+02,-4.200000000000000000e+01
1.679988669129781008e+09,1.658400000000000000e+04,5.120000000000000000e+02,-7.840000000000000000e+02,-1.153000000000000000e+03,-6.220000000000000000e+02,-4.200000000000000000e+01
1.679988669130841970e+09,1.658400000000000000e+04,5.120000000000000000e+02,-7.840000000000000000e+02,-1.153000000000000000e+03,-6.220000000000000000e+02,-4.200000000000000000e+01
1.679988669131880760e+09,1.658400000000000000e+04,5.120000000000000000e+02,-7.840000000000000000e+02,-1.153000000000000000e+03,-6.220000000000000000e+02,-4.200000000000000000e+01
1.679988669132667065e+09,1.658400000000000000e+04,5.120000000000000000e+02,-7.840000000000000000e+02,-1.153000000000000000e+03,-6.220000000000000000e+02,-4.200000000000000000e+01
1.679988669133599043e+09,1.658400000000000000e+04,5.120000000000000000e+02,-7.840000000000000000e+02,-1.153000000000000000e+03,-6.220000000000000000e+02,-4.200000000000000000e+01
1.679988669134932756e+09,1.658400000000000000e+04,5.120000000000000000e+02,-7.840000000000000000e+02,-1.153000000000000000e+03,-6.220000000000000000e+02,-4.200000000000000000e+01
1.679988669135217667e+09,1.658400000000000000e+04,5.120000000000000000e+02,-7.840000000000000000e+02,-1.153000000000000000e+03,-6.220000000000000000e+02,-4.200000000000000000e+01
1.679988669135605097e+09,1.658400000000000000e+04,5.120000000000000000e+02,-7.840000000000000000e+02,-1.153000000000000000e+03,-6.220000000000000000e+02,-4.200000000000000000e+01
1.679988669135895252e+09,1.658400000000000000e+04,5.120000000000000000e+02,-7.840000000000000000e+02,-1.153000000000000000e+03,-6.220000000000000000e+02,-4.200000000000000000e+01
1.679988669136147022e+09,1.658400000000000000e+04,5.120000000000000000e+02,-7.840000000000000000e+02,-1.153000000000000000e+03,-6.220000000000000000e+02,-4.200000000000000000e+01
1.679988669136405945e+09,1.658400000000000000e+04,5.120000000000000000e+02,-7.840000000000000000e+02,-1.153000000000000000e+03,-6.220000000000000000e+02,-4.200000000000000000e+01
1.679988669136653662e+09,1.658400000000000000e+04,5.120000000000000000e+02,-7.840000000000000000e+02,-1.153000000000000000e+03,-6.220000000000000000e+02,-4.200000000000000000e+01
1.679988669137008190e+09,1.658400000000000000e+04,5.120000000000000000e+02,-7.840000000000000000e+02,-1.153000000000000000e+03,-6.220000000000000000e+02,-4.200000000000000000e+01
1.679988669137286663e+09,1.658400000000000000e+04,5.120000000000000000e+02,-7.840000000000000000e+02,-1.153000000000000000e+03,-6.220000000000000000e+02,-4.200000000000000000e+01
1.679988669137635231e+09,1.658400000000000000e+04,5.120000000000000000e+02,-7.840000000000000000e+02,-1.153000000000000000e+03,-6.220000000000000000e+02,-4.200000000000000000e+01
1.679988669137882710e+09,1.658400000000000000e+04,5.120000000000000000e+02,-7.840000000000000000e+02,-1.153000000000000000e+03,-6.220000000000000000e+02,-4.200000000000000000e+01
1.679988669138136387e+09,1.658400000000000000e+04,5.120000000000000000e+02,-7.840000000000000000e+02,-1.153000000000000000e+03,-6.220000000000000000e+02,-4.200000000000000000e+01
1.679988669138518572e+09,1.658400000000000000e+04,5.120000000000000000e+02,-7.840000000000000000e+02,-1.153000000000000000e+03,-6.220000000000000000e+02,-4.200000000000000000e+01
1.679988669138770580e+09,1.658400000000000000e+04,5.120000000000000000e+02,-7.840000000000000000e+02,-1.153000000000000000e+03,-6.220000000000000000e+02,-4.200000000000000000e+01
1.679988669139023781e+09,1.658400000000000000e+04,5.120000000000000000e+02,-7.840000000000000000e+02,-1.153000000000000000e+03,-6.220000000000000000e+02,-4.200000000000000000e+01
1.679988669139271259e+09,1.658400000000000000e+04,5.120000000000000000e+02,-7.840000000000000000e+02,-1.153000000000000000e+03,-6.220000000000000000e+02,-4.200000000000000000e+01
1.679988669139633656e+09,1.658400000000000000e+04,5.120000000000000000e+02,-7.840000000000000000e+02,-1.153000000000000000e+03,-6.220000000000000000e+02,-4.200000000000000000e+01
1.679988669139899254e+09,1.658400000000000000e+04,5.120000000000000000e+02,-7.840000000000000000e+02,-1.153000000000000000e+03,-6.220000000000000000e+02,-4.200000000000000000e+01
1.679988669140156507e+09,1.658400000000000000e+04,5.120000000000000000e+02,-7.840000000000000000e+02,-1.153000000000000000e+03,-6.220000000000000000e+02,-4.200000000000000000e+01
1.679988669140499830e+09,1.658400000000000000e+04,5.120000000000000000e+02,-7.840000000000000000e+02,-1.153000000000000000e+03,-6.220000000000000000e+02,-4.200000000000000000e+01
1.679988669140759706e+09,1.658400000000000000e+04,5.120000000000000000e+02,-7.840000000000000000e+02,-1.153000000000000000e+03,-6.220000000000000000e+02,-4.200000000000000000e+01
1.679988669141010761e+09,1.658400000000000000e+04,5.120000000000000000e+02,-7.840000000000000000e+02,-1.153000000000000000e+03,-6.220000000000000000e+02,-4.200000000000000000e+01
1.679988669141380072e+09,1.658400000000000000e+04,5.120000000000000000e+02,-7.840000000000000000e+02,-1.153000000000000000e+03,-6.220000000000000000e+02,-4.200000000000000000e+01
1.679988669141644955e+09,1.658400000000000000e+04,5.120000000000000000e+02,-7.840000000000000000e+02,-1.153000000000000000e+03,-6.220000000000000000e+02,-4.200000000000000000e+01
1.679988669141894579e+09,1.658400000000000000e+04,5.120000000000000000e+02,-7.840000000000000000e+02,-1.153000000000000000e+03,-6.220000000000000000e+02,-4.200000000000000000e+01
1.679988669142252207e+09,1.658400000000000000e+04,5.120000000000000000e+02,-7.840000000000000000e+02,-1.153000000000000000e+03,-6.220000000000000000e+02,-4.200000000000000000e+01
1.679988669142510891e+09,1.658400000000000000e+04,5.120000000000000000e+02,-7.840000000000000000e+02,-1.153000000000000000e+03,-6.220000000000000000e+02,-4.200000000000000000e+01
1.679988669142872810e+09,1.658400000000000000e+04,5.120000000000000000e+02,-7.840000000000000000e+02,-1.153000000000000000e+03,-6.220000000000000000e+02,-4.200000000000000000e+01
1.679988669143145323e+09,1.658400000000000000e+04,5.120000000000000000e+02,-7.840000000000000000e+02,-1.153000000000000000e+03,-6.220000000000000000e+02,-4.200000000000000000e+01
1.679988669143416405e+09,1.658400000000000000e+04,5.120000000000000000e+02,-7.840000000000000000e+02,-1.153000000000000000e+03,-6.220000000000000000e+02,-4.200000000000000000e+01
1.679988669143666267e+09,1.658400000000000000e+04,5.120000000000000000e+02,-7.840000000000000000e+02,-1.153000000000000000e+03,-6.220000000000000000e+02,-4.200000000000000000e+01
1.679988669143910885e+09,1.658400000000000000e+04,5.120000000000000000e+02,-7.840000000000000000e+02,-1.153000000000000000e+03,-6.220000000000000000e+02,-4.200000000000000000e+01
1.679988669144172430e+09,1.658400000000000000e+04,5.120000000000000000e+02,-7.840000000000000000e+02,-1.153000000000000000e+03,-6.220000000000000000e+02,-4.200000000000000000e+01
1.679988669144427299e+09,1.658400000000000000e+04,5.120000000000000000e+02,-7.840000000000000000e+02,-1.153000000000000000e+03,-6.220000000000000000e+02,-4.200000000000000000e+01
1.679988669144679070e+09,1.658400000000000000e+04,5.120000000000000000e+02,-7.840000000000000000e+02,-1.153000000000000000e+03,-6.220000000000000000e+02,-4.200000000000000000e+01
1.679988669144931078e+09,1.658400000000000000e+04,5.120000000000000000e+02,-7.840000000000000000e+02,-1.153000000000000000e+03,-6.220000000000000000e+02,-4.200000000000000000e+01
1.679988669145309448e+09,1.658400000000000000e+04,5.120000000000000000e+02,-7.840000000000000000e+02,-1.153000000000000000e+03,-6.220000000000000000e+02,-4.200000000000000000e+01
1.679988669145802498e+09,1.658400000000000000e+04,5.120000000000000000e+02,-7.840000000000000000e+02,-1.153000000000000000e+03,-6.220000000000000000e+02,-4.200000000000000000e+01
1.679988669146631479e+09,1.658400000000000000e+04,5.120000000000000000e+02,-7.840000000000000000e+02,-1.153000000000000000e+03,-6.220000000000000000e+02,-4.200000000000000000e+01
1.679988669147813082e+09,1.658400000000000000e+04,5.120000000000000000e+02,-7.840000000000000000e+02,-1.153000000000000000e+03,-6.220000000000000000e+02,-4.200000000000000000e+01
1.679988669148169756e+09,1.658400000000000000e+04,5.120000000000000000e+02,-7.840000000000000000e+02,-1.153000000000000000e+03,-6.220000000000000000e+02,-4.200000000000000000e+01
1.679988669148516178e+09,1.658400000000000000e+04,5.120000000000000000e+02,-7.840000000000000000e+02,-1.153000000000000000e+03,-6.220000000000000000e+02,-4.200000000000000000e+01
1.679988669148807764e+09,1.658400000000000000e+04,5.120000000000000000e+02,-7.840000000000000000e+02,-1.153000000000000000e+03,-6.220000000000000000e+02,-4.200000000000000000e+01
1.679988669149477720e+09,1.658400000000000000e+04,5.120000000000000000e+02,-7.840000000000000000e+02,-1.153000000000000000e+03,-6.220000000000000000e+02,-4.200000000000000000e+01
1.679988669149756193e+09,1.658400000000000000e+04,5.120000000000000000e+02,-7.840000000000000000e+02,-1.153000000000000000e+03,-6.220000000000000000e+02,-4.200000000000000000e+01
1.679988669150401592e+09,1.658400000000000000e+04,5.120000000000000000e+02,-7.840000000000000000e+02,-1.153000000000000000e+03,-6.220000000000000000e+02,-4.200000000000000000e+01
1.679988669150839090e+09,1.658400000000000000e+04,5.120000000000000000e+02,-7.840000000000000000e+02,-1.153000000000000000e+03,-6.220000000000000000e+02,-4.200000000000000000e+01
1.679988669151101589e+09,1.658400000000000000e+04,5.120000000000000000e+02,-7.840000000000000000e+02,-1.153000000000000000e+03,-6.220000000000000000e+02,-4.200000000000000000e+01
1.679988669151383877e+09,1.658400000000000000e+04,5.120000000000000000e+02,-7.840000000000000000e+02,-1.153000000000000000e+03,-6.220000000000000000e+02,-4.200000000000000000e+01
1.679988669151743412e+09,1.658400000000000000e+04,5.120000000000000000e+02,-7.840000000000000000e+02,-1.153000000000000000e+03,-6.220000000000000000e+02,-4.200000000000000000e+01
1.679988669151983976e+09,1.658400000000000000e+04,5.120000000000000000e+02,-7.840000000000000000e+02,-1.153000000000000000e+03,-6.220000000000000000e+02,-4.200000000000000000e+01
1.679988669152234077e+09,1.658400000000000000e+04,5.120000000000000000e+02,-7.840000000000000000e+02,-1.153000000000000000e+03,-6.220000000000000000e+02,-4.200000000000000000e+01
1.679988669152503490e+09,1.658400000000000000e+04,5.120000000000000000e+02,-7.840000000000000000e+02,-1.153000000000000000e+03,-6.220000000000000000e+02,-4.200000000000000000e+01
1.679988669152900696e+09,1.658400000000000000e+04,5.120000000000000000e+02,-7.840000000000000000e+02,-1.153000000000000000e+03,-6.220000000000000000e+02,-4.200000000000000000e+01
1.679988669153379679e+09,1.658400000000000000e+04,5.120000000000000000e+02,-7.840000000000000000e+02,-1.153000000000000000e+03,-6.220000000000000000e+02,-4.200000000000000000e+01
1.679988669153651714e+09,1.658400000000000000e+04,5.120000000000000000e+02,-7.840000000000000000e+02,-1.153000000000000000e+03,-6.220000000000000000e+02,-4.200000000000000000e+01
1.679988669153937101e+09,1.658400000000000000e+04,5.120000000000000000e+02,-7.840000000000000000e+02,-1.153000000000000000e+03,-6.220000000000000000e+02,-4.200000000000000000e+01
1.679988669154273987e+09,1.658400000000000000e+04,5.120000000000000000e+02,-7.840000000000000000e+02,-1.153000000000000000e+03,-6.220000000000000000e+02,-4.200000000000000000e+01
1.679988669154530048e+09,1.658400000000000000e+04,5.120000000000000000e+02,-7.840000000000000000e+02,-1.153000000000000000e+03,-6.220000000000000000e+02,-4.200000000000000000e+01
1.679988669154793739e+09,1.658400000000000000e+04,5.120000000000000000e+02,-7.840000000000000000e+02,-1.153000000000000000e+03,-6.220000000000000000e+02,-4.200000000000000000e+01
1.679988669155108452e+09,1.658400000000000000e+04,5.120000000000000000e+02,-7.840000000000000000e+02,-1.153000000000000000e+03,-6.220000000000000000e+02,-4.200000000000000000e+01
1.679988669155594587e+09,1.658400000000000000e+04,5.120000000000000000e+02,-7.840000000000000000e+02,-1.153000000000000000e+03,-6.220000000000000000e+02,-4.200000000000000000e+01
1.679988669156268835e+09,1.658400000000000000e+04,5.120000000000000000e+02,-7.840000000000000000e+02,-1.153000000000000000e+03,-6.220000000000000000e+02,-4.200000000000000000e+01
1.679988669157279730e+09,1.658400000000000000e+04,5.120000000000000000e+02,-7.840000000000000000e+02,-1.153000000000000000e+03,-6.220000000000000000e+02,-4.200000000000000000e+01
1.679988669157770634e+09,1.658400000000000000e+04,5.120000000000000000e+02,-7.840000000000000000e+02,-1.153000000000000000e+03,-6.220000000000000000e+02,-4.200000000000000000e+01
1.679988669158447504e+09,1.658400000000000000e+04,5.120000000000000000e+02,-7.840000000000000000e+02,-1.153000000000000000e+03,-6.220000000000000000e+02,-4.200000000000000000e+01
1.679988669159468651e+09,1.658400000000000000e+04,5.120000000000000000e+02,-7.840000000000000000e+02,-1.153000000000000000e+03,-6.220000000000000000e+02,-4.200000000000000000e+01
1.679988669159960985e+09,1.658400000000000000e+04,5.120000000000000000e+02,-7.840000000000000000e+02,-1.153000000000000000e+03,-6.220000000000000000e+02,-4.200000000000000000e+01
1.679988669160629034e+09,1.658400000000000000e+04,5.120000000000000000e+02,-7.840000000000000000e+02,-1.153000000000000000e+03,-6.220000000000000000e+02,-4.200000000000000000e+01
1.679988669161762238e+09,1.658400000000000000e+04,5.120000000000000000e+02,-7.840000000000000000e+02,-1.153000000000000000e+03,-6.220000000000000000e+02,-4.200000000000000000e+01
1.679988669162889957e+09,1.658400000000000000e+04,5.120000000000000000e+02,-7.840000000000000000e+02,-1.153000000000000000e+03,-6.220000000000000000e+02,-4.200000000000000000e+01
1.679988669163881779e+09,1.658400000000000000e+04,5.120000000000000000e+02,-7.840000000000000000e+02,-1.153000000000000000e+03,-6.220000000000000000e+02,-4.200000000000000000e+01
1.679988669164838314e+09,1.658400000000000000e+04,5.120000000000000000e+02,-7.840000000000000000e+02,-1.153000000000000000e+03,-6.220000000000000000e+02,-4.200000000000000000e+01
1.679988669166229486e+09,1.658400000000000000e+04,5.120000000000000000e+02,-7.840000000000000000e+02,-1.153000000000000000e+03,-6.220000000000000000e+02,-4.200000000000000000e+01
1.679988669166585684e+09,1.658400000000000000e+04,5.120000000000000000e+02,-7.840000000000000000e+02,-1.153000000000000000e+03,-6.220000000000000000e+02,-4.200000000000000000e+01
1.679988669166920662e+09,1.658400000000000000e+04,5.120000000000000000e+02,-7.840000000000000000e+02,-1.153000000000000000e+03,-6.220000000000000000e+02,-4.200000000000000000e+01
1.679988669167218208e+09,1.658400000000000000e+04,5.120000000000000000e+02,-7.840000000000000000e+02,-1.153000000000000000e+03,-6.220000000000000000e+02,-4.200000000000000000e+01
1.679988669167518377e+09,1.658400000000000000e+04,5.120000000000000000e+02,-7.840000000000000000e+02,-1.153000000000000000e+03,-6.220000000000000000e+02,-4.200000000000000000e+01
1.679988669167826653e+09,1.658400000000000000e+04,5.120000000000000000e+02,-7.840000000000000000e+02,-1.153000000000000000e+03,-6.220000000000000000e+02,-4.200000000000000000e+01
1.679988669168077707e+09,1.658400000000000000e+04,5.120000000000000000e+02,-7.840000000000000000e+02,-1.153000000000000000e+03,-6.220000000000000000e+02,-4.200000000000000000e+01
1.679988669168351412e+09,1.658400000000000000e+04,5.120000000000000000e+02,-7.840000000000000000e+02,-1.153000000000000000e+03,-6.220000000000000000e+02,-4.200000000000000000e+01
1.679988669168711424e+09,1.658400000000000000e+04,5.120000000000000000e+02,-7.840000000000000000e+02,-1.153000000000000000e+03,-6.220000000000000000e+02,-4.200000000000000000e+01
1.679988669168965340e+09,1.658400000000000000e+04,5.120000000000000000e+02,-7.840000000000000000e+02,-1.153000000000000000e+03,-6.220000000000000000e+02,-4.200000000000000000e+01
1.679988669169230700e+09,1.658400000000000000e+04,5.120000000000000000e+02,-7.840000000000000000e+02,-1.153000000000000000e+03,-6.220000000000000000e+02,-4.200000000000000000e+01
1.679988669169514418e+09,1.658400000000000000e+04,5.120000000000000000e+02,-7.840000000000000000e+02,-1.153000000000000000e+03,-6.220000000000000000e+02,-4.200000000000000000e+01
1.679988669169875145e+09,1.658400000000000000e+04,5.120000000000000000e+02,-7.840000000000000000e+02,-1.153000000000000000e+03,-6.220000000000000000e+02,-4.200000000000000000e+01
1.679988669170142174e+09,1.658400000000000000e+04,5.120000000000000000e+02,-7.840000000000000000e+02,-1.153000000000000000e+03,-6.220000000000000000e+02,-4.200000000000000000e+01
1.679988669170402288e+09,1.658400000000000000e+04,5.120000000000000000e+02,-7.840000000000000000e+02,-1.153000000000000000e+03,-6.220000000000000000e+02,-4.200000000000000000e+01
1.679988669170651674e+09,1.658400000000000000e+04,5.120000000000000000e+02,-7.840000000000000000e+02,-1.153000000000000000e+03,-6.220000000000000000e+02,-4.200000000000000000e+01
1.679988669170909882e+09,1.658400000000000000e+04,5.120000000000000000e+02,-7.840000000000000000e+02,-1.153000000000000000e+03,-6.220000000000000000e+02,-4.200000000000000000e+01
1.679988669171164989e+09,1.658400000000000000e+04,5.120000000000000000e+02,-7.840000000000000000e+02,-1.153000000000000000e+03,-6.220000000000000000e+02,-4.200000000000000000e+01
1.679988669171415806e+09,1.658400000000000000e+04,5.120000000000000000e+02,-7.840000000000000000e+02,-1.153000000000000000e+03,-6.220000000000000000e+02,-4.200000000000000000e+01
1.679988669171685457e+09,1.658400000000000000e+04,5.120000000000000000e+02,-7.840000000000000000e+02,-1.153000000000000000e+03,-6.220000000000000000e+02,-4.200000000000000000e+01
1.679988669172329426e+09,1.658400000000000000e+04,5.120000000000000000e+02,-7.840000000000000000e+02,-1.153000000000000000e+03,-6.220000000000000000e+02,-4.200000000000000000e+01
1.679988669172647476e+09,1.658400000000000000e+04,5.120000000000000000e+02,-7.840000000000000000e+02,-1.153000000000000000e+03,-6.220000000000000000e+02,-4.200000000000000000e+01
1.679988669172964573e+09,1.658400000000000000e+04,5.120000000000000000e+02,-7.840000000000000000e+02,-1.153000000000000000e+03,-6.220000000000000000e+02,-4.200000000000000000e+01
1.679988669173311710e+09,1.658400000000000000e+04,5.120000000000000000e+02,-7.840000000000000000e+02,-1.153000000000000000e+03,-6.220000000000000000e+02,-4.200000000000000000e+01
1.679988669173581600e+09,1.658400000000000000e+04,5.120000000000000000e+02,-7.840000000000000000e+02,-1.153000000000000000e+03,-6.220000000000000000e+02,-4.200000000000000000e+01
1.679988669173855305e+09,1.658400000000000000e+04,5.120000000000000000e+02,-7.840000000000000000e+02,-1.153000000000000000e+03,-6.220000000000000000e+02,-4.200000000000000000e+01
1.679988669174111128e+09,1.658400000000000000e+04,5.120000000000000000e+02,-7.840000000000000000e+02,-1.153000000000000000e+03,-6.220000000000000000e+02,-4.200000000000000000e+01
1.679988669174366713e+09,1.658400000000000000e+04,5.120000000000000000e+02,-7.840000000000000000e+02,-1.153000000000000000e+03,-6.220000000000000000e+02,-4.200000000000000000e+01
1.679988669174642086e+09,1.658400000000000000e+04,5.120000000000000000e+02,-7.840000000000000000e+02,-1.153000000000000000e+03,-6.220000000000000000e+02,-4.200000000000000000e+01
1.679988669174893141e+09,1.658400000000000000e+04,5.120000000000000000e+02,-7.840000000000000000e+02,-1.153000000000000000e+03,-6.220000000000000000e+02,-4.200000000000000000e+01
1.679988669175169706e+09,1.658400000000000000e+04,5.120000000000000000e+02,-7.840000000000000000e+02,-1.153000000000000000e+03,-6.220000000000000000e+02,-4.200000000000000000e+01
1.679988669175441742e+09,1.658400000000000000e+04,5.120000000000000000e+02,-7.840000000000000000e+02,-1.153000000000000000e+03,-6.220000000000000000e+02,-4.200000000000000000e+01
1.679988669175834417e+09,1.658400000000000000e+04,5.120000000000000000e+02,-7.840000000000000000e+02,-1.153000000000000000e+03,-6.220000000000000000e+02,-4.200000000000000000e+01
1.679988669176099777e+09,1.658400000000000000e+04,5.120000000000000000e+02,-7.840000000000000000e+02,-1.153000000000000000e+03,-6.220000000000000000e+02,-4.200000000000000000e+01
1.679988669176359177e+09,1.658400000000000000e+04,5.120000000000000000e+02,-7.840000000000000000e+02,-1.153000000000000000e+03,-6.220000000000000000e+02,-4.200000000000000000e+01
1.679988669176626444e+09,1.658400000000000000e+04,5.120000000000000000e+02,-7.840000000000000000e+02,-1.153000000000000000e+03,-6.220000000000000000e+02,-4.200000000000000000e+01
1.679988669176986933e+09,1.658400000000000000e+04,5.120000000000000000e+02,-7.840000000000000000e+02,-1.153000000000000000e+03,-6.220000000000000000e+02,-4.200000000000000000e+01
1.679988669177422523e+09,1.658400000000000000e+04,5.120000000000000000e+02,-7.840000000000000000e+02,-1.153000000000000000e+03,-6.220000000000000000e+02,-4.200000000000000000e+01
1.679988669178285122e+09,1.658400000000000000e+04,5.120000000000000000e+02,-7.840000000000000000e+02,-1.153000000000000000e+03,-6.220000000000000000e+02,-4.200000000000000000e+01
1.679988669179486990e+09,1.658400000000000000e+04,5.120000000000000000e+02,-7.840000000000000000e+02,-1.153000000000000000e+03,-6.220000000000000000e+02,-4.200000000000000000e+01
1.679988669179857969e+09,1.658400000000000000e+04,5.120000000000000000e+02,-7.840000000000000000e+02,-1.153000000000000000e+03,-6.220000000000000000e+02,-4.200000000000000000e+01
1.679988669180222034e+09,1.658400000000000000e+04,5.120000000000000000e+02,-7.840000000000000000e+02,-1.153000000000000000e+03,-6.220000000000000000e+02,-4.200000000000000000e+01
1.679988669180560589e+09,1.658400000000000000e+04,5.120000000000000000e+02,-7.840000000000000000e+02,-1.153000000000000000e+03,-6.220000000000000000e+02,-4.200000000000000000e+01
1.679988669180852890e+09,1.658400000000000000e+04,5.120000000000000000e+02,-7.840000000000000000e+02,-1.153000000000000000e+03,-6.220000000000000000e+02,-4.200000000000000000e+01
1.679988669181281328e+09,1.658400000000000000e+04,5.120000000000000000e+02,-7.840000000000000000e+02,-1.153000000000000000e+03,-6.220000000000000000e+02,-4.200000000000000000e+01
1.679988669181523561e+09,1.658400000000000000e+04,5.120000000000000000e+02,-7.840000000000000000e+02,-1.153000000000000000e+03,-6.220000000000000000e+02,-4.200000000000000000e+01
1.679988669181786776e+09,1.658400000000000000e+04,5.120000000000000000e+02,-7.840000000000000000e+02,-1.153000000000000000e+03,-6.220000000000000000e+02,-4.200000000000000000e+01
1.679988669182133436e+09,1.658400000000000000e+04,5.120000000000000000e+02,-7.840000000000000000e+02,-1.153000000000000000e+03,-6.220000000000000000e+02,-4.200000000000000000e+01
1.679988669182372093e+09,1.658400000000000000e+04,5.120000000000000000e+02,-7.840000000000000000e+02,-1.153000000000000000e+03,-6.220000000000000000e+02,-4.200000000000000000e+01
1.679988669182646036e+09,1.658400000000000000e+04,5.120000000000000000e+02,-7.840000000000000000e+02,-1.153000000000000000e+03,-6.220000000000000000e+02,-4.200000000000000000e+01
1.679988669182930708e+09,1.658400000000000000e+04,5.120000000000000000e+02,-7.840000000000000000e+02,-1.153000000000000000e+03,-6.220000000000000000e+02,-4.200000000000000000e+01
1.679988669183310270e+09,1.658400000000000000e+04,5.120000000000000000e+02,-7.840000000000000000e+02,-1.153000000000000000e+03,-6.220000000000000000e+02,-4.200000000000000000e+01
1.679988669183816433e+09,1.658400000000000000e+04,5.120000000000000000e+02,-7.840000000000000000e+02,-1.153000000000000000e+03,-6.220000000000000000e+02,-4.200000000000000000e+01
1.679988669184081554e+09,1.658400000000000000e+04,5.120000000000000000e+02,-7.840000000000000000e+02,-1.153000000000000000e+03,-6.220000000000000000e+02,-4.200000000000000000e+01
1.679988669184353828e+09,1.658400000000000000e+04,5.120000000000000000e+02,-7.840000000000000000e+02,-1.153000000000000000e+03,-6.220000000000000000e+02,-4.200000000000000000e+01
1.679988669184670448e+09,1.658400000000000000e+04,5.120000000000000000e+02,-7.840000000000000000e+02,-1.153000000000000000e+03,-6.220000000000000000e+02,-4.200000000000000000e+01
1.679988669184903860e+09,1.658400000000000000e+04,5.120000000000000000e+02,-7.840000000000000000e+02,-1.153000000000000000e+03,-6.220000000000000000e+02,-4.200000000000000000e+01
1.679988669185136795e+09,1.658400000000000000e+04,5.120000000000000000e+02,-7.840000000000000000e+02,-1.153000000000000000e+03,-6.220000000000000000e+02,-4.200000000000000000e+01
1.679988669185416460e+09,1.658400000000000000e+04,5.120000000000000000e+02,-7.840000000000000000e+02,-1.153000000000000000e+03,-6.220000000000000000e+02,-4.200000000000000000e+01
1.679988669185752869e+09,1.658400000000000000e+04,5.120000000000000000e+02,-7.840000000000000000e+02,-1.153000000000000000e+03,-6.220000000000000000e+02,-4.200000000000000000e+01
1.679988669186083317e+09,1.658400000000000000e+04,5.120000000000000000e+02,-7.840000000000000000e+02,-1.153000000000000000e+03,-6.220000000000000000e+02,-4.200000000000000000e+01
1.679988669186650515e+09,1.658400000000000000e+04,5.120000000000000000e+02,-7.840000000000000000e+02,-1.153000000000000000e+03,-6.220000000000000000e+02,-4.200000000000000000e+01
1.679988669187338829e+09,1.658400000000000000e+04,5.120000000000000000e+02,-7.840000000000000000e+02,-1.153000000000000000e+03,-6.220000000000000000e+02,-4.200000000000000000e+01
1.679988669188376427e+09,1.658400000000000000e+04,5.120000000000000000e+02,-7.840000000000000000e+02,-1.153000000000000000e+03,-6.220000000000000000e+02,-4.200000000000000000e+01
1.679988669188842058e+09,1.658400000000000000e+04,5.120000000000000000e+02,-7.840000000000000000e+02,-1.153000000000000000e+03,-6.220000000000000000e+02,-4.200000000000000000e+01
1.679988669189546347e+09,1.658400000000000000e+04,5.120000000000000000e+02,-7.840000000000000000e+02,-1.153000000000000000e+03,-6.220000000000000000e+02,-4.200000000000000000e+01
1.679988669190524101e+09,1.658400000000000000e+04,5.120000000000000000e+02,-7.840000000000000000e+02,-1.153000000000000000e+03,-6.220000000000000000e+02,-4.200000000000000000e+01
1.679988669191050768e+09,1.658400000000000000e+04,5.120000000000000000e+02,-7.840000000000000000e+02,-1.153000000000000000e+03,-6.220000000000000000e+02,-4.200000000000000000e+01
1.679988669191758871e+09,1.658400000000000000e+04,5.120000000000000000e+02,-7.840000000000000000e+02,-1.153000000000000000e+03,-6.220000000000000000e+02,-4.200000000000000000e+01
1.679988669192870140e+09,1.658400000000000000e+04,5.120000000000000000e+02,-7.840000000000000000e+02,-1.153000000000000000e+03,-6.220000000000000000e+02,-4.200000000000000000e+01
1.679988669194067240e+09,1.658400000000000000e+04,5.120000000000000000e+02,-7.840000000000000000e+02,-1.153000000000000000e+03,-6.220000000000000000e+02,-4.200000000000000000e+01
1.679988669194773912e+09,1.658400000000000000e+04,5.120000000000000000e+02,-7.840000000000000000e+02,-1.153000000000000000e+03,-6.220000000000000000e+02,-4.200000000000000000e+01
1.679988669195941925e+09,1.658400000000000000e+04,5.120000000000000000e+02,-7.840000000000000000e+02,-1.153000000000000000e+03,-6.220000000000000000e+02,-4.200000000000000000e+01
1.679988669196969509e+09,1.658400000000000000e+04,5.120000000000000000e+02,-7.840000000000000000e+02,-1.153000000000000000e+03,-6.220000000000000000e+02,-4.200000000000000000e+01
1.679988669197266579e+09,1.658400000000000000e+04,5.120000000000000000e+02,-7.840000000000000000e+02,-1.153000000000000000e+03,-6.220000000000000000e+02,-4.200000000000000000e+01
1.679988669197663307e+09,1.658400000000000000e+04,5.120000000000000000e+02,-7.840000000000000000e+02,-1.153000000000000000e+03,-6.220000000000000000e+02,-4.200000000000000000e+01
1.679988669197934151e+09,1.658400000000000000e+04,5.120000000000000000e+02,-7.840000000000000000e+02,-1.153000000000000000e+03,-6.220000000000000000e+02,-4.200000000000000000e+01
1.679988669198309183e+09,1.658400000000000000e+04,5.120000000000000000e+02,-7.840000000000000000e+02,-1.153000000000000000e+03,-6.220000000000000000e+02,-4.200000000000000000e+01
1.679988669198585510e+09,1.658400000000000000e+04,5.120000000000000000e+02,-7.840000000000000000e+02,-1.153000000000000000e+03,-6.220000000000000000e+02,-4.200000000000000000e+01
1.679988669198961973e+09,1.658400000000000000e+04,5.120000000000000000e+02,-7.840000000000000000e+02,-1.153000000000000000e+03,-6.220000000000000000e+02,-4.200000000000000000e+01
1.679988669199257135e+09,1.658400000000000000e+04,5.120000000000000000e+02,-7.840000000000000000e+02,-1.153000000000000000e+03,-6.220000000000000000e+02,-4.200000000000000000e+01
1.679988669199527025e+09,1.658400000000000000e+04,5.120000000000000000e+02,-7.840000000000000000e+02,-1.153000000000000000e+03,-6.220000000000000000e+02,-4.200000000000000000e+01
1.679988669199778557e+09,1.658400000000000000e+04,5.120000000000000000e+02,-7.840000000000000000e+02,-1.153000000000000000e+03,-6.220000000000000000e+02,-4.200000000000000000e+01
1.679988669200052261e+09,1.658400000000000000e+04,5.120000000000000000e+02,-7.840000000000000000e+02,-1.153000000000000000e+03,-6.220000000000000000e+02,-4.200000000000000000e+01
1.679988669200341702e+09,1.658400000000000000e+04,5.120000000000000000e+02,-7.840000000000000000e+02,-1.153000000000000000e+03,-6.220000000000000000e+02,-4.200000000000000000e+01
1.679988669200701952e+09,1.658400000000000000e+04,5.120000000000000000e+02,-7.840000000000000000e+02,-1.153000000000000000e+03,-6.220000000000000000e+02,-4.200000000000000000e+01
1.679988669200979233e+09,1.658400000000000000e+04,5.120000000000000000e+02,-7.840000000000000000e+02,-1.153000000000000000e+03,-6.220000000000000000e+02,-4.200000000000000000e+01
1.679988669201245546e+09,1.658400000000000000e+04,5.120000000000000000e+02,-7.840000000000000000e+02,-1.153000000000000000e+03,-6.220000000000000000e+02,-4.200000000000000000e+01
1.679988669201495647e+09,1.658400000000000000e+04,5.120000000000000000e+02,-7.840000000000000000e+02,-1.153000000000000000e+03,-6.220000000000000000e+02,-4.200000000000000000e+01
1.679988669201762915e+09,1.658400000000000000e+04,5.120000000000000000e+02,-7.840000000000000000e+02,-1.153000000000000000e+03,-6.220000000000000000e+02,-4.200000000000000000e+01
1.679988669202027082e+09,1.658400000000000000e+04,5.120000000000000000e+02,-7.840000000000000000e+02,-1.153000000000000000e+03,-6.220000000000000000e+02,-4.200000000000000000e+01
1.679988669202386856e+09,1.658400000000000000e+04,5.120000000000000000e+02,-7.840000000000000000e+02,-1.153000000000000000e+03,-6.220000000000000000e+02,-4.200000000000000000e+01
1.679988669202662706e+09,1.658400000000000000e+04,5.120000000000000000e+02,-7.840000000000000000e+02,-1.153000000000000000e+03,-6.220000000000000000e+02,-4.200000000000000000e+01
1.679988669202927113e+09,1.658400000000000000e+04,5.120000000000000000e+02,-7.840000000000000000e+02,-1.153000000000000000e+03,-6.220000000000000000e+02,-4.200000000000000000e+01
1.679988669203177929e+09,1.658400000000000000e+04,5.120000000000000000e+02,-7.840000000000000000e+02,-1.153000000000000000e+03,-6.220000000000000000e+02,-4.200000000000000000e+01
1.679988669203438282e+09,1.658400000000000000e+04,5.120000000000000000e+02,-7.840000000000000000e+02,-1.153000000000000000e+03,-6.220000000000000000e+02,-4.200000000000000000e+01
1.679988669203705788e+09,1.658400000000000000e+04,5.120000000000000000e+02,-7.840000000000000000e+02,-1.153000000000000000e+03,-6.220000000000000000e+02,-4.200000000000000000e+01
1.679988669203960419e+09,1.658400000000000000e+04,5.120000000000000000e+02,-7.840000000000000000e+02,-1.153000000000000000e+03,-6.220000000000000000e+02,-4.200000000000000000e+01
1.679988669204231262e+09,1.658400000000000000e+04,5.120000000000000000e+02,-7.840000000000000000e+02,-1.153000000000000000e+03,-6.220000000000000000e+02,-4.200000000000000000e+01
1.679988669204514027e+09,1.658400000000000000e+04,5.120000000000000000e+02,-7.840000000000000000e+02,-1.153000000000000000e+03,-6.220000000000000000e+02,-4.200000000000000000e+01
1.679988669204862356e+09,1.658400000000000000e+04,5.120000000000000000e+02,-7.840000000000000000e+02,-1.153000000000000000e+03,-6.220000000000000000e+02,-4.200000000000000000e+01
1.679988669205133915e+09,1.658400000000000000e+04,5.120000000000000000e+02,-7.840000000000000000e+02,-1.153000000000000000e+03,-6.220000000000000000e+02,-4.200000000000000000e+01
1.679988669205407143e+09,1.658400000000000000e+04,5.120000000000000000e+02,-7.840000000000000000e+02,-1.153000000000000000e+03,-6.220000000000000000e+02,-4.200000000000000000e+01
1.679988669206132412e+09,1.658400000000000000e+04,5.120000000000000000e+02,-7.840000000000000000e+02,-1.153000000000000000e+03,-6.220000000000000000e+02,-4.200000000000000000e+01
1.679988669206409931e+09,1.658400000000000000e+04,5.120000000000000000e+02,-7.840000000000000000e+02,-1.153000000000000000e+03,-6.220000000000000000e+02,-4.200000000000000000e+01
1.679988669206745625e+09,1.658400000000000000e+04,5.120000000000000000e+02,-7.840000000000000000e+02,-1.153000000000000000e+03,-6.220000000000000000e+02,-4.200000000000000000e+01
1.679988669207052946e+09,1.658400000000000000e+04,5.120000000000000000e+02,-7.840000000000000000e+02,-1.153000000000000000e+03,-6.220000000000000000e+02,-4.200000000000000000e+01
1.679988669207335234e+09,1.658400000000000000e+04,5.120000000000000000e+02,-7.840000000000000000e+02,-1.153000000000000000e+03,-6.220000000000000000e+02,-4.200000000000000000e+01
1.679988669207591057e+09,1.658400000000000000e+04,5.120000000000000000e+02,-7.840000000000000000e+02,-1.153000000000000000e+03,-6.220000000000000000e+02,-4.200000000000000000e+01
1.679988669207969427e+09,1.658400000000000000e+04,5.120000000000000000e+02,-7.840000000000000000e+02,-1.153000000000000000e+03,-6.220000000000000000e+02,-4.200000000000000000e+01
1.679988669208400488e+09,1.658400000000000000e+04,5.120000000000000000e+02,-7.840000000000000000e+02,-1.153000000000000000e+03,-6.220000000000000000e+02,-4.200000000000000000e+01
1.679988669209251642e+09,1.658400000000000000e+04,5.120000000000000000e+02,-7.840000000000000000e+02,-1.153000000000000000e+03,-6.220000000000000000e+02,-4.200000000000000000e+01
1.679988669210458279e+09,1.658400000000000000e+04,5.120000000000000000e+02,-7.840000000000000000e+02,-1.153000000000000000e+03,-6.220000000000000000e+02,-4.200000000000000000e+01
1.679988669210812330e+09,1.658400000000000000e+04,5.120000000000000000e+02,-7.840000000000000000e+02,-1.153000000000000000e+03,-6.220000000000000000e+02,-4.200000000000000000e+01
1.679988669211220264e+09,1.658400000000000000e+04,5.120000000000000000e+02,-7.840000000000000000e+02,-1.153000000000000000e+03,-6.220000000000000000e+02,-4.200000000000000000e+01
1.679988669211495161e+09,1.658400000000000000e+04,5.120000000000000000e+02,-7.840000000000000000e+02,-1.153000000000000000e+03,-6.220000000000000000e+02,-4.200000000000000000e+01
1.679988669211771488e+09,1.658400000000000000e+04,5.120000000000000000e+02,-7.840000000000000000e+02,-1.153000000000000000e+03,-6.220000000000000000e+02,-4.200000000000000000e+01
1.679988669212154627e+09,1.658400000000000000e+04,5.120000000000000000e+02,-7.840000000000000000e+02,-1.153000000000000000e+03,-6.220000000000000000e+02,-4.200000000000000000e+01
1.679988669212425709e+09,1.658400000000000000e+04,5.120000000000000000e+02,-7.840000000000000000e+02,-1.153000000000000000e+03,-6.220000000000000000e+02,-4.200000000000000000e+01
1.679988669212699890e+09,1.658400000000000000e+04,5.120000000000000000e+02,-7.840000000000000000e+02,-1.153000000000000000e+03,-6.220000000000000000e+02,-4.200000000000000000e+01
1.679988669212962866e+09,1.658400000000000000e+04,5.120000000000000000e+02,-7.840000000000000000e+02,-1.153000000000000000e+03,-6.220000000000000000e+02,-4.200000000000000000e+01
1.679988669213374615e+09,1.658400000000000000e+04,5.120000000000000000e+02,-7.840000000000000000e+02,-1.153000000000000000e+03,-6.220000000000000000e+02,-4.200000000000000000e+01
1.679988669213675976e+09,1.658400000000000000e+04,5.120000000000000000e+02,-7.840000000000000000e+02,-1.153000000000000000e+03,-6.220000000000000000e+02,-4.200000000000000000e+01
1.679988669214121103e+09,1.658400000000000000e+04,5.120000000000000000e+02,-7.840000000000000000e+02,-1.153000000000000000e+03,-6.220000000000000000e+02,-4.200000000000000000e+01
1.679988669214368343e+09,1.658400000000000000e+04,5.120000000000000000e+02,-7.840000000000000000e+02,-1.153000000000000000e+03,-6.220000000000000000e+02,-4.200000000000000000e+01
1.679988669214637041e+09,1.658400000000000000e+04,5.120000000000000000e+02,-7.840000000000000000e+02,-1.153000000000000000e+03,-6.220000000000000000e+02,-4.200000000000000000e+01
1.679988669214988232e+09,1.658400000000000000e+04,5.120000000000000000e+02,-7.840000000000000000e+02,-1.153000000000000000e+03,-6.220000000000000000e+02,-4.200000000000000000e+01
1.679988669215239763e+09,1.658400000000000000e+04,5.120000000000000000e+02,-7.840000000000000000e+02,-1.153000000000000000e+03,-6.220000000000000000e+02,-4.200000000000000000e+01
1.679988669215649366e+09,1.658400000000000000e+04,5.120000000000000000e+02,-7.840000000000000000e+02,-1.153000000000000000e+03,-6.220000000000000000e+02,-4.200000000000000000e+01
1.679988669216001034e+09,1.658400000000000000e+04,5.120000000000000000e+02,-7.840000000000000000e+02,-1.153000000000000000e+03,-6.220000000000000000e+02,-4.200000000000000000e+01
1.679988669216317654e+09,1.658400000000000000e+04,5.120000000000000000e+02,-7.840000000000000000e+02,-1.153000000000000000e+03,-6.220000000000000000e+02,-4.200000000000000000e+01
1.679988669216769218e+09,1.658400000000000000e+04,5.120000000000000000e+02,-7.840000000000000000e+02,-1.153000000000000000e+03,-6.220000000000000000e+02,-4.200000000000000000e+01
1.679988669217017651e+09,1.658400000000000000e+04,5.120000000000000000e+02,-7.840000000000000000e+02,-1.153000000000000000e+03,-6.220000000000000000e+02,-4.200000000000000000e+01
1.679988669217350721e+09,1.658400000000000000e+04,5.120000000000000000e+02,-7.840000000000000000e+02,-1.153000000000000000e+03,-6.220000000000000000e+02,-4.200000000000000000e+01
1.679988669217781544e+09,1.658400000000000000e+04,5.120000000000000000e+02,-7.840000000000000000e+02,-1.153000000000000000e+03,-6.220000000000000000e+02,-4.200000000000000000e+01
1.679988669218447208e+09,1.658400000000000000e+04,5.120000000000000000e+02,-7.840000000000000000e+02,-1.153000000000000000e+03,-6.220000000000000000e+02,-4.200000000000000000e+01
1.679988669219565868e+09,1.658400000000000000e+04,5.120000000000000000e+02,-7.840000000000000000e+02,-1.153000000000000000e+03,-6.220000000000000000e+02,-4.200000000000000000e+01
1.679988669219974041e+09,1.658400000000000000e+04,5.120000000000000000e+02,-7.840000000000000000e+02,-1.153000000000000000e+03,-6.220000000000000000e+02,-4.200000000000000000e+01
1.679988669220653296e+09,1.658400000000000000e+04,5.120000000000000000e+02,-7.840000000000000000e+02,-1.153000000000000000e+03,-6.220000000000000000e+02,-4.200000000000000000e+01
1.679988669221775770e+09,1.658400000000000000e+04,5.120000000000000000e+02,-7.840000000000000000e+02,-1.153000000000000000e+03,-6.220000000000000000e+02,-4.200000000000000000e+01
1.679988669222191572e+09,1.658400000000000000e+04,5.120000000000000000e+02,-7.840000000000000000e+02,-1.153000000000000000e+03,-6.220000000000000000e+02,-4.200000000000000000e+01
1.679988669222850800e+09,1.658400000000000000e+04,5.120000000000000000e+02,-7.840000000000000000e+02,-1.153000000000000000e+03,-6.220000000000000000e+02,-4.200000000000000000e+01
1.679988669224096775e+09,1.658400000000000000e+04,5.120000000000000000e+02,-7.840000000000000000e+02,-1.153000000000000000e+03,-6.220000000000000000e+02,-4.200000000000000000e+01
1.679988669225189686e+09,1.658400000000000000e+04,5.120000000000000000e+02,-7.840000000000000000e+02,-1.153000000000000000e+03,-6.220000000000000000e+02,-4.200000000000000000e+01
1.679988669226293564e+09,1.658400000000000000e+04,5.120000000000000000e+02,-7.840000000000000000e+02,-1.153000000000000000e+03,-6.220000000000000000e+02,-4.200000000000000000e+01
1.679988669227497816e+09,1.658400000000000000e+04,5.120000000000000000e+02,-7.840000000000000000e+02,-1.153000000000000000e+03,-6.220000000000000000e+02,-4.200000000000000000e+01
1.679988669228763342e+09,1.658400000000000000e+04,5.120000000000000000e+02,-7.840000000000000000e+02,-1.153000000000000000e+03,-6.220000000000000000e+02,-4.200000000000000000e+01
1.679988669229099751e+09,1.658400000000000000e+04,5.120000000000000000e+02,-7.840000000000000000e+02,-1.153000000000000000e+03,-6.220000000000000000e+02,-4.200000000000000000e+01
1.679988669229433060e+09,1.658400000000000000e+04,5.120000000000000000e+02,-7.840000000000000000e+02,-1.153000000000000000e+03,-6.220000000000000000e+02,-4.200000000000000000e+01
1.679988669229809761e+09,1.658400000000000000e+04,5.120000000000000000e+02,-7.840000000000000000e+02,-1.153000000000000000e+03,-6.220000000000000000e+02,-4.200000000000000000e+01
1.679988669230078697e+09,1.658400000000000000e+04,5.120000000000000000e+02,-7.840000000000000000e+02,-1.153000000000000000e+03,-6.220000000000000000e+02,-4.200000000000000000e+01
1.679988669230368853e+09,1.658400000000000000e+04,5.120000000000000000e+02,-7.840000000000000000e+02,-1.153000000000000000e+03,-6.220000000000000000e+02,-4.200000000000000000e+01
1.679988669230745316e+09,1.658400000000000000e+04,5.120000000000000000e+02,-7.840000000000000000e+02,-1.153000000000000000e+03,-6.220000000000000000e+02,-4.200000000000000000e+01
1.679988669231015444e+09,1.658400000000000000e+04,5.120000000000000000e+02,-7.840000000000000000e+02,-1.153000000000000000e+03,-6.220000000000000000e+02,-4.200000000000000000e+01
1.679988669231275558e+09,1.658400000000000000e+04,5.120000000000000000e+02,-7.840000000000000000e+02,-1.153000000000000000e+03,-6.220000000000000000e+02,-4.200000000000000000e+01
1.679988669231585979e+09,1.658400000000000000e+04,5.120000000000000000e+02,-7.840000000000000000e+02,-1.153000000000000000e+03,-6.220000000000000000e+02,-4.200000000000000000e+01
1.679988669231933594e+09,1.658400000000000000e+04,5.120000000000000000e+02,-7.840000000000000000e+02,-1.153000000000000000e+03,-6.220000000000000000e+02,-4.200000000000000000e+01
1.679988669232213497e+09,1.658400000000000000e+04,5.120000000000000000e+02,-7.840000000000000000e+02,-1.153000000000000000e+03,-6.220000000000000000e+02,-4.200000000000000000e+01
1.679988669232575417e+09,1.658400000000000000e+04,5.120000000000000000e+02,-7.840000000000000000e+02,-1.153000000000000000e+03,-6.220000000000000000e+02,-4.200000000000000000e+01
1.679988669232852221e+09,1.658400000000000000e+04,5.120000000000000000e+02,-7.840000000000000000e+02,-1.153000000000000000e+03,-6.220000000000000000e+02,-4.200000000000000000e+01
1.679988669233187914e+09,1.658400000000000000e+04,5.120000000000000000e+02,-7.840000000000000000e+02,-1.153000000000000000e+03,-6.220000000000000000e+02,-4.200000000000000000e+01
1.679988669233450174e+09,1.658400000000000000e+04,5.120000000000000000e+02,-7.840000000000000000e+02,-1.153000000000000000e+03,-6.220000000000000000e+02,-4.200000000000000000e+01
1.679988669233721495e+09,1.658400000000000000e+04,5.120000000000000000e+02,-7.840000000000000000e+02,-1.153000000000000000e+03,-6.220000000000000000e+02,-4.200000000000000000e+01
1.679988669234061003e+09,1.658400000000000000e+04,5.120000000000000000e+02,-7.840000000000000000e+02,-1.153000000000000000e+03,-6.220000000000000000e+02,-4.200000000000000000e+01
1.679988669234334469e+09,1.658400000000000000e+04,5.120000000000000000e+02,-7.840000000000000000e+02,-1.153000000000000000e+03,-6.220000000000000000e+02,-4.200000000000000000e+01
1.679988669234601259e+09,1.658400000000000000e+04,5.120000000000000000e+02,-7.840000000000000000e+02,-1.153000000000000000e+03,-6.220000000000000000e+02,-4.200000000000000000e+01
1.679988669234866142e+09,1.658400000000000000e+04,5.120000000000000000e+02,-7.840000000000000000e+02,-1.153000000000000000e+03,-6.220000000000000000e+02,-4.200000000000000000e+01
1.679988669235127211e+09,1.658400000000000000e+04,5.120000000000000000e+02,-7.840000000000000000e+02,-1.153000000000000000e+03,-6.220000000000000000e+02,-4.200000000000000000e+01
1.679988669235535860e+09,1.658400000000000000e+04,5.120000000000000000e+02,-7.840000000000000000e+02,-1.153000000000000000e+03,-6.220000000000000000e+02,-4.200000000000000000e+01
1.679988669235828400e+09,1.658400000000000000e+04,5.120000000000000000e+02,-7.840000000000000000e+02,-1.153000000000000000e+03,-6.220000000000000000e+02,-4.200000000000000000e+01
1.679988669236098766e+09,1.658400000000000000e+04,5.120000000000000000e+02,-7.840000000000000000e+02,-1.153000000000000000e+03,-6.220000000000000000e+02,-4.200000000000000000e+01
1.679988669236463785e+09,1.658400000000000000e+04,5.120000000000000000e+02,-7.840000000000000000e+02,-1.153000000000000000e+03,-6.220000000000000000e+02,-4.200000000000000000e+01
1.679988669236748219e+09,1.658400000000000000e+04,5.120000000000000000e+02,-7.840000000000000000e+02,-1.153000000000000000e+03,-6.220000000000000000e+02,-4.200000000000000000e+01
1.679988669237014294e+09,1.658400000000000000e+04,5.120000000000000000e+02,-7.840000000000000000e+02,-1.153000000000000000e+03,-6.220000000000000000e+02,-4.200000000000000000e+01
1.679988669237406254e+09,1.658400000000000000e+04,5.120000000000000000e+02,-7.840000000000000000e+02,-1.153000000000000000e+03,-6.220000000000000000e+02,-4.200000000000000000e+01
1.679988669237704277e+09,1.658400000000000000e+04,5.120000000000000000e+02,-7.840000000000000000e+02,-1.153000000000000000e+03,-6.220000000000000000e+02,-4.200000000000000000e+01
1.679988669238011837e+09,1.658400000000000000e+04,5.120000000000000000e+02,-7.840000000000000000e+02,-1.153000000000000000e+03,-6.220000000000000000e+02,-4.200000000000000000e+01
1.679988669238291979e+09,1.658400000000000000e+04,5.120000000000000000e+02,-7.840000000000000000e+02,-1.153000000000000000e+03,-6.220000000000000000e+02,-4.200000000000000000e+01
1.679988669238567591e+09,1.658400000000000000e+04,5.120000000000000000e+02,-7.840000000000000000e+02,-1.153000000000000000e+03,-6.220000000000000000e+02,-4.200000000000000000e+01
1.679988669238841057e+09,1.658400000000000000e+04,5.120000000000000000e+02,-7.840000000000000000e+02,-1.153000000000000000e+03,-6.220000000000000000e+02,-4.200000000000000000e+01
1.679988669239104509e+09,1.658400000000000000e+04,5.120000000000000000e+02,-7.840000000000000000e+02,-1.153000000000000000e+03,-6.220000000000000000e+02,-4.200000000000000000e+01
1.679988669239383698e+09,1.658400000000000000e+04,5.120000000000000000e+02,-7.840000000000000000e+02,-1.153000000000000000e+03,-6.220000000000000000e+02,-4.200000000000000000e+01
1.679988669240024328e+09,1.658400000000000000e+04,5.120000000000000000e+02,-7.840000000000000000e+02,-1.153000000000000000e+03,-6.220000000000000000e+02,-4.200000000000000000e+01
1.679988669240494251e+09,1.658400000000000000e+04,5.120000000000000000e+02,-7.840000000000000000e+02,-1.153000000000000000e+03,-6.220000000000000000e+02,-4.200000000000000000e+01
1.679988669241357088e+09,1.658400000000000000e+04,5.120000000000000000e+02,-7.840000000000000000e+02,-1.153000000000000000e+03,-6.220000000000000000e+02,-4.200000000000000000e+01
1.679988669242614031e+09,1.658400000000000000e+04,5.120000000000000000e+02,-7.840000000000000000e+02,-1.153000000000000000e+03,-6.220000000000000000e+02,-4.200000000000000000e+01
1.679988669242963314e+09,1.658400000000000000e+04,5.120000000000000000e+02,-7.840000000000000000e+02,-1.153000000000000000e+03,-6.220000000000000000e+02,-4.200000000000000000e+01
1.679988669243312120e+09,1.658400000000000000e+04,5.120000000000000000e+02,-7.840000000000000000e+02,-1.153000000000000000e+03,-6.220000000000000000e+02,-4.200000000000000000e+01
1.679988669243606567e+09,1.658400000000000000e+04,5.120000000000000000e+02,-7.840000000000000000e+02,-1.153000000000000000e+03,-6.220000000000000000e+02,-4.200000000000000000e+01
1.679988669244068623e+09,1.658400000000000000e+04,5.120000000000000000e+02,-7.840000000000000000e+02,-1.153000000000000000e+03,-6.220000000000000000e+02,-4.200000000000000000e+01
1.679988669244341135e+09,1.658400000000000000e+04,5.120000000000000000e+02,-7.840000000000000000e+02,-1.153000000000000000e+03,-6.220000000000000000e+02,-4.200000000000000000e+01
1.679988669244613409e+09,1.658400000000000000e+04,5.120000000000000000e+02,-7.840000000000000000e+02,-1.153000000000000000e+03,-6.220000000000000000e+02,-4.200000000000000000e+01
1.679988669244978666e+09,1.658400000000000000e+04,5.120000000000000000e+02,-7.840000000000000000e+02,-1.153000000000000000e+03,-6.220000000000000000e+02,-4.200000000000000000e+01
1.679988669245240688e+09,1.658400000000000000e+04,5.120000000000000000e+02,-7.840000000000000000e+02,-1.153000000000000000e+03,-6.220000000000000000e+02,-4.200000000000000000e+01
1.679988669245544195e+09,1.658400000000000000e+04,5.120000000000000000e+02,-7.840000000000000000e+02,-1.153000000000000000e+03,-6.220000000000000000e+02,-4.200000000000000000e+01
1.679988669245849133e+09,1.658400000000000000e+04,5.120000000000000000e+02,-7.840000000000000000e+02,-1.153000000000000000e+03,-6.220000000000000000e+02,-4.200000000000000000e+01
1.679988669246236086e+09,1.658400000000000000e+04,5.120000000000000000e+02,-7.840000000000000000e+02,-1.153000000000000000e+03,-6.220000000000000000e+02,-4.200000000000000000e+01
1.679988669246720791e+09,1.658400000000000000e+04,5.120000000000000000e+02,-7.840000000000000000e+02,-1.153000000000000000e+03,-6.220000000000000000e+02,-4.200000000000000000e+01
1.679988669246981859e+09,1.658400000000000000e+04,5.120000000000000000e+02,-7.840000000000000000e+02,-1.153000000000000000e+03,-6.220000000000000000e+02,-4.200000000000000000e+01
1.679988669247254372e+09,1.658400000000000000e+04,5.120000000000000000e+02,-7.840000000000000000e+02,-1.153000000000000000e+03,-6.220000000000000000e+02,-4.200000000000000000e+01
1.679988669247597218e+09,1.658400000000000000e+04,5.120000000000000000e+02,-7.840000000000000000e+02,-1.153000000000000000e+03,-6.220000000000000000e+02,-4.200000000000000000e+01
1.679988669247850895e+09,1.658400000000000000e+04,5.120000000000000000e+02,-7.840000000000000000e+02,-1.153000000000000000e+03,-6.220000000000000000e+02,-4.200000000000000000e+01
1.679988669248124361e+09,1.658400000000000000e+04,5.120000000000000000e+02,-7.840000000000000000e+02,-1.153000000000000000e+03,-6.220000000000000000e+02,-4.200000000000000000e+01
1.679988669248399973e+09,1.658400000000000000e+04,5.120000000000000000e+02,-7.840000000000000000e+02,-1.153000000000000000e+03,-6.220000000000000000e+02,-4.200000000000000000e+01
1.679988669248679161e+09,1.658400000000000000e+04,5.120000000000000000e+02,-7.840000000000000000e+02,-1.153000000000000000e+03,-6.220000000000000000e+02,-4.200000000000000000e+01
1.679988669248973131e+09,1.658400000000000000e+04,5.120000000000000000e+02,-7.840000000000000000e+02,-1.153000000000000000e+03,-6.220000000000000000e+02,-4.200000000000000000e+01
1.679988669249429941e+09,1.658400000000000000e+04,5.120000000000000000e+02,-7.840000000000000000e+02,-1.153000000000000000e+03,-6.220000000000000000e+02,-4.200000000000000000e+01
1.679988669249770403e+09,1.658400000000000000e+04,5.120000000000000000e+02,-7.840000000000000000e+02,-1.153000000000000000e+03,-6.220000000000000000e+02,-4.200000000000000000e+01
1.679988669250488997e+09,1.658400000000000000e+04,5.120000000000000000e+02,-7.840000000000000000e+02,-1.153000000000000000e+03,-6.220000000000000000e+02,-4.200000000000000000e+01
1.679988669251675367e+09,1.658400000000000000e+04,5.120000000000000000e+02,-7.840000000000000000e+02,-1.153000000000000000e+03,-6.220000000000000000e+02,-4.200000000000000000e+01
1.679988669252045155e+09,1.658400000000000000e+04,5.120000000000000000e+02,-7.840000000000000000e+02,-1.153000000000000000e+03,-6.220000000000000000e+02,-4.200000000000000000e+01
1.679988669252787828e+09,1.658400000000000000e+04,5.120000000000000000e+02,-7.840000000000000000e+02,-1.153000000000000000e+03,-6.220000000000000000e+02,-4.200000000000000000e+01
1.679988669253872156e+09,1.658400000000000000e+04,5.120000000000000000e+02,-7.840000000000000000e+02,-1.153000000000000000e+03,-6.220000000000000000e+02,-4.200000000000000000e+01
1.679988669254218817e+09,1.658400000000000000e+04,5.120000000000000000e+02,-7.840000000000000000e+02,-1.153000000000000000e+03,-6.220000000000000000e+02,-4.200000000000000000e+01
1.679988669254972219e+09,1.658400000000000000e+04,5.120000000000000000e+02,-7.840000000000000000e+02,-1.153000000000000000e+03,-6.220000000000000000e+02,-4.200000000000000000e+01
1.679988669256246805e+09,1.658400000000000000e+04,5.120000000000000000e+02,-7.840000000000000000e+02,-1.153000000000000000e+03,-6.220000000000000000e+02,-4.200000000000000000e+01
1.679988669257335186e+09,1.658400000000000000e+04,5.120000000000000000e+02,-7.840000000000000000e+02,-1.153000000000000000e+03,-6.220000000000000000e+02,-4.200000000000000000e+01
1.679988669258148432e+09,1.658400000000000000e+04,5.120000000000000000e+02,-7.840000000000000000e+02,-1.153000000000000000e+03,-6.220000000000000000e+02,-4.200000000000000000e+01
1.679988669259222269e+09,1.658400000000000000e+04,5.120000000000000000e+02,-7.840000000000000000e+02,-1.153000000000000000e+03,-6.220000000000000000e+02,-4.200000000000000000e+01
1.679988669260586739e+09,1.658400000000000000e+04,5.120000000000000000e+02,-7.840000000000000000e+02,-1.153000000000000000e+03,-6.220000000000000000e+02,-4.200000000000000000e+01
1.679988669261290073e+09,1.658400000000000000e+04,5.120000000000000000e+02,-7.840000000000000000e+02,-1.153000000000000000e+03,-6.220000000000000000e+02,-4.200000000000000000e+01
1.679988669261971712e+09,1.658400000000000000e+04,5.120000000000000000e+02,-7.840000000000000000e+02,-1.153000000000000000e+03,-6.220000000000000000e+02,-4.200000000000000000e+01
1.679988669262260675e+09,1.658400000000000000e+04,5.120000000000000000e+02,-7.840000000000000000e+02,-1.153000000000000000e+03,-6.220000000000000000e+02,-4.200000000000000000e+01
1.679988669262606621e+09,1.658400000000000000e+04,5.120000000000000000e+02,-7.840000000000000000e+02,-1.153000000000000000e+03,-6.220000000000000000e+02,-4.200000000000000000e+01
1.679988669262887716e+09,1.658400000000000000e+04,5.120000000000000000e+02,-7.840000000000000000e+02,-1.153000000000000000e+03,-6.220000000000000000e+02,-4.200000000000000000e+01
1.679988669263168335e+09,1.658400000000000000e+04,5.120000000000000000e+02,-7.840000000000000000e+02,-1.153000000000000000e+03,-6.220000000000000000e+02,-4.200000000000000000e+01
1.679988669263544798e+09,1.658400000000000000e+04,5.120000000000000000e+02,-7.840000000000000000e+02,-1.153000000000000000e+03,-6.220000000000000000e+02,-4.200000000000000000e+01
1.679988669263831377e+09,1.658400000000000000e+04,5.120000000000000000e+02,-7.840000000000000000e+02,-1.153000000000000000e+03,-6.220000000000000000e+02,-4.200000000000000000e+01
1.679988669264095545e+09,1.658400000000000000e+04,5.120000000000000000e+02,-7.840000000000000000e+02,-1.153000000000000000e+03,-6.220000000000000000e+02,-4.200000000000000000e+01
1.679988669264364958e+09,1.658400000000000000e+04,5.120000000000000000e+02,-7.840000000000000000e+02,-1.153000000000000000e+03,-6.220000000000000000e+02,-4.200000000000000000e+01
1.679988669264637470e+09,1.658400000000000000e+04,5.120000000000000000e+02,-7.840000000000000000e+02,-1.153000000000000000e+03,-6.220000000000000000e+02,-4.200000000000000000e+01
1.679988669265017033e+09,1.658400000000000000e+04,5.120000000000000000e+02,-7.840000000000000000e+02,-1.153000000000000000e+03,-6.220000000000000000e+02,-4.200000000000000000e+01
1.679988669265307665e+09,1.658400000000000000e+04,5.120000000000000000e+02,-7.840000000000000000e+02,-1.153000000000000000e+03,-6.220000000000000000e+02,-4.200000000000000000e+01
1.679988669265697479e+09,1.658400000000000000e+04,5.120000000000000000e+02,-7.840000000000000000e+02,-1.153000000000000000e+03,-6.220000000000000000e+02,-4.200000000000000000e+01
1.679988669265966654e+09,1.658400000000000000e+04,5.120000000000000000e+02,-7.840000000000000000e+02,-1.153000000000000000e+03,-6.220000000000000000e+02,-4.200000000000000000e+01
1.679988669266779423e+09,1.658400000000000000e+04,5.120000000000000000e+02,-7.840000000000000000e+02,-1.153000000000000000e+03,-6.220000000000000000e+02,-4.200000000000000000e+01
1.679988669267221928e+09,1.658400000000000000e+04,5.120000000000000000e+02,-7.840000000000000000e+02,-1.153000000000000000e+03,-6.220000000000000000e+02,-4.200000000000000000e+01
1.679988669267503262e+09,1.658400000000000000e+04,5.120000000000000000e+02,-7.840000000000000000e+02,-1.153000000000000000e+03,-6.220000000000000000e+02,-4.200000000000000000e+01
1.679988669267883778e+09,1.658400000000000000e+04,5.120000000000000000e+02,-7.840000000000000000e+02,-1.153000000000000000e+03,-6.220000000000000000e+02,-4.200000000000000000e+01
1.679988669268165112e+09,1.658400000000000000e+04,5.120000000000000000e+02,-7.840000000000000000e+02,-1.153000000000000000e+03,-6.220000000000000000e+02,-4.200000000000000000e+01
1.679988669268432379e+09,1.658400000000000000e+04,5.120000000000000000e+02,-7.840000000000000000e+02,-1.153000000000000000e+03,-6.220000000000000000e+02,-4.200000000000000000e+01
1.679988669268725157e+09,1.658400000000000000e+04,5.120000000000000000e+02,-7.840000000000000000e+02,-1.153000000000000000e+03,-6.220000000000000000e+02,-4.200000000000000000e+01
1.679988669269091845e+09,1.658400000000000000e+04,5.120000000000000000e+02,-7.840000000000000000e+02,-1.153000000000000000e+03,-6.220000000000000000e+02,-4.200000000000000000e+01
1.679988669269400120e+09,1.658400000000000000e+04,5.120000000000000000e+02,-7.840000000000000000e+02,-1.153000000000000000e+03,-6.220000000000000000e+02,-4.200000000000000000e+01
1.679988669269678354e+09,1.658400000000000000e+04,5.120000000000000000e+02,-7.840000000000000000e+02,-1.153000000000000000e+03,-6.220000000000000000e+02,-4.200000000000000000e+01
1.679988669269949436e+09,1.658400000000000000e+04,5.120000000000000000e+02,-7.840000000000000000e+02,-1.153000000000000000e+03,-6.220000000000000000e+02,-4.200000000000000000e+01
1.679988669270203829e+09,1.658400000000000000e+04,5.120000000000000000e+02,-7.840000000000000000e+02,-1.153000000000000000e+03,-6.220000000000000000e+02,-4.200000000000000000e+01
1.679988669270591497e+09,1.658400000000000000e+04,5.120000000000000000e+02,-7.840000000000000000e+02,-1.153000000000000000e+03,-6.220000000000000000e+02,-4.200000000000000000e+01
1.679988669270864487e+09,1.658400000000000000e+04,5.120000000000000000e+02,-7.840000000000000000e+02,-1.153000000000000000e+03,-6.220000000000000000e+02,-4.200000000000000000e+01
1.679988669271129847e+09,1.658400000000000000e+04,5.120000000000000000e+02,-7.840000000000000000e+02,-1.153000000000000000e+03,-6.220000000000000000e+02,-4.200000000000000000e+01
1.679988669271486521e+09,1.658400000000000000e+04,5.120000000000000000e+02,-7.840000000000000000e+02,-1.153000000000000000e+03,-6.220000000000000000e+02,-4.200000000000000000e+01
1.679988669271769762e+09,1.658400000000000000e+04,5.120000000000000000e+02,-7.840000000000000000e+02,-1.153000000000000000e+03,-6.220000000000000000e+02,-4.200000000000000000e+01
1.679988669272051573e+09,1.658400000000000000e+04,5.120000000000000000e+02,-7.840000000000000000e+02,-1.153000000000000000e+03,-6.220000000000000000e+02,-4.200000000000000000e+01
1.679988669272406578e+09,1.658400000000000000e+04,5.120000000000000000e+02,-7.840000000000000000e+02,-1.153000000000000000e+03,-6.220000000000000000e+02,-4.200000000000000000e+01
1.679988669272693157e+09,1.658400000000000000e+04,5.120000000000000000e+02,-7.840000000000000000e+02,-1.153000000000000000e+03,-6.220000000000000000e+02,-4.200000000000000000e+01
1.679988669273083687e+09,1.658400000000000000e+04,5.120000000000000000e+02,-7.840000000000000000e+02,-1.153000000000000000e+03,-6.220000000000000000e+02,-4.200000000000000000e+01
1.679988669273520708e+09,1.658400000000000000e+04,5.120000000000000000e+02,-7.840000000000000000e+02,-1.153000000000000000e+03,-6.220000000000000000e+02,-4.200000000000000000e+01
1.679988669274365902e+09,1.658400000000000000e+04,5.120000000000000000e+02,-7.840000000000000000e+02,-1.153000000000000000e+03,-6.220000000000000000e+02,-4.200000000000000000e+01
1.679988669275743008e+09,1.658400000000000000e+04,5.120000000000000000e+02,-7.840000000000000000e+02,-1.153000000000000000e+03,-6.220000000000000000e+02,-4.200000000000000000e+01
1.679988669276098967e+09,1.658400000000000000e+04,5.120000000000000000e+02,-7.840000000000000000e+02,-1.153000000000000000e+03,-6.220000000000000000e+02,-4.200000000000000000e+01
1.679988669276441336e+09,1.658400000000000000e+04,5.120000000000000000e+02,-7.840000000000000000e+02,-1.153000000000000000e+03,-6.220000000000000000e+02,-4.200000000000000000e+01
1.679988669276819229e+09,1.658400000000000000e+04,5.120000000000000000e+02,-7.840000000000000000e+02,-1.153000000000000000e+03,-6.220000000000000000e+02,-4.200000000000000000e+01
1.679988669277115345e+09,1.658400000000000000e+04,5.120000000000000000e+02,-7.840000000000000000e+02,-1.153000000000000000e+03,-6.220000000000000000e+02,-4.200000000000000000e+01
1.679988669277590990e+09,1.658400000000000000e+04,5.120000000000000000e+02,-7.840000000000000000e+02,-1.153000000000000000e+03,-6.220000000000000000e+02,-4.200000000000000000e+01
1.679988669277839422e+09,1.658400000000000000e+04,5.120000000000000000e+02,-7.840000000000000000e+02,-1.153000000000000000e+03,-6.220000000000000000e+02,-4.200000000000000000e+01
1.679988669278124809e+09,1.658400000000000000e+04,5.120000000000000000e+02,-7.840000000000000000e+02,-1.153000000000000000e+03,-6.220000000000000000e+02,-4.200000000000000000e+01
1.679988669278476715e+09,1.658400000000000000e+04,5.120000000000000000e+02,-7.840000000000000000e+02,-1.153000000000000000e+03,-6.220000000000000000e+02,-4.200000000000000000e+01
1.679988669278720140e+09,1.658400000000000000e+04,5.120000000000000000e+02,-7.840000000000000000e+02,-1.153000000000000000e+03,-6.220000000000000000e+02,-4.200000000000000000e+01
1.679988669279008627e+09,1.658400000000000000e+04,5.120000000000000000e+02,-7.840000000000000000e+02,-1.153000000000000000e+03,-6.220000000000000000e+02,-4.200000000000000000e+01
1.679988669279292345e+09,1.658400000000000000e+04,5.120000000000000000e+02,-7.840000000000000000e+02,-1.153000000000000000e+03,-6.220000000000000000e+02,-4.200000000000000000e+01
1.679988669279757500e+09,1.658400000000000000e+04,5.120000000000000000e+02,-7.840000000000000000e+02,-1.153000000000000000e+03,-6.220000000000000000e+02,-4.200000000000000000e+01
1.679988669280283689e+09,1.658400000000000000e+04,5.120000000000000000e+02,-7.840000000000000000e+02,-1.153000000000000000e+03,-6.220000000000000000e+02,-4.200000000000000000e+01
1.679988669280558109e+09,1.658400000000000000e+04,5.120000000000000000e+02,-7.840000000000000000e+02,-1.153000000000000000e+03,-6.220000000000000000e+02,-4.200000000000000000e+01
1.679988669280827761e+09,1.658400000000000000e+04,5.120000000000000000e+02,-7.840000000000000000e+02,-1.153000000000000000e+03,-6.220000000000000000e+02,-4.200000000000000000e+01
1.679988669281199455e+09,1.658400000000000000e+04,5.120000000000000000e+02,-7.840000000000000000e+02,-1.153000000000000000e+03,-6.220000000000000000e+02,-4.200000000000000000e+01
1.679988669281458378e+09,1.658400000000000000e+04,5.120000000000000000e+02,-7.840000000000000000e+02,-1.153000000000000000e+03,-6.220000000000000000e+02,-4.200000000000000000e+01
1.679988669281728268e+09,1.658400000000000000e+04,5.120000000000000000e+02,-7.840000000000000000e+02,-1.153000000000000000e+03,-6.220000000000000000e+02,-4.200000000000000000e+01
1.679988669282028198e+09,1.658400000000000000e+04,5.120000000000000000e+02,-7.840000000000000000e+02,-1.153000000000000000e+03,-6.220000000000000000e+02,-4.200000000000000000e+01
1.679988669282432556e+09,1.658400000000000000e+04,5.120000000000000000e+02,-7.840000000000000000e+02,-1.153000000000000000e+03,-6.220000000000000000e+02,-4.200000000000000000e+01
1.679988669282950401e+09,1.658400000000000000e+04,5.120000000000000000e+02,-7.840000000000000000e+02,-1.153000000000000000e+03,-6.220000000000000000e+02,-4.200000000000000000e+01
1.679988669283217192e+09,1.658400000000000000e+04,5.120000000000000000e+02,-7.840000000000000000e+02,-1.153000000000000000e+03,-6.220000000000000000e+02,-4.200000000000000000e+01
1.679988669283487797e+09,1.658400000000000000e+04,5.120000000000000000e+02,-7.840000000000000000e+02,-1.153000000000000000e+03,-6.220000000000000000e+02,-4.200000000000000000e+01
1.679988669283879519e+09,1.658400000000000000e+04,5.120000000000000000e+02,-7.840000000000000000e+02,-1.153000000000000000e+03,-6.220000000000000000e+02,-4.200000000000000000e+01
1.679988669284231424e+09,1.658400000000000000e+04,5.120000000000000000e+02,-7.840000000000000000e+02,-1.153000000000000000e+03,-6.220000000000000000e+02,-4.200000000000000000e+01
1.679988669285027266e+09,1.658400000000000000e+04,5.120000000000000000e+02,-7.840000000000000000e+02,-1.153000000000000000e+03,-6.220000000000000000e+02,-4.200000000000000000e+01
1.679988669286245346e+09,1.658400000000000000e+04,5.120000000000000000e+02,-7.840000000000000000e+02,-1.153000000000000000e+03,-6.220000000000000000e+02,-4.200000000000000000e+01
1.679988669286597013e+09,1.658400000000000000e+04,5.120000000000000000e+02,-7.840000000000000000e+02,-1.153000000000000000e+03,-6.220000000000000000e+02,-4.200000000000000000e+01
1.679988669287383795e+09,1.658400000000000000e+04,5.120000000000000000e+02,-7.840000000000000000e+02,-1.153000000000000000e+03,-6.220000000000000000e+02,-4.200000000000000000e+01
1.679988669288553238e+09,1.658400000000000000e+04,5.120000000000000000e+02,-7.840000000000000000e+02,-1.153000000000000000e+03,-6.220000000000000000e+02,-4.200000000000000000e+01
1.679988669288895845e+09,1.658400000000000000e+04,5.120000000000000000e+02,-7.840000000000000000e+02,-1.153000000000000000e+03,-6.220000000000000000e+02,-4.200000000000000000e+01
1.679988669290101290e+09,1.658400000000000000e+04,5.120000000000000000e+02,-7.840000000000000000e+02,-1.153000000000000000e+03,-6.220000000000000000e+02,-4.200000000000000000e+01
1.679988669290441990e+09,1.658400000000000000e+04,5.120000000000000000e+02,-7.840000000000000000e+02,-1.153000000000000000e+03,-6.220000000000000000e+02,-4.200000000000000000e+01
1.679988669291229248e+09,1.658400000000000000e+04,5.120000000000000000e+02,-7.840000000000000000e+02,-1.153000000000000000e+03,-6.220000000000000000e+02,-4.200000000000000000e+01
1.679988669292431355e+09,1.658400000000000000e+04,5.120000000000000000e+02,-7.840000000000000000e+02,-1.153000000000000000e+03,-6.220000000000000000e+02,-4.200000000000000000e+01
1.679988669292709112e+09,1.658400000000000000e+04,5.120000000000000000e+02,-7.840000000000000000e+02,-1.153000000000000000e+03,-6.220000000000000000e+02,-4.200000000000000000e+01
1.679988669294561386e+09,1.658400000000000000e+04,5.120000000000000000e+02,-7.840000000000000000e+02,-1.153000000000000000e+03,-6.220000000000000000e+02,-4.200000000000000000e+01
1.679988669294861555e+09,1.658400000000000000e+04,5.120000000000000000e+02,-7.840000000000000000e+02,-1.153000000000000000e+03,-6.220000000000000000e+02,-4.200000000000000000e+01
1.679988669295230627e+09,1.658400000000000000e+04,5.120000000000000000e+02,-7.840000000000000000e+02,-1.153000000000000000e+03,-6.220000000000000000e+02,-4.200000000000000000e+01
1.679988669295554876e+09,1.658400000000000000e+04,5.120000000000000000e+02,-7.840000000000000000e+02,-1.153000000000000000e+03,-6.220000000000000000e+02,-4.200000000000000000e+01
1.679988669295848608e+09,1.658400000000000000e+04,5.120000000000000000e+02,-7.840000000000000000e+02,-1.153000000000000000e+03,-6.220000000000000000e+02,-4.200000000000000000e+01
1.679988669296113729e+09,1.658400000000000000e+04,5.120000000000000000e+02,-7.840000000000000000e+02,-1.153000000000000000e+03,-6.220000000000000000e+02,-4.200000000000000000e+01
1.679988669296396494e+09,1.658400000000000000e+04,5.120000000000000000e+02,-7.840000000000000000e+02,-1.153000000000000000e+03,-6.220000000000000000e+02,-4.200000000000000000e+01
1.679988669296683550e+09,1.658400000000000000e+04,5.120000000000000000e+02,-7.840000000000000000e+02,-1.153000000000000000e+03,-6.220000000000000000e+02,-4.200000000000000000e+01
1.679988669296962261e+09,1.658400000000000000e+04,5.120000000000000000e+02,-7.840000000000000000e+02,-1.153000000000000000e+03,-6.220000000000000000e+02,-4.200000000000000000e+01
1.679988669297229767e+09,1.658400000000000000e+04,5.120000000000000000e+02,-7.840000000000000000e+02,-1.153000000000000000e+03,-6.220000000000000000e+02,-4.200000000000000000e+01
1.679988669297642469e+09,1.658400000000000000e+04,5.120000000000000000e+02,-7.840000000000000000e+02,-1.153000000000000000e+03,-6.220000000000000000e+02,-4.200000000000000000e+01
1.679988669297928333e+09,1.658400000000000000e+04,5.120000000000000000e+02,-7.840000000000000000e+02,-1.153000000000000000e+03,-6.220000000000000000e+02,-4.200000000000000000e+01
1.679988669298197746e+09,1.658400000000000000e+04,5.120000000000000000e+02,-7.840000000000000000e+02,-1.153000000000000000e+03,-6.220000000000000000e+02,-4.200000000000000000e+01
1.679988669298491240e+09,1.658400000000000000e+04,5.120000000000000000e+02,-7.840000000000000000e+02,-1.153000000000000000e+03,-6.220000000000000000e+02,-4.200000000000000000e+01
1.679988669298798084e+09,1.658400000000000000e+04,5.120000000000000000e+02,-7.840000000000000000e+02,-1.153000000000000000e+03,-6.220000000000000000e+02,-4.200000000000000000e+01
1.679988669299134731e+09,1.658400000000000000e+04,5.120000000000000000e+02,-7.840000000000000000e+02,-1.153000000000000000e+03,-6.220000000000000000e+02,-4.200000000000000000e+01
1.679988669299417496e+09,1.658400000000000000e+04,5.120000000000000000e+02,-7.840000000000000000e+02,-1.153000000000000000e+03,-6.220000000000000000e+02,-4.200000000000000000e+01
1.679988669299817801e+09,1.658400000000000000e+04,5.120000000000000000e+02,-7.840000000000000000e+02,-1.153000000000000000e+03,-6.220000000000000000e+02,-4.200000000000000000e+01
1.679988669300098658e+09,1.658400000000000000e+04,5.120000000000000000e+02,-7.840000000000000000e+02,-1.153000000000000000e+03,-6.220000000000000000e+02,-4.200000000000000000e+01
1.679988669300388813e+09,1.658400000000000000e+04,5.120000000000000000e+02,-7.840000000000000000e+02,-1.153000000000000000e+03,-6.220000000000000000e+02,-4.200000000000000000e+01
1.679988669300696135e+09,1.658400000000000000e+04,5.120000000000000000e+02,-7.840000000000000000e+02,-1.153000000000000000e+03,-6.220000000000000000e+02,-4.200000000000000000e+01
1.679988669301064253e+09,1.658400000000000000e+04,5.120000000000000000e+02,-7.840000000000000000e+02,-1.153000000000000000e+03,-6.220000000000000000e+02,-4.200000000000000000e+01
1.679988669301346302e+09,1.658400000000000000e+04,5.120000000000000000e+02,-7.840000000000000000e+02,-1.153000000000000000e+03,-6.220000000000000000e+02,-4.200000000000000000e+01
1.679988669301644802e+09,1.658400000000000000e+04,5.120000000000000000e+02,-7.840000000000000000e+02,-1.153000000000000000e+03,-6.220000000000000000e+02,-4.200000000000000000e+01
1.679988669302008152e+09,1.658400000000000000e+04,5.120000000000000000e+02,-7.840000000000000000e+02,-1.153000000000000000e+03,-6.220000000000000000e+02,-4.200000000000000000e+01
1.679988669302294970e+09,1.658400000000000000e+04,5.120000000000000000e+02,-7.840000000000000000e+02,-1.153000000000000000e+03,-6.220000000000000000e+02,-4.200000000000000000e+01
1.679988669302666664e+09,1.658400000000000000e+04,5.120000000000000000e+02,-7.840000000000000000e+02,-1.153000000000000000e+03,-6.220000000000000000e+02,-4.200000000000000000e+01
1.679988669302937508e+09,1.658400000000000000e+04,5.120000000000000000e+02,-7.840000000000000000e+02,-1.153000000000000000e+03,-6.220000000000000000e+02,-4.200000000000000000e+01
1.679988669303215504e+09,1.658400000000000000e+04,5.120000000000000000e+02,-7.840000000000000000e+02,-1.153000000000000000e+03,-6.220000000000000000e+02,-4.200000000000000000e+01
1.679988669303514004e+09,1.658400000000000000e+04,5.120000000000000000e+02,-7.840000000000000000e+02,-1.153000000000000000e+03,-6.220000000000000000e+02,-4.200000000000000000e+01
1.679988669303796053e+09,1.658400000000000000e+04,5.120000000000000000e+02,-7.840000000000000000e+02,-1.153000000000000000e+03,-6.220000000000000000e+02,-4.200000000000000000e+01
1.679988669304071426e+09,1.658400000000000000e+04,5.120000000000000000e+02,-7.840000000000000000e+02,-1.153000000000000000e+03,-6.220000000000000000e+02,-4.200000000000000000e+01
1.679988669304387808e+09,1.658400000000000000e+04,5.120000000000000000e+02,-7.840000000000000000e+02,-1.153000000000000000e+03,-6.220000000000000000e+02,-4.200000000000000000e+01
1.679988669305056810e+09,1.658400000000000000e+04,5.120000000000000000e+02,-7.840000000000000000e+02,-1.153000000000000000e+03,-6.220000000000000000e+02,-4.200000000000000000e+01
1.679988669305446863e+09,1.658400000000000000e+04,5.120000000000000000e+02,-7.840000000000000000e+02,-1.153000000000000000e+03,-6.220000000000000000e+02,-4.200000000000000000e+01
1.679988669305924416e+09,1.658400000000000000e+04,5.120000000000000000e+02,-7.840000000000000000e+02,-1.153000000000000000e+03,-6.220000000000000000e+02,-4.200000000000000000e+01
1.679988669306805134e+09,1.658400000000000000e+04,5.120000000000000000e+02,-7.840000000000000000e+02,-1.153000000000000000e+03,-6.220000000000000000e+02,-4.200000000000000000e+01
1.679988669308082581e+09,1.658400000000000000e+04,5.120000000000000000e+02,-7.840000000000000000e+02,-1.153000000000000000e+03,-6.220000000000000000e+02,-4.200000000000000000e+01
1.679988669308470964e+09,1.658400000000000000e+04,5.120000000000000000e+02,-7.840000000000000000e+02,-1.153000000000000000e+03,-6.220000000000000000e+02,-4.200000000000000000e+01
1.679988669308850527e+09,1.658400000000000000e+04,5.120000000000000000e+02,-7.840000000000000000e+02,-1.153000000000000000e+03,-6.220000000000000000e+02,-4.200000000000000000e+01
1.679988669309137106e+09,1.658400000000000000e+04,5.120000000000000000e+02,-7.840000000000000000e+02,-1.153000000000000000e+03,-6.220000000000000000e+02,-4.200000000000000000e+01
1.679988669309483767e+09,1.658400000000000000e+04,5.120000000000000000e+02,-7.840000000000000000e+02,-1.153000000000000000e+03,-6.220000000000000000e+02,-4.200000000000000000e+01
1.679988669309765816e+09,1.658400000000000000e+04,5.120000000000000000e+02,-7.840000000000000000e+02,-1.153000000000000000e+03,-6.220000000000000000e+02,-4.200000000000000000e+01
1.679988669310032845e+09,1.658400000000000000e+04,5.120000000000000000e+02,-7.840000000000000000e+02,-1.153000000000000000e+03,-6.220000000000000000e+02,-4.200000000000000000e+01
1.679988669310368776e+09,1.658400000000000000e+04,5.120000000000000000e+02,-7.840000000000000000e+02,-1.153000000000000000e+03,-6.220000000000000000e+02,-4.200000000000000000e+01
1.679988669310748339e+09,1.658400000000000000e+04,5.120000000000000000e+02,-7.840000000000000000e+02,-1.153000000000000000e+03,-6.220000000000000000e+02,-4.200000000000000000e+01
1.679988669311052799e+09,1.658400000000000000e+04,5.120000000000000000e+02,-7.840000000000000000e+02,-1.153000000000000000e+03,-6.220000000000000000e+02,-4.200000000000000000e+01
1.679988669311490297e+09,1.658400000000000000e+04,5.120000000000000000e+02,-7.840000000000000000e+02,-1.153000000000000000e+03,-6.220000000000000000e+02,-4.200000000000000000e+01
1.679988669311752081e+09,1.658400000000000000e+04,5.120000000000000000e+02,-7.840000000000000000e+02,-1.153000000000000000e+03,-6.220000000000000000e+02,-4.200000000000000000e+01
1.679988669312026262e+09,1.658400000000000000e+04,5.120000000000000000e+02,-7.840000000000000000e+02,-1.153000000000000000e+03,-6.220000000000000000e+02,-4.200000000000000000e+01
1.679988669312397242e+09,1.658400000000000000e+04,5.120000000000000000e+02,-7.840000000000000000e+02,-1.153000000000000000e+03,-6.220000000000000000e+02,-4.200000000000000000e+01
1.679988669312653780e+09,1.658400000000000000e+04,5.120000000000000000e+02,-7.840000000000000000e+02,-1.153000000000000000e+03,-6.220000000000000000e+02,-4.200000000000000000e+01
1.679988669312932014e+09,1.658400000000000000e+04,5.120000000000000000e+02,-7.840000000000000000e+02,-1.153000000000000000e+03,-6.220000000000000000e+02,-4.200000000000000000e+01
1.679988669313236237e+09,1.658400000000000000e+04,5.120000000000000000e+02,-7.840000000000000000e+02,-1.153000000000000000e+03,-6.220000000000000000e+02,-4.200000000000000000e+01
1.679988669313647270e+09,1.658400000000000000e+04,5.120000000000000000e+02,-7.840000000000000000e+02,-1.153000000000000000e+03,-6.220000000000000000e+02,-4.200000000000000000e+01
1.679988669314162016e+09,1.658400000000000000e+04,5.120000000000000000e+02,-7.840000000000000000e+02,-1.153000000000000000e+03,-6.220000000000000000e+02,-4.200000000000000000e+01
1.679988669314442396e+09,1.658400000000000000e+04,5.120000000000000000e+02,-7.840000000000000000e+02,-1.153000000000000000e+03,-6.220000000000000000e+02,-4.200000000000000000e+01
1.679988669314715385e+09,1.658400000000000000e+04,5.120000000000000000e+02,-7.840000000000000000e+02,-1.153000000000000000e+03,-6.220000000000000000e+02,-4.200000000000000000e+01
1.679988669315113068e+09,1.658400000000000000e+04,5.120000000000000000e+02,-7.840000000000000000e+02,-1.153000000000000000e+03,-6.220000000000000000e+02,-4.200000000000000000e+01
1.679988669315461874e+09,1.658400000000000000e+04,5.120000000000000000e+02,-7.840000000000000000e+02,-1.153000000000000000e+03,-6.220000000000000000e+02,-4.200000000000000000e+01
1.679988669316274881e+09,1.658400000000000000e+04,5.120000000000000000e+02,-7.840000000000000000e+02,-1.153000000000000000e+03,-6.220000000000000000e+02,-4.200000000000000000e+01
1.679988669317481995e+09,1.658400000000000000e+04,5.120000000000000000e+02,-7.840000000000000000e+02,-1.153000000000000000e+03,-6.220000000000000000e+02,-4.200000000000000000e+01
1.679988669317831993e+09,1.658400000000000000e+04,5.120000000000000000e+02,-7.840000000000000000e+02,-1.153000000000000000e+03,-6.220000000000000000e+02,-4.200000000000000000e+01
1.679988669318687916e+09,1.658400000000000000e+04,5.120000000000000000e+02,-7.840000000000000000e+02,-1.153000000000000000e+03,-6.220000000000000000e+02,-4.200000000000000000e+01
1.679988669319862127e+09,1.658400000000000000e+04,5.120000000000000000e+02,-7.840000000000000000e+02,-1.153000000000000000e+03,-6.220000000000000000e+02,-4.200000000000000000e+01
1.679988669320214987e+09,1.658400000000000000e+04,5.120000000000000000e+02,-7.840000000000000000e+02,-1.153000000000000000e+03,-6.220000000000000000e+02,-4.200000000000000000e+01
1.679988669320984125e+09,1.658400000000000000e+04,5.120000000000000000e+02,-7.840000000000000000e+02,-1.153000000000000000e+03,-6.220000000000000000e+02,-4.200000000000000000e+01
1.679988669322289705e+09,1.658400000000000000e+04,5.120000000000000000e+02,-7.840000000000000000e+02,-1.153000000000000000e+03,-6.220000000000000000e+02,-4.200000000000000000e+01
1.679988669323415518e+09,1.658400000000000000e+04,5.120000000000000000e+02,-7.840000000000000000e+02,-1.153000000000000000e+03,-6.220000000000000000e+02,-4.200000000000000000e+01
1.679988669324463844e+09,1.658400000000000000e+04,5.120000000000000000e+02,-7.840000000000000000e+02,-1.153000000000000000e+03,-6.220000000000000000e+02,-4.200000000000000000e+01
1.679988669325755119e+09,1.658400000000000000e+04,5.120000000000000000e+02,-7.840000000000000000e+02,-1.153000000000000000e+03,-6.220000000000000000e+02,-4.200000000000000000e+01
1.679988669327033043e+09,1.658400000000000000e+04,5.120000000000000000e+02,-7.840000000000000000e+02,-1.153000000000000000e+03,-6.220000000000000000e+02,-4.200000000000000000e+01
1.679988669327397823e+09,1.658400000000000000e+04,5.120000000000000000e+02,-7.840000000000000000e+02,-1.153000000000000000e+03,-6.220000000000000000e+02,-4.200000000000000000e+01
1.679988669327715635e+09,1.658400000000000000e+04,5.120000000000000000e+02,-7.840000000000000000e+02,-1.153000000000000000e+03,-6.220000000000000000e+02,-4.200000000000000000e+01
1.679988669328092098e+09,1.658400000000000000e+04,5.120000000000000000e+02,-7.840000000000000000e+02,-1.153000000000000000e+03,-6.220000000000000000e+02,-4.200000000000000000e+01
1.679988669328392267e+09,1.658400000000000000e+04,5.120000000000000000e+02,-7.840000000000000000e+02,-1.153000000000000000e+03,-6.220000000000000000e+02,-4.200000000000000000e+01
1.679988669328687191e+09,1.658400000000000000e+04,5.120000000000000000e+02,-7.840000000000000000e+02,-1.153000000000000000e+03,-6.220000000000000000e+02,-4.200000000000000000e+01
1.679988669329336643e+09,1.658400000000000000e+04,5.120000000000000000e+02,-7.840000000000000000e+02,-1.153000000000000000e+03,-6.220000000000000000e+02,-4.200000000000000000e+01
1.679988669329629421e+09,1.658400000000000000e+04,5.120000000000000000e+02,-7.840000000000000000e+02,-1.153000000000000000e+03,-6.220000000000000000e+02,-4.200000000000000000e+01
1.679988669329915285e+09,1.658400000000000000e+04,5.120000000000000000e+02,-7.840000000000000000e+02,-1.153000000000000000e+03,-6.220000000000000000e+02,-4.200000000000000000e+01
1.679988669330184937e+09,1.658400000000000000e+04,5.120000000000000000e+02,-7.840000000000000000e+02,-1.153000000000000000e+03,-6.220000000000000000e+02,-4.200000000000000000e+01
1.679988669330572844e+09,1.658400000000000000e+04,5.120000000000000000e+02,-7.840000000000000000e+02,-1.153000000000000000e+03,-6.220000000000000000e+02,-4.200000000000000000e+01
1.679988669330851555e+09,1.658400000000000000e+04,5.120000000000000000e+02,-7.840000000000000000e+02,-1.153000000000000000e+03,-6.220000000000000000e+02,-4.200000000000000000e+01
1.679988669331216812e+09,1.658400000000000000e+04,5.120000000000000000e+02,-7.840000000000000000e+02,-1.153000000000000000e+03,-6.220000000000000000e+02,-4.200000000000000000e+01
1.679988669331500530e+09,1.658400000000000000e+04,5.120000000000000000e+02,-7.840000000000000000e+02,-1.153000000000000000e+03,-6.220000000000000000e+02,-4.200000000000000000e+01
1.679988669331787825e+09,1.658400000000000000e+04,5.120000000000000000e+02,-7.840000000000000000e+02,-1.153000000000000000e+03,-6.220000000000000000e+02,-4.200000000000000000e+01
1.679988669332151890e+09,1.658400000000000000e+04,5.120000000000000000e+02,-7.840000000000000000e+02,-1.153000000000000000e+03,-6.220000000000000000e+02,-4.200000000000000000e+01
1.679988669332481861e+09,1.658400000000000000e+04,5.120000000000000000e+02,-7.840000000000000000e+02,-1.153000000000000000e+03,-6.220000000000000000e+02,-4.200000000000000000e+01
1.679988669332787752e+09,1.658400000000000000e+04,5.120000000000000000e+02,-7.840000000000000000e+02,-1.153000000000000000e+03,-6.220000000000000000e+02,-4.200000000000000000e+01
1.679988669333140373e+09,1.658400000000000000e+04,5.120000000000000000e+02,-7.840000000000000000e+02,-1.153000000000000000e+03,-6.220000000000000000e+02,-4.200000000000000000e+01
1.679988669333456993e+09,1.658400000000000000e+04,5.120000000000000000e+02,-7.840000000000000000e+02,-1.153000000000000000e+03,-6.220000000000000000e+02,-4.200000000000000000e+01
1.679988669333744526e+09,1.658400000000000000e+04,5.120000000000000000e+02,-7.840000000000000000e+02,-1.153000000000000000e+03,-6.220000000000000000e+02,-4.200000000000000000e+01
1.679988669334053040e+09,1.658400000000000000e+04,5.120000000000000000e+02,-7.840000000000000000e+02,-1.153000000000000000e+03,-6.220000000000000000e+02,-4.200000000000000000e+01
1.679988669334416151e+09,1.658400000000000000e+04,5.120000000000000000e+02,-7.840000000000000000e+02,-1.153000000000000000e+03,-6.220000000000000000e+02,-4.200000000000000000e+01
1.679988669334776402e+09,1.658400000000000000e+04,5.120000000000000000e+02,-7.840000000000000000e+02,-1.153000000000000000e+03,-6.220000000000000000e+02,-4.200000000000000000e+01
1.679988669335124731e+09,1.658400000000000000e+04,5.120000000000000000e+02,-7.840000000000000000e+02,-1.153000000000000000e+03,-6.220000000000000000e+02,-4.200000000000000000e+01
1.679988669335412502e+09,1.658400000000000000e+04,5.120000000000000000e+02,-7.840000000000000000e+02,-1.153000000000000000e+03,-6.220000000000000000e+02,-4.200000000000000000e+01
1.679988669335731745e+09,1.658400000000000000e+04,5.120000000000000000e+02,-7.840000000000000000e+02,-1.153000000000000000e+03,-6.220000000000000000e+02,-4.200000000000000000e+01
1.679988669335997581e+09,1.658400000000000000e+04,5.120000000000000000e+02,-7.840000000000000000e+02,-1.153000000000000000e+03,-6.220000000000000000e+02,-4.200000000000000000e+01
1.679988669336288691e+09,1.658400000000000000e+04,5.120000000000000000e+02,-7.840000000000000000e+02,-1.153000000000000000e+03,-6.220000000000000000e+02,-4.200000000000000000e+01
1.679988669336564064e+09,1.658400000000000000e+04,5.120000000000000000e+02,-7.840000000000000000e+02,-1.153000000000000000e+03,-6.220000000000000000e+02,-4.200000000000000000e+01
1.679988669336834908e+09,1.658400000000000000e+04,5.120000000000000000e+02,-7.840000000000000000e+02,-1.153000000000000000e+03,-6.220000000000000000e+02,-4.200000000000000000e+01
1.679988669337113380e+09,1.658400000000000000e+04,5.120000000000000000e+02,-7.840000000000000000e+02,-1.153000000000000000e+03,-6.220000000000000000e+02,-4.200000000000000000e+01
1.679988669337383986e+09,1.658400000000000000e+04,5.120000000000000000e+02,-7.840000000000000000e+02,-1.153000000000000000e+03,-6.220000000000000000e+02,-4.200000000000000000e+01
1.679988669337767124e+09,1.658400000000000000e+04,5.120000000000000000e+02,-7.840000000000000000e+02,-1.153000000000000000e+03,-6.220000000000000000e+02,-4.200000000000000000e+01
1.679988669338066578e+09,1.658400000000000000e+04,5.120000000000000000e+02,-7.840000000000000000e+02,-1.153000000000000000e+03,-6.220000000000000000e+02,-4.200000000000000000e+01
1.679988669338336229e+09,1.658400000000000000e+04,5.120000000000000000e+02,-7.840000000000000000e+02,-1.153000000000000000e+03,-6.220000000000000000e+02,-4.200000000000000000e+01
1.679988669338721037e+09,1.658400000000000000e+04,5.120000000000000000e+02,-7.840000000000000000e+02,-1.153000000000000000e+03,-6.220000000000000000e+02,-4.200000000000000000e+01
1.679988669339176655e+09,1.658400000000000000e+04,5.120000000000000000e+02,-7.840000000000000000e+02,-1.153000000000000000e+03,-6.220000000000000000e+02,-4.200000000000000000e+01
1.679988669340051651e+09,1.658400000000000000e+04,5.120000000000000000e+02,-7.840000000000000000e+02,-1.153000000000000000e+03,-6.220000000000000000e+02,-4.200000000000000000e+01
1.679988669341319084e+09,1.658400000000000000e+04,5.120000000000000000e+02,-7.840000000000000000e+02,-1.153000000000000000e+03,-6.220000000000000000e+02,-4.200000000000000000e+01
1.679988669341730833e+09,1.658400000000000000e+04,5.120000000000000000e+02,-7.840000000000000000e+02,-1.153000000000000000e+03,-6.220000000000000000e+02,-4.200000000000000000e+01
1.679988669342104912e+09,1.658400000000000000e+04,5.120000000000000000e+02,-7.840000000000000000e+02,-1.153000000000000000e+03,-6.220000000000000000e+02,-4.200000000000000000e+01
1.679988669342795610e+09,1.658400000000000000e+04,5.120000000000000000e+02,-7.840000000000000000e+02,-1.153000000000000000e+03,-6.220000000000000000e+02,-4.200000000000000000e+01
1.679988669343264103e+09,1.658400000000000000e+04,5.120000000000000000e+02,-7.840000000000000000e+02,-1.153000000000000000e+03,-6.220000000000000000e+02,-4.200000000000000000e+01
1.679988669343529701e+09,1.658400000000000000e+04,5.120000000000000000e+02,-7.840000000000000000e+02,-1.153000000000000000e+03,-6.220000000000000000e+02,-4.200000000000000000e+01
1.679988669343807697e+09,1.658400000000000000e+04,5.120000000000000000e+02,-7.840000000000000000e+02,-1.153000000000000000e+03,-6.220000000000000000e+02,-4.200000000000000000e+01
1.679988669344285488e+09,1.658400000000000000e+04,5.120000000000000000e+02,-7.840000000000000000e+02,-1.153000000000000000e+03,-6.220000000000000000e+02,-4.200000000000000000e+01
1.679988669344580650e+09,1.658400000000000000e+04,5.120000000000000000e+02,-7.840000000000000000e+02,-1.153000000000000000e+03,-6.220000000000000000e+02,-4.200000000000000000e+01
1.679988669344862938e+09,1.658400000000000000e+04,5.120000000000000000e+02,-7.840000000000000000e+02,-1.153000000000000000e+03,-6.220000000000000000e+02,-4.200000000000000000e+01
1.679988669345154762e+09,1.658400000000000000e+04,5.120000000000000000e+02,-7.840000000000000000e+02,-1.153000000000000000e+03,-6.220000000000000000e+02,-4.200000000000000000e+01
1.679988669345526934e+09,1.658400000000000000e+04,5.120000000000000000e+02,-7.840000000000000000e+02,-1.153000000000000000e+03,-6.220000000000000000e+02,-4.200000000000000000e+01
1.679988669345986128e+09,1.658400000000000000e+04,5.120000000000000000e+02,-7.840000000000000000e+02,-1.153000000000000000e+03,-6.220000000000000000e+02,-4.200000000000000000e+01
1.679988669346258640e+09,1.658400000000000000e+04,5.120000000000000000e+02,-7.840000000000000000e+02,-1.153000000000000000e+03,-6.220000000000000000e+02,-4.200000000000000000e+01
1.679988669346536875e+09,1.658400000000000000e+04,5.120000000000000000e+02,-7.840000000000000000e+02,-1.153000000000000000e+03,-6.220000000000000000e+02,-4.200000000000000000e+01
1.679988669346997499e+09,1.658400000000000000e+04,5.120000000000000000e+02,-7.840000000000000000e+02,-1.153000000000000000e+03,-6.220000000000000000e+02,-4.200000000000000000e+01
1.679988669347298384e+09,1.658400000000000000e+04,5.120000000000000000e+02,-7.840000000000000000e+02,-1.153000000000000000e+03,-6.220000000000000000e+02,-4.200000000000000000e+01
1.679988669347587347e+09,1.658400000000000000e+04,5.120000000000000000e+02,-7.840000000000000000e+02,-1.153000000000000000e+03,-6.220000000000000000e+02,-4.200000000000000000e+01
1.679988669347869635e+09,1.658400000000000000e+04,5.120000000000000000e+02,-7.840000000000000000e+02,-1.153000000000000000e+03,-6.220000000000000000e+02,-4.200000000000000000e+01
1.679988669348169565e+09,1.658400000000000000e+04,5.120000000000000000e+02,-7.840000000000000000e+02,-1.153000000000000000e+03,-6.220000000000000000e+02,-4.200000000000000000e+01
1.679988669348697901e+09,1.658400000000000000e+04,5.120000000000000000e+02,-7.840000000000000000e+02,-1.153000000000000000e+03,-6.220000000000000000e+02,-4.200000000000000000e+01
1.679988669349008799e+09,1.658400000000000000e+04,5.120000000000000000e+02,-7.840000000000000000e+02,-1.153000000000000000e+03,-6.220000000000000000e+02,-4.200000000000000000e+01
1.679988669349441528e+09,1.658400000000000000e+04,5.120000000000000000e+02,-7.840000000000000000e+02,-1.153000000000000000e+03,-6.220000000000000000e+02,-4.200000000000000000e+01
1.679988669350178957e+09,1.658400000000000000e+04,5.120000000000000000e+02,-7.840000000000000000e+02,-1.153000000000000000e+03,-6.220000000000000000e+02,-4.200000000000000000e+01
1.679988669351318359e+09,1.658400000000000000e+04,5.120000000000000000e+02,-7.840000000000000000e+02,-1.153000000000000000e+03,-6.220000000000000000e+02,-4.200000000000000000e+01
1.679988669351679087e+09,1.658400000000000000e+04,5.120000000000000000e+02,-7.840000000000000000e+02,-1.153000000000000000e+03,-6.220000000000000000e+02,-4.200000000000000000e+01
1.679988669352476835e+09,1.658400000000000000e+04,5.120000000000000000e+02,-7.840000000000000000e+02,-1.153000000000000000e+03,-6.220000000000000000e+02,-4.200000000000000000e+01
1.679988669353631735e+09,1.658400000000000000e+04,5.120000000000000000e+02,-7.840000000000000000e+02,-1.153000000000000000e+03,-6.220000000000000000e+02,-4.200000000000000000e+01
1.679988669354007244e+09,1.658400000000000000e+04,5.120000000000000000e+02,-7.840000000000000000e+02,-1.153000000000000000e+03,-6.220000000000000000e+02,-4.200000000000000000e+01
1.679988669354808331e+09,1.658400000000000000e+04,5.120000000000000000e+02,-7.840000000000000000e+02,-1.153000000000000000e+03,-6.220000000000000000e+02,-4.200000000000000000e+01
1.679988669356105566e+09,1.658400000000000000e+04,5.120000000000000000e+02,-7.840000000000000000e+02,-1.153000000000000000e+03,-6.220000000000000000e+02,-4.200000000000000000e+01
1.679988669357256174e+09,1.658400000000000000e+04,5.120000000000000000e+02,-7.840000000000000000e+02,-1.153000000000000000e+03,-6.220000000000000000e+02,-4.200000000000000000e+01
1.679988669358113289e+09,1.658400000000000000e+04,5.120000000000000000e+02,-7.840000000000000000e+02,-1.153000000000000000e+03,-6.220000000000000000e+02,-4.200000000000000000e+01
1.679988669359230995e+09,1.658400000000000000e+04,5.120000000000000000e+02,-7.840000000000000000e+02,-1.153000000000000000e+03,-6.220000000000000000e+02,-4.200000000000000000e+01
1.679988669360645056e+09,1.658400000000000000e+04,5.120000000000000000e+02,-7.840000000000000000e+02,-1.153000000000000000e+03,-6.220000000000000000e+02,-4.200000000000000000e+01
1.679988669360953569e+09,1.658400000000000000e+04,5.120000000000000000e+02,-7.840000000000000000e+02,-1.153000000000000000e+03,-6.220000000000000000e+02,-4.200000000000000000e+01
1.679988669361314297e+09,1.658400000000000000e+04,5.120000000000000000e+02,-7.840000000000000000e+02,-1.153000000000000000e+03,-6.220000000000000000e+02,-4.200000000000000000e+01
1.679988669361605883e+09,1.658400000000000000e+04,5.120000000000000000e+02,-7.840000000000000000e+02,-1.153000000000000000e+03,-6.220000000000000000e+02,-4.200000000000000000e+01
1.679988669361910105e+09,1.658400000000000000e+04,5.120000000000000000e+02,-7.840000000000000000e+02,-1.153000000000000000e+03,-6.220000000000000000e+02,-4.200000000000000000e+01
1.679988669362186193e+09,1.658400000000000000e+04,5.120000000000000000e+02,-7.840000000000000000e+02,-1.153000000000000000e+03,-6.220000000000000000e+02,-4.200000000000000000e+01
1.679988669362459898e+09,1.658400000000000000e+04,5.120000000000000000e+02,-7.840000000000000000e+02,-1.153000000000000000e+03,-6.220000000000000000e+02,-4.200000000000000000e+01
1.679988669362759590e+09,1.658400000000000000e+04,5.120000000000000000e+02,-7.840000000000000000e+02,-1.153000000000000000e+03,-6.220000000000000000e+02,-4.200000000000000000e+01
1.679988669363146305e+09,1.658400000000000000e+04,5.120000000000000000e+02,-7.840000000000000000e+02,-1.153000000000000000e+03,-6.220000000000000000e+02,-4.200000000000000000e+01
1.679988669363428116e+09,1.658400000000000000e+04,5.120000000000000000e+02,-7.840000000000000000e+02,-1.153000000000000000e+03,-6.220000000000000000e+02,-4.200000000000000000e+01
1.679988669363722086e+09,1.658400000000000000e+04,5.120000000000000000e+02,-7.840000000000000000e+02,-1.153000000000000000e+03,-6.220000000000000000e+02,-4.200000000000000000e+01
1.679988669363987684e+09,1.658400000000000000e+04,5.120000000000000000e+02,-7.840000000000000000e+02,-1.153000000000000000e+03,-6.220000000000000000e+02,-4.200000000000000000e+01
1.679988669364394426e+09,1.658400000000000000e+04,5.120000000000000000e+02,-7.840000000000000000e+02,-1.153000000000000000e+03,-6.220000000000000000e+02,-4.200000000000000000e+01
1.679988669364695072e+09,1.658400000000000000e+04,5.120000000000000000e+02,-7.840000000000000000e+02,-1.153000000000000000e+03,-6.220000000000000000e+02,-4.200000000000000000e+01
1.679988669364972115e+09,1.658400000000000000e+04,5.120000000000000000e+02,-7.840000000000000000e+02,-1.153000000000000000e+03,-6.220000000000000000e+02,-4.200000000000000000e+01
1.679988669365246773e+09,1.658400000000000000e+04,5.120000000000000000e+02,-7.840000000000000000e+02,-1.153000000000000000e+03,-6.220000000000000000e+02,-4.200000000000000000e+01
1.679988669365571499e+09,1.658400000000000000e+04,5.120000000000000000e+02,-7.840000000000000000e+02,-1.153000000000000000e+03,-6.220000000000000000e+02,-4.200000000000000000e+01
1.679988669365875244e+09,1.658400000000000000e+04,5.120000000000000000e+02,-7.840000000000000000e+02,-1.153000000000000000e+03,-6.220000000000000000e+02,-4.200000000000000000e+01
1.679988669366145849e+09,1.658400000000000000e+04,5.120000000000000000e+02,-7.840000000000000000e+02,-1.153000000000000000e+03,-6.220000000000000000e+02,-4.200000000000000000e+01
1.679988669366892099e+09,1.658400000000000000e+04,5.120000000000000000e+02,-7.840000000000000000e+02,-1.153000000000000000e+03,-6.220000000000000000e+02,-4.200000000000000000e+01
1.679988669367196083e+09,1.658400000000000000e+04,5.120000000000000000e+02,-7.840000000000000000e+02,-1.153000000000000000e+03,-6.220000000000000000e+02,-4.200000000000000000e+01
1.679988669367548704e+09,1.658400000000000000e+04,5.120000000000000000e+02,-7.840000000000000000e+02,-1.153000000000000000e+03,-6.220000000000000000e+02,-4.200000000000000000e+01
1.679988669367854595e+09,1.658400000000000000e+04,5.120000000000000000e+02,-7.840000000000000000e+02,-1.153000000000000000e+03,-6.220000000000000000e+02,-4.200000000000000000e+01
1.679988669368139029e+09,1.658400000000000000e+04,5.120000000000000000e+02,-7.840000000000000000e+02,-1.153000000000000000e+03,-6.220000000000000000e+02,-4.200000000000000000e+01
1.679988669368514538e+09,1.658400000000000000e+04,5.120000000000000000e+02,-7.840000000000000000e+02,-1.153000000000000000e+03,-6.220000000000000000e+02,-4.200000000000000000e+01
1.679988669368860245e+09,1.658400000000000000e+04,5.120000000000000000e+02,-7.840000000000000000e+02,-1.153000000000000000e+03,-6.220000000000000000e+02,-4.200000000000000000e+01
1.679988669369164944e+09,1.658400000000000000e+04,5.120000000000000000e+02,-7.840000000000000000e+02,-1.153000000000000000e+03,-6.220000000000000000e+02,-4.200000000000000000e+01
1.679988669369440079e+09,1.658400000000000000e+04,5.120000000000000000e+02,-7.840000000000000000e+02,-1.153000000000000000e+03,-6.220000000000000000e+02,-4.200000000000000000e+01
1.679988669369734287e+09,1.658400000000000000e+04,5.120000000000000000e+02,-7.840000000000000000e+02,-1.153000000000000000e+03,-6.220000000000000000e+02,-4.200000000000000000e+01
1.679988669370012760e+09,1.658400000000000000e+04,5.120000000000000000e+02,-7.840000000000000000e+02,-1.153000000000000000e+03,-6.220000000000000000e+02,-4.200000000000000000e+01
1.679988669370283127e+09,1.658400000000000000e+04,5.120000000000000000e+02,-7.840000000000000000e+02,-1.153000000000000000e+03,-6.220000000000000000e+02,-4.200000000000000000e+01
1.679988669370585203e+09,1.658400000000000000e+04,5.120000000000000000e+02,-7.840000000000000000e+02,-1.153000000000000000e+03,-6.220000000000000000e+02,-4.200000000000000000e+01
1.679988669370890141e+09,1.658400000000000000e+04,5.120000000000000000e+02,-7.840000000000000000e+02,-1.153000000000000000e+03,-6.220000000000000000e+02,-4.200000000000000000e+01
1.679988669371576548e+09,1.658400000000000000e+04,5.120000000000000000e+02,-7.840000000000000000e+02,-1.153000000000000000e+03,-6.220000000000000000e+02,-4.200000000000000000e+01
1.679988669371883631e+09,1.658400000000000000e+04,5.120000000000000000e+02,-7.840000000000000000e+02,-1.153000000000000000e+03,-6.220000000000000000e+02,-4.200000000000000000e+01
1.679988669372242689e+09,1.658400000000000000e+04,5.120000000000000000e+02,-7.840000000000000000e+02,-1.153000000000000000e+03,-6.220000000000000000e+02,-4.200000000000000000e+01
1.679988669372614145e+09,1.658400000000000000e+04,5.120000000000000000e+02,-7.840000000000000000e+02,-1.153000000000000000e+03,-6.220000000000000000e+02,-4.200000000000000000e+01
1.679988669373073578e+09,1.658400000000000000e+04,5.120000000000000000e+02,-7.840000000000000000e+02,-1.153000000000000000e+03,-6.220000000000000000e+02,-4.200000000000000000e+01
1.679988669374041557e+09,1.658400000000000000e+04,5.120000000000000000e+02,-7.840000000000000000e+02,-1.153000000000000000e+03,-6.220000000000000000e+02,-4.200000000000000000e+01
1.679988669375364065e+09,1.658400000000000000e+04,5.120000000000000000e+02,-7.840000000000000000e+02,-1.153000000000000000e+03,-6.220000000000000000e+02,-4.200000000000000000e+01
1.679988669375767946e+09,1.658400000000000000e+04,5.120000000000000000e+02,-7.840000000000000000e+02,-1.153000000000000000e+03,-6.220000000000000000e+02,-4.200000000000000000e+01
1.679988669376152515e+09,1.658400000000000000e+04,5.120000000000000000e+02,-7.840000000000000000e+02,-1.153000000000000000e+03,-6.220000000000000000e+02,-4.200000000000000000e+01
1.679988669376444817e+09,1.658400000000000000e+04,5.120000000000000000e+02,-7.840000000000000000e+02,-1.153000000000000000e+03,-6.220000000000000000e+02,-4.200000000000000000e+01
1.679988669376851559e+09,1.658400000000000000e+04,5.120000000000000000e+02,-7.840000000000000000e+02,-1.153000000000000000e+03,-6.220000000000000000e+02,-4.200000000000000000e+01
1.679988669377162933e+09,1.658400000000000000e+04,5.120000000000000000e+02,-7.840000000000000000e+02,-1.153000000000000000e+03,-6.220000000000000000e+02,-4.200000000000000000e+01
1.679988669377612591e+09,1.658400000000000000e+04,5.120000000000000000e+02,-7.840000000000000000e+02,-1.153000000000000000e+03,-6.220000000000000000e+02,-4.200000000000000000e+01
1.679988669377871275e+09,1.658400000000000000e+04,5.120000000000000000e+02,-7.840000000000000000e+02,-1.153000000000000000e+03,-6.220000000000000000e+02,-4.200000000000000000e+01
1.679988669378149033e+09,1.658400000000000000e+04,5.120000000000000000e+02,-7.840000000000000000e+02,-1.153000000000000000e+03,-6.220000000000000000e+02,-4.200000000000000000e+01
1.679988669378556728e+09,1.658400000000000000e+04,5.120000000000000000e+02,-7.840000000000000000e+02,-1.153000000000000000e+03,-6.220000000000000000e+02,-4.200000000000000000e+01
1.679988669378818989e+09,1.658400000000000000e+04,5.120000000000000000e+02,-7.840000000000000000e+02,-1.153000000000000000e+03,-6.220000000000000000e+02,-4.200000000000000000e+01
1.679988669379119873e+09,1.658400000000000000e+04,5.120000000000000000e+02,-7.840000000000000000e+02,-1.153000000000000000e+03,-6.220000000000000000e+02,-4.200000000000000000e+01
1.679988669379409552e+09,1.658400000000000000e+04,5.120000000000000000e+02,-7.840000000000000000e+02,-1.153000000000000000e+03,-6.220000000000000000e+02,-4.200000000000000000e+01
1.679988669379713297e+09,1.658400000000000000e+04,5.120000000000000000e+02,-7.840000000000000000e+02,-1.153000000000000000e+03,-6.220000000000000000e+02,-4.200000000000000000e+01
1.679988669380036354e+09,1.658400000000000000e+04,5.120000000000000000e+02,-7.840000000000000000e+02,-1.153000000000000000e+03,-6.220000000000000000e+02,-4.200000000000000000e+01
1.679988669380511045e+09,1.658400000000000000e+04,5.120000000000000000e+02,-7.840000000000000000e+02,-1.153000000000000000e+03,-6.220000000000000000e+02,-4.200000000000000000e+01
1.679988669380783796e+09,1.658400000000000000e+04,5.120000000000000000e+02,-7.840000000000000000e+02,-1.153000000000000000e+03,-6.220000000000000000e+02,-4.200000000000000000e+01
1.679988669381079912e+09,1.658400000000000000e+04,5.120000000000000000e+02,-7.840000000000000000e+02,-1.153000000000000000e+03,-6.220000000000000000e+02,-4.200000000000000000e+01
1.679988669381479263e+09,1.658400000000000000e+04,5.120000000000000000e+02,-7.840000000000000000e+02,-1.153000000000000000e+03,-6.220000000000000000e+02,-4.200000000000000000e+01
1.679988669381743431e+09,1.658400000000000000e+04,5.120000000000000000e+02,-7.840000000000000000e+02,-1.153000000000000000e+03,-6.220000000000000000e+02,-4.200000000000000000e+01
1.679988669382031679e+09,1.658400000000000000e+04,5.120000000000000000e+02,-7.840000000000000000e+02,-1.153000000000000000e+03,-6.220000000000000000e+02,-4.200000000000000000e+01
1.679988669382367373e+09,1.658400000000000000e+04,5.120000000000000000e+02,-7.840000000000000000e+02,-1.153000000000000000e+03,-6.220000000000000000e+02,-4.200000000000000000e+01
1.679988669382920027e+09,1.658400000000000000e+04,5.120000000000000000e+02,-7.840000000000000000e+02,-1.153000000000000000e+03,-6.220000000000000000e+02,-4.200000000000000000e+01
1.679988669383685589e+09,1.658400000000000000e+04,5.120000000000000000e+02,-7.840000000000000000e+02,-1.153000000000000000e+03,-6.220000000000000000e+02,-4.200000000000000000e+01
1.679988669384821415e+09,1.658400000000000000e+04,5.120000000000000000e+02,-7.840000000000000000e+02,-1.153000000000000000e+03,-6.220000000000000000e+02,-4.200000000000000000e+01
1.679988669385369301e+09,1.658400000000000000e+04,5.120000000000000000e+02,-7.840000000000000000e+02,-1.153000000000000000e+03,-6.220000000000000000e+02,-4.200000000000000000e+01
1.679988669386168480e+09,1.658400000000000000e+04,5.120000000000000000e+02,-7.840000000000000000e+02,-1.153000000000000000e+03,-6.220000000000000000e+02,-4.200000000000000000e+01
1.679988669387284994e+09,1.658400000000000000e+04,5.120000000000000000e+02,-7.840000000000000000e+02,-1.153000000000000000e+03,-6.220000000000000000e+02,-4.200000000000000000e+01
1.679988669388212204e+09,1.658400000000000000e+04,5.120000000000000000e+02,-7.840000000000000000e+02,-1.153000000000000000e+03,-6.220000000000000000e+02,-4.200000000000000000e+01
1.679988669388995409e+09,1.658400000000000000e+04,5.120000000000000000e+02,-7.840000000000000000e+02,-1.153000000000000000e+03,-6.220000000000000000e+02,-4.200000000000000000e+01
1.679988669390270472e+09,1.658400000000000000e+04,5.120000000000000000e+02,-7.840000000000000000e+02,-1.153000000000000000e+03,-6.220000000000000000e+02,-4.200000000000000000e+01
1.679988669391412020e+09,1.658400000000000000e+04,5.120000000000000000e+02,-7.840000000000000000e+02,-1.153000000000000000e+03,-6.220000000000000000e+02,-4.200000000000000000e+01
1.679988669392366171e+09,1.658400000000000000e+04,5.120000000000000000e+02,-7.840000000000000000e+02,-1.153000000000000000e+03,-6.220000000000000000e+02,-4.200000000000000000e+01
1.679988669393440008e+09,1.658400000000000000e+04,5.120000000000000000e+02,-7.840000000000000000e+02,-1.153000000000000000e+03,-6.220000000000000000e+02,-4.200000000000000000e+01
1.679988669394877672e+09,1.658400000000000000e+04,5.120000000000000000e+02,-7.840000000000000000e+02,-1.153000000000000000e+03,-6.220000000000000000e+02,-4.200000000000000000e+01
1.679988669395222425e+09,1.658400000000000000e+04,5.120000000000000000e+02,-7.840000000000000000e+02,-1.153000000000000000e+03,-6.220000000000000000e+02,-4.200000000000000000e+01
1.679988669395634890e+09,1.658400000000000000e+04,5.120000000000000000e+02,-7.840000000000000000e+02,-1.153000000000000000e+03,-6.220000000000000000e+02,-4.200000000000000000e+01
1.679988669395937204e+09,1.658400000000000000e+04,5.120000000000000000e+02,-7.840000000000000000e+02,-1.153000000000000000e+03,-6.220000000000000000e+02,-4.200000000000000000e+01
1.679988669396224976e+09,1.658400000000000000e+04,5.120000000000000000e+02,-7.840000000000000000e+02,-1.153000000000000000e+03,-6.220000000000000000e+02,-4.200000000000000000e+01
1.679988669396540165e+09,1.658400000000000000e+04,5.120000000000000000e+02,-7.840000000000000000e+02,-1.153000000000000000e+03,-6.220000000000000000e+02,-4.200000000000000000e+01
1.679988669396897078e+09,1.658400000000000000e+04,5.120000000000000000e+02,-7.840000000000000000e+02,-1.153000000000000000e+03,-6.220000000000000000e+02,-4.200000000000000000e+01
1.679988669397214413e+09,1.658400000000000000e+04,5.120000000000000000e+02,-7.840000000000000000e+02,-1.153000000000000000e+03,-6.220000000000000000e+02,-4.200000000000000000e+01
1.679988669397516727e+09,1.658400000000000000e+04,5.120000000000000000e+02,-7.840000000000000000e+02,-1.153000000000000000e+03,-6.220000000000000000e+02,-4.200000000000000000e+01
1.679988669397789955e+09,1.658400000000000000e+04,5.120000000000000000e+02,-7.840000000000000000e+02,-1.153000000000000000e+03,-6.220000000000000000e+02,-4.200000000000000000e+01
1.679988669398094893e+09,1.658400000000000000e+04,5.120000000000000000e+02,-7.840000000000000000e+02,-1.153000000000000000e+03,-6.220000000000000000e+02,-4.200000000000000000e+01
1.679988669398403168e+09,1.658400000000000000e+04,5.120000000000000000e+02,-7.840000000000000000e+02,-1.153000000000000000e+03,-6.220000000000000000e+02,-4.200000000000000000e+01
1.679988669398779631e+09,1.658400000000000000e+04,5.120000000000000000e+02,-7.840000000000000000e+02,-1.153000000000000000e+03,-6.220000000000000000e+02,-4.200000000000000000e+01
1.679988669399086475e+09,1.658400000000000000e+04,5.120000000000000000e+02,-7.840000000000000000e+02,-1.153000000000000000e+03,-6.220000000000000000e+02,-4.200000000000000000e+01
1.679988669399392843e+09,1.658400000000000000e+04,5.120000000000000000e+02,-7.840000000000000000e+02,-1.153000000000000000e+03,-6.220000000000000000e+02,-4.200000000000000000e+01
1.679988669399655342e+09,1.658400000000000000e+04,5.120000000000000000e+02,-7.840000000000000000e+02,-1.153000000000000000e+03,-6.220000000000000000e+02,-4.200000000000000000e+01
1.679988669399946213e+09,1.658400000000000000e+04,5.120000000000000000e+02,-7.840000000000000000e+02,-1.153000000000000000e+03,-6.220000000000000000e+02,-4.200000000000000000e+01
1.679988669400268078e+09,1.658400000000000000e+04,5.120000000000000000e+02,-7.840000000000000000e+02,-1.153000000000000000e+03,-6.220000000000000000e+02,-4.200000000000000000e+01
1.679988669400945663e+09,1.658400000000000000e+04,5.120000000000000000e+02,-7.840000000000000000e+02,-1.153000000000000000e+03,-6.220000000000000000e+02,-4.200000000000000000e+01
1.679988669401257277e+09,1.658400000000000000e+04,5.120000000000000000e+02,-7.840000000000000000e+02,-1.153000000000000000e+03,-6.220000000000000000e+02,-4.200000000000000000e+01
1.679988669401549816e+09,1.658400000000000000e+04,5.120000000000000000e+02,-7.840000000000000000e+02,-1.153000000000000000e+03,-6.220000000000000000e+02,-4.200000000000000000e+01
1.679988669401852131e+09,1.658400000000000000e+04,5.120000000000000000e+02,-7.840000000000000000e+02,-1.153000000000000000e+03,-6.220000000000000000e+02,-4.200000000000000000e+01
1.679988669402155638e+09,1.658400000000000000e+04,5.120000000000000000e+02,-7.840000000000000000e+02,-1.153000000000000000e+03,-6.220000000000000000e+02,-4.200000000000000000e+01
1.679988669402575970e+09,1.658400000000000000e+04,5.120000000000000000e+02,-7.840000000000000000e+02,-1.153000000000000000e+03,-6.220000000000000000e+02,-4.200000000000000000e+01
1.679988669402867794e+09,1.658400000000000000e+04,5.120000000000000000e+02,-7.840000000000000000e+02,-1.153000000000000000e+03,-6.220000000000000000e+02,-4.200000000000000000e+01
1.679988669403187275e+09,1.658400000000000000e+04,5.120000000000000000e+02,-7.840000000000000000e+02,-1.153000000000000000e+03,-6.220000000000000000e+02,-4.200000000000000000e+01
1.679988669403483868e+09,1.658400000000000000e+04,5.120000000000000000e+02,-7.840000000000000000e+02,-1.153000000000000000e+03,-6.220000000000000000e+02,-4.200000000000000000e+01
1.679988669403761387e+09,1.658400000000000000e+04,5.120000000000000000e+02,-7.840000000000000000e+02,-1.153000000000000000e+03,-6.220000000000000000e+02,-4.200000000000000000e+01
1.679988669404153109e+09,1.658400000000000000e+04,5.120000000000000000e+02,-7.840000000000000000e+02,-1.153000000000000000e+03,-6.220000000000000000e+02,-4.200000000000000000e+01
1.679988669404463291e+09,1.658400000000000000e+04,5.120000000000000000e+02,-7.840000000000000000e+02,-1.153000000000000000e+03,-6.220000000000000000e+02,-4.200000000000000000e+01
1.679988669404757977e+09,1.658400000000000000e+04,5.120000000000000000e+02,-7.840000000000000000e+02,-1.153000000000000000e+03,-6.220000000000000000e+02,-4.200000000000000000e+01
1.679988669405055285e+09,1.658400000000000000e+04,5.120000000000000000e+02,-7.840000000000000000e+02,-1.153000000000000000e+03,-6.220000000000000000e+02,-4.200000000000000000e+01
1.679988669405361891e+09,1.658400000000000000e+04,5.120000000000000000e+02,-7.840000000000000000e+02,-1.153000000000000000e+03,-6.220000000000000000e+02,-4.200000000000000000e+01
1.679988669405752420e+09,1.658400000000000000e+04,5.120000000000000000e+02,-7.840000000000000000e+02,-1.153000000000000000e+03,-6.220000000000000000e+02,-4.200000000000000000e+01
1.679988669406053782e+09,1.658400000000000000e+04,5.120000000000000000e+02,-7.840000000000000000e+02,-1.153000000000000000e+03,-6.220000000000000000e+02,-4.200000000000000000e+01
1.679988669406444311e+09,1.658400000000000000e+04,5.120000000000000000e+02,-7.840000000000000000e+02,-1.153000000000000000e+03,-6.220000000000000000e+02,-4.200000000000000000e+01
1.679988669406757116e+09,1.658400000000000000e+04,5.120000000000000000e+02,-7.840000000000000000e+02,-1.153000000000000000e+03,-6.220000000000000000e+02,-4.200000000000000000e+01
1.679988669407254219e+09,1.658400000000000000e+04,5.120000000000000000e+02,-7.840000000000000000e+02,-1.153000000000000000e+03,-6.220000000000000000e+02,-4.200000000000000000e+01
1.679988669408179998e+09,1.658400000000000000e+04,5.120000000000000000e+02,-7.840000000000000000e+02,-1.153000000000000000e+03,-6.220000000000000000e+02,-4.200000000000000000e+01
1.679988669409542084e+09,1.658400000000000000e+04,5.120000000000000000e+02,-7.840000000000000000e+02,-1.153000000000000000e+03,-6.220000000000000000e+02,-4.200000000000000000e+01
1.679988669409915447e+09,1.658400000000000000e+04,5.120000000000000000e+02,-7.840000000000000000e+02,-1.153000000000000000e+03,-6.220000000000000000e+02,-4.200000000000000000e+01
1.679988669410266638e+09,1.658400000000000000e+04,5.120000000000000000e+02,-7.840000000000000000e+02,-1.153000000000000000e+03,-6.220000000000000000e+02,-4.200000000000000000e+01
1.679988669410586596e+09,1.658400000000000000e+04,5.120000000000000000e+02,-7.840000000000000000e+02,-1.153000000000000000e+03,-6.220000000000000000e+02,-4.200000000000000000e+01
1.679988669410971642e+09,1.658400000000000000e+04,5.120000000000000000e+02,-7.840000000000000000e+02,-1.153000000000000000e+03,-6.220000000000000000e+02,-4.200000000000000000e+01
1.679988669411323309e+09,1.658400000000000000e+04,5.120000000000000000e+02,-7.840000000000000000e+02,-1.153000000000000000e+03,-6.220000000000000000e+02,-4.200000000000000000e+01
1.679988669411779881e+09,1.658400000000000000e+04,5.120000000000000000e+02,-7.840000000000000000e+02,-1.153000000000000000e+03,-6.220000000000000000e+02,-4.200000000000000000e+01
1.679988669412038565e+09,1.658400000000000000e+04,5.120000000000000000e+02,-7.840000000000000000e+02,-1.153000000000000000e+03,-6.220000000000000000e+02,-4.200000000000000000e+01
1.679988669412334681e+09,1.658400000000000000e+04,5.120000000000000000e+02,-7.840000000000000000e+02,-1.153000000000000000e+03,-6.220000000000000000e+02,-4.200000000000000000e+01
1.679988669412773848e+09,1.658400000000000000e+04,5.120000000000000000e+02,-7.840000000000000000e+02,-1.153000000000000000e+03,-6.220000000000000000e+02,-4.200000000000000000e+01
1.679988669413048267e+09,1.658400000000000000e+04,5.120000000000000000e+02,-7.840000000000000000e+02,-1.153000000000000000e+03,-6.220000000000000000e+02,-4.200000000000000000e+01
1.679988669413340092e+09,1.658400000000000000e+04,5.120000000000000000e+02,-7.840000000000000000e+02,-1.153000000000000000e+03,-6.220000000000000000e+02,-4.200000000000000000e+01
1.679988669413630486e+09,1.658400000000000000e+04,5.120000000000000000e+02,-7.840000000000000000e+02,-1.153000000000000000e+03,-6.220000000000000000e+02,-4.200000000000000000e+01
1.679988669414093494e+09,1.658400000000000000e+04,5.120000000000000000e+02,-7.840000000000000000e+02,-1.153000000000000000e+03,-6.220000000000000000e+02,-4.200000000000000000e+01
1.679988669414638996e+09,1.658400000000000000e+04,5.120000000000000000e+02,-7.840000000000000000e+02,-1.153000000000000000e+03,-6.220000000000000000e+02,-4.200000000000000000e+01
1.679988669414913177e+09,1.658400000000000000e+04,5.120000000000000000e+02,-7.840000000000000000e+02,-1.153000000000000000e+03,-6.220000000000000000e+02,-4.200000000000000000e+01
1.679988669415206671e+09,1.658400000000000000e+04,5.120000000000000000e+02,-7.840000000000000000e+02,-1.153000000000000000e+03,-6.220000000000000000e+02,-4.200000000000000000e+01
1.679988669415667295e+09,1.658400000000000000e+04,5.120000000000000000e+02,-7.840000000000000000e+02,-1.153000000000000000e+03,-6.220000000000000000e+02,-4.200000000000000000e+01
1.679988669415939808e+09,1.658400000000000000e+04,5.120000000000000000e+02,-7.840000000000000000e+02,-1.153000000000000000e+03,-6.220000000000000000e+02,-4.200000000000000000e+01
1.679988669416227579e+09,1.658400000000000000e+04,5.120000000000000000e+02,-7.840000000000000000e+02,-1.153000000000000000e+03,-6.220000000000000000e+02,-4.200000000000000000e+01
1.679988669416515112e+09,1.658400000000000000e+04,5.120000000000000000e+02,-7.840000000000000000e+02,-1.153000000000000000e+03,-6.220000000000000000e+02,-4.200000000000000000e+01
1.679988669417004108e+09,1.658400000000000000e+04,5.120000000000000000e+02,-7.840000000000000000e+02,-1.153000000000000000e+03,-6.220000000000000000e+02,-4.200000000000000000e+01
1.679988669417606831e+09,1.658400000000000000e+04,5.120000000000000000e+02,-7.840000000000000000e+02,-1.153000000000000000e+03,-6.220000000000000000e+02,-4.200000000000000000e+01
1.679988669418369293e+09,1.658400000000000000e+04,5.120000000000000000e+02,-7.840000000000000000e+02,-1.153000000000000000e+03,-6.220000000000000000e+02,-4.200000000000000000e+01
1.679988669419532299e+09,1.658400000000000000e+04,5.120000000000000000e+02,-7.840000000000000000e+02,-1.153000000000000000e+03,-6.220000000000000000e+02,-4.200000000000000000e+01
1.679988669420077562e+09,1.658400000000000000e+04,5.120000000000000000e+02,-7.840000000000000000e+02,-1.153000000000000000e+03,-6.220000000000000000e+02,-4.200000000000000000e+01
1.679988669420866728e+09,1.658400000000000000e+04,5.120000000000000000e+02,-7.840000000000000000e+02,-1.153000000000000000e+03,-6.220000000000000000e+02,-4.200000000000000000e+01
1.679988669422016621e+09,1.658400000000000000e+04,5.120000000000000000e+02,-7.840000000000000000e+02,-1.153000000000000000e+03,-6.220000000000000000e+02,-4.200000000000000000e+01
1.679988669422563553e+09,1.658400000000000000e+04,5.120000000000000000e+02,-7.840000000000000000e+02,-1.153000000000000000e+03,-6.220000000000000000e+02,-4.200000000000000000e+01
1.679988669423339844e+09,1.658400000000000000e+04,5.120000000000000000e+02,-7.840000000000000000e+02,-1.153000000000000000e+03,-6.220000000000000000e+02,-4.200000000000000000e+01
1.679988669424630642e+09,1.658400000000000000e+04,5.120000000000000000e+02,-7.840000000000000000e+02,-1.153000000000000000e+03,-6.220000000000000000e+02,-4.200000000000000000e+01
1.679988669425973654e+09,1.658400000000000000e+04,5.120000000000000000e+02,-7.840000000000000000e+02,-1.153000000000000000e+03,-6.220000000000000000e+02,-4.200000000000000000e+01
1.679988669426789284e+09,1.658400000000000000e+04,5.120000000000000000e+02,-7.840000000000000000e+02,-1.153000000000000000e+03,-6.220000000000000000e+02,-4.200000000000000000e+01
1.679988669428031921e+09,1.658400000000000000e+04,5.120000000000000000e+02,-7.840000000000000000e+02,-1.153000000000000000e+03,-6.220000000000000000e+02,-4.200000000000000000e+01
1.679988669429215431e+09,1.658400000000000000e+04,5.120000000000000000e+02,-7.840000000000000000e+02,-1.153000000000000000e+03,-6.220000000000000000e+02,-4.200000000000000000e+01
1.679988669429573059e+09,1.658400000000000000e+04,5.120000000000000000e+02,-7.840000000000000000e+02,-1.153000000000000000e+03,-6.220000000000000000e+02,-4.200000000000000000e+01
1.679988669429918528e+09,1.658400000000000000e+04,5.120000000000000000e+02,-7.840000000000000000e+02,-1.153000000000000000e+03,-6.220000000000000000e+02,-4.200000000000000000e+01
1.679988669430208921e+09,1.658400000000000000e+04,5.120000000000000000e+02,-7.840000000000000000e+02,-1.153000000000000000e+03,-6.220000000000000000e+02,-4.200000000000000000e+01
1.679988669430503607e+09,1.658400000000000000e+04,5.120000000000000000e+02,-7.840000000000000000e+02,-1.153000000000000000e+03,-6.220000000000000000e+02,-4.200000000000000000e+01
1.679988669430895567e+09,1.658400000000000000e+04,5.120000000000000000e+02,-7.840000000000000000e+02,-1.153000000000000000e+03,-6.220000000000000000e+02,-4.200000000000000000e+01
1.679988669431264400e+09,1.658400000000000000e+04,5.120000000000000000e+02,-7.840000000000000000e+02,-1.153000000000000000e+03,-6.220000000000000000e+02,-4.200000000000000000e+01
1.679988669431581497e+09,1.658400000000000000e+04,5.120000000000000000e+02,-7.840000000000000000e+02,-1.153000000000000000e+03,-6.220000000000000000e+02,-4.200000000000000000e+01
1.679988669431879759e+09,1.658400000000000000e+04,5.120000000000000000e+02,-7.840000000000000000e+02,-1.153000000000000000e+03,-6.220000000000000000e+02,-4.200000000000000000e+01
1.679988669432226419e+09,1.658400000000000000e+04,5.120000000000000000e+02,-7.840000000000000000e+02,-1.153000000000000000e+03,-6.220000000000000000e+02,-4.200000000000000000e+01
1.679988669432529688e+09,1.658400000000000000e+04,5.120000000000000000e+02,-7.840000000000000000e+02,-1.153000000000000000e+03,-6.220000000000000000e+02,-4.200000000000000000e+01
1.679988669432815313e+09,1.658400000000000000e+04,5.120000000000000000e+02,-7.840000000000000000e+02,-1.153000000000000000e+03,-6.220000000000000000e+02,-4.200000000000000000e+01
1.679988669433203697e+09,1.658400000000000000e+04,5.120000000000000000e+02,-7.840000000000000000e+02,-1.153000000000000000e+03,-6.220000000000000000e+02,-4.200000000000000000e+01
1.679988669433504820e+09,1.658400000000000000e+04,5.120000000000000000e+02,-7.840000000000000000e+02,-1.153000000000000000e+03,-6.220000000000000000e+02,-4.200000000000000000e+01
1.679988669434201002e+09,1.658400000000000000e+04,5.120000000000000000e+02,-7.840000000000000000e+02,-1.153000000000000000e+03,-6.220000000000000000e+02,-4.200000000000000000e+01
1.679988669434565067e+09,1.658400000000000000e+04,5.120000000000000000e+02,-7.840000000000000000e+02,-1.153000000000000000e+03,-6.220000000000000000e+02,-4.200000000000000000e+01
1.679988669434872866e+09,1.658400000000000000e+04,5.120000000000000000e+02,-7.840000000000000000e+02,-1.153000000000000000e+03,-6.220000000000000000e+02,-4.200000000000000000e+01
1.679988669435158014e+09,1.658400000000000000e+04,5.120000000000000000e+02,-7.840000000000000000e+02,-1.153000000000000000e+03,-6.220000000000000000e+02,-4.200000000000000000e+01
1.679988669435449839e+09,1.658400000000000000e+04,5.120000000000000000e+02,-7.840000000000000000e+02,-1.153000000000000000e+03,-6.220000000000000000e+02,-4.200000000000000000e+01
1.679988669435885906e+09,1.658400000000000000e+04,5.120000000000000000e+02,-7.840000000000000000e+02,-1.153000000000000000e+03,-6.220000000000000000e+02,-4.200000000000000000e+01
1.679988669436172724e+09,1.658400000000000000e+04,5.120000000000000000e+02,-7.840000000000000000e+02,-1.153000000000000000e+03,-6.220000000000000000e+02,-4.200000000000000000e+01
1.679988669436458826e+09,1.658400000000000000e+04,5.120000000000000000e+02,-7.840000000000000000e+02,-1.153000000000000000e+03,-6.220000000000000000e+02,-4.200000000000000000e+01
1.679988669436751127e+09,1.658400000000000000e+04,5.120000000000000000e+02,-7.840000000000000000e+02,-1.153000000000000000e+03,-6.220000000000000000e+02,-4.200000000000000000e+01
1.679988669437221050e+09,1.658400000000000000e+04,5.120000000000000000e+02,-7.840000000000000000e+02,-1.153000000000000000e+03,-6.220000000000000000e+02,-4.200000000000000000e+01
1.679988669437510252e+09,1.658400000000000000e+04,5.120000000000000000e+02,-7.840000000000000000e+02,-1.153000000000000000e+03,-6.220000000000000000e+02,-4.200000000000000000e+01
1.679988669437817097e+09,1.658400000000000000e+04,5.120000000000000000e+02,-7.840000000000000000e+02,-1.153000000000000000e+03,-6.220000000000000000e+02,-4.200000000000000000e+01
1.679988669438098192e+09,1.658400000000000000e+04,5.120000000000000000e+02,-7.840000000000000000e+02,-1.153000000000000000e+03,-6.220000000000000000e+02,-4.200000000000000000e+01
1.679988669438396931e+09,1.658400000000000000e+04,5.120000000000000000e+02,-7.840000000000000000e+02,-1.153000000000000000e+03,-6.220000000000000000e+02,-4.200000000000000000e+01
1.679988669438779831e+09,1.658400000000000000e+04,5.120000000000000000e+02,-7.840000000000000000e+02,-1.153000000000000000e+03,-6.220000000000000000e+02,-4.200000000000000000e+01
1.679988669439125538e+09,1.658400000000000000e+04,5.120000000000000000e+02,-7.840000000000000000e+02,-1.153000000000000000e+03,-6.220000000000000000e+02,-4.200000000000000000e+01
1.679988669439416647e+09,1.658400000000000000e+04,5.120000000000000000e+02,-7.840000000000000000e+02,-1.153000000000000000e+03,-6.220000000000000000e+02,-4.200000000000000000e+01
1.679988669439792871e+09,1.658400000000000000e+04,5.120000000000000000e+02,-7.840000000000000000e+02,-1.153000000000000000e+03,-6.220000000000000000e+02,-4.200000000000000000e+01
1.679988669440075636e+09,1.658400000000000000e+04,5.120000000000000000e+02,-7.840000000000000000e+02,-1.153000000000000000e+03,-6.220000000000000000e+02,-4.200000000000000000e+01
1.679988669440349102e+09,1.658400000000000000e+04,5.120000000000000000e+02,-7.840000000000000000e+02,-1.153000000000000000e+03,-6.220000000000000000e+02,-4.200000000000000000e+01
1.679988669440646410e+09,1.658400000000000000e+04,5.120000000000000000e+02,-7.840000000000000000e+02,-1.153000000000000000e+03,-6.220000000000000000e+02,-4.200000000000000000e+01
1.679988669440932035e+09,1.658400000000000000e+04,5.120000000000000000e+02,-7.840000000000000000e+02,-1.153000000000000000e+03,-6.220000000000000000e+02,-4.200000000000000000e+01
1.679988669441324234e+09,1.658400000000000000e+04,5.120000000000000000e+02,-7.840000000000000000e+02,-1.153000000000000000e+03,-6.220000000000000000e+02,-4.200000000000000000e+01
1.679988669441803455e+09,1.658400000000000000e+04,5.120000000000000000e+02,-7.840000000000000000e+02,-1.153000000000000000e+03,-6.220000000000000000e+02,-4.200000000000000000e+01
1.679988669442753315e+09,1.658400000000000000e+04,5.120000000000000000e+02,-7.840000000000000000e+02,-1.153000000000000000e+03,-6.220000000000000000e+02,-4.200000000000000000e+01
1.679988669444972515e+09,1.658400000000000000e+04,5.120000000000000000e+02,-7.840000000000000000e+02,-1.153000000000000000e+03,-6.220000000000000000e+02,-4.200000000000000000e+01
1.679988669445438623e+09,1.658400000000000000e+04,5.120000000000000000e+02,-7.840000000000000000e+02,-1.153000000000000000e+03,-6.220000000000000000e+02,-4.200000000000000000e+01
1.679988669445847273e+09,1.658400000000000000e+04,5.120000000000000000e+02,-7.840000000000000000e+02,-1.153000000000000000e+03,-6.220000000000000000e+02,-4.200000000000000000e+01
1.679988669446531534e+09,1.658400000000000000e+04,5.120000000000000000e+02,-7.840000000000000000e+02,-1.153000000000000000e+03,-6.220000000000000000e+02,-4.200000000000000000e+01
1.679988669446893454e+09,1.658400000000000000e+04,5.120000000000000000e+02,-7.840000000000000000e+02,-1.153000000000000000e+03,-6.220000000000000000e+02,-4.200000000000000000e+01
1.679988669447194099e+09,1.658400000000000000e+04,5.120000000000000000e+02,-7.840000000000000000e+02,-1.153000000000000000e+03,-6.220000000000000000e+02,-4.200000000000000000e+01
1.679988669447675943e+09,1.658400000000000000e+04,5.120000000000000000e+02,-7.840000000000000000e+02,-1.153000000000000000e+03,-6.220000000000000000e+02,-4.200000000000000000e+01
1.679988669447949409e+09,1.658400000000000000e+04,5.120000000000000000e+02,-7.840000000000000000e+02,-1.153000000000000000e+03,-6.220000000000000000e+02,-4.200000000000000000e+01
1.679988669448225975e+09,1.658400000000000000e+04,5.120000000000000000e+02,-7.840000000000000000e+02,-1.153000000000000000e+03,-6.220000000000000000e+02,-4.200000000000000000e+01
1.679988669448613405e+09,1.658400000000000000e+04,5.120000000000000000e+02,-7.840000000000000000e+02,-1.153000000000000000e+03,-6.220000000000000000e+02,-4.200000000000000000e+01
1.679988669448903084e+09,1.658400000000000000e+04,5.120000000000000000e+02,-7.840000000000000000e+02,-1.153000000000000000e+03,-6.220000000000000000e+02,-4.200000000000000000e+01
1.679988669449198961e+09,1.658400000000000000e+04,5.120000000000000000e+02,-7.840000000000000000e+02,-1.153000000000000000e+03,-6.220000000000000000e+02,-4.200000000000000000e+01
1.679988669449495077e+09,1.658400000000000000e+04,5.120000000000000000e+02,-7.840000000000000000e+02,-1.153000000000000000e+03,-6.220000000000000000e+02,-4.200000000000000000e+01
1.679988669449832439e+09,1.658400000000000000e+04,5.120000000000000000e+02,-7.840000000000000000e+02,-1.153000000000000000e+03,-6.220000000000000000e+02,-4.200000000000000000e+01
1.679988669450129986e+09,1.658400000000000000e+04,5.120000000000000000e+02,-7.840000000000000000e+02,-1.153000000000000000e+03,-6.220000000000000000e+02,-4.200000000000000000e+01
1.679988669450678587e+09,1.658400000000000000e+04,5.120000000000000000e+02,-7.840000000000000000e+02,-1.153000000000000000e+03,-6.220000000000000000e+02,-4.200000000000000000e+01
1.679988669450973511e+09,1.658400000000000000e+04,5.120000000000000000e+02,-7.840000000000000000e+02,-1.153000000000000000e+03,-6.220000000000000000e+02,-4.200000000000000000e+01
1.679988669451270819e+09,1.658400000000000000e+04,5.120000000000000000e+02,-7.840000000000000000e+02,-1.153000000000000000e+03,-6.220000000000000000e+02,-4.200000000000000000e+01
1.679988669451640129e+09,1.658400000000000000e+04,5.120000000000000000e+02,-7.840000000000000000e+02,-1.153000000000000000e+03,-6.220000000000000000e+02,-4.200000000000000000e+01
1.679988669451927662e+09,1.658400000000000000e+04,5.120000000000000000e+02,-7.840000000000000000e+02,-1.153000000000000000e+03,-6.220000000000000000e+02,-4.200000000000000000e+01
1.679988669452228546e+09,1.658400000000000000e+04,5.120000000000000000e+02,-7.840000000000000000e+02,-1.153000000000000000e+03,-6.220000000000000000e+02,-4.200000000000000000e+01
1.679988669452571154e+09,1.658400000000000000e+04,5.120000000000000000e+02,-7.840000000000000000e+02,-1.153000000000000000e+03,-6.220000000000000000e+02,-4.200000000000000000e+01
1.679988669453128099e+09,1.658400000000000000e+04,5.120000000000000000e+02,-7.840000000000000000e+02,-1.153000000000000000e+03,-6.220000000000000000e+02,-4.200000000000000000e+01
1.679988669453922033e+09,1.658400000000000000e+04,5.120000000000000000e+02,-7.840000000000000000e+02,-1.153000000000000000e+03,-6.220000000000000000e+02,-4.200000000000000000e+01
1.679988669455078125e+09,1.658400000000000000e+04,5.120000000000000000e+02,-7.840000000000000000e+02,-1.153000000000000000e+03,-6.220000000000000000e+02,-4.200000000000000000e+01
1.679988669455678463e+09,1.658400000000000000e+04,5.120000000000000000e+02,-7.840000000000000000e+02,-1.153000000000000000e+03,-6.220000000000000000e+02,-4.200000000000000000e+01
1.679988669456491709e+09,1.658400000000000000e+04,5.120000000000000000e+02,-7.840000000000000000e+02,-1.153000000000000000e+03,-6.220000000000000000e+02,-4.200000000000000000e+01
1.679988669457635641e+09,1.658400000000000000e+04,5.120000000000000000e+02,-7.840000000000000000e+02,-1.153000000000000000e+03,-6.220000000000000000e+02,-4.200000000000000000e+01
1.679988669458268642e+09,1.658400000000000000e+04,5.120000000000000000e+02,-7.840000000000000000e+02,-1.153000000000000000e+03,-6.220000000000000000e+02,-4.200000000000000000e+01
1.679988669459045649e+09,1.658400000000000000e+04,5.120000000000000000e+02,-7.840000000000000000e+02,-1.153000000000000000e+03,-6.220000000000000000e+02,-4.200000000000000000e+01
1.679988669460351229e+09,1.658400000000000000e+04,5.120000000000000000e+02,-7.840000000000000000e+02,-1.153000000000000000e+03,-6.220000000000000000e+02,-4.200000000000000000e+01
1.679988669461622953e+09,1.658400000000000000e+04,5.120000000000000000e+02,-7.840000000000000000e+02,-1.153000000000000000e+03,-6.220000000000000000e+02,-4.200000000000000000e+01
1.679988669462747812e+09,1.658400000000000000e+04,5.120000000000000000e+02,-7.840000000000000000e+02,-1.153000000000000000e+03,-6.220000000000000000e+02,-4.200000000000000000e+01
1.679988669463853121e+09,1.658400000000000000e+04,5.120000000000000000e+02,-7.840000000000000000e+02,-1.153000000000000000e+03,-6.220000000000000000e+02,-4.200000000000000000e+01
1.679988669465229273e+09,1.658400000000000000e+04,5.120000000000000000e+02,-7.840000000000000000e+02,-1.153000000000000000e+03,-6.220000000000000000e+02,-4.200000000000000000e+01
1.679988669465613127e+09,1.658400000000000000e+04,5.120000000000000000e+02,-7.840000000000000000e+02,-1.153000000000000000e+03,-6.220000000000000000e+02,-4.200000000000000000e+01
1.679988669466596842e+09,1.658400000000000000e+04,5.120000000000000000e+02,-7.840000000000000000e+02,-1.153000000000000000e+03,-6.220000000000000000e+02,-4.200000000000000000e+01
1.679988669466933489e+09,1.658400000000000000e+04,5.120000000000000000e+02,-7.840000000000000000e+02,-1.153000000000000000e+03,-6.220000000000000000e+02,-4.200000000000000000e+01
1.679988669467257023e+09,1.658400000000000000e+04,5.120000000000000000e+02,-7.840000000000000000e+02,-1.153000000000000000e+03,-6.220000000000000000e+02,-4.200000000000000000e+01
1.679988669467559576e+09,1.658400000000000000e+04,5.120000000000000000e+02,-7.840000000000000000e+02,-1.153000000000000000e+03,-6.220000000000000000e+02,-4.200000000000000000e+01
1.679988669467907906e+09,1.658400000000000000e+04,5.120000000000000000e+02,-7.840000000000000000e+02,-1.153000000000000000e+03,-6.220000000000000000e+02,-4.200000000000000000e+01
1.679988669468280554e+09,1.658400000000000000e+04,5.120000000000000000e+02,-7.840000000000000000e+02,-1.153000000000000000e+03,-6.220000000000000000e+02,-4.200000000000000000e+01
1.679988669468971491e+09,1.658400000000000000e+04,5.120000000000000000e+02,-7.840000000000000000e+02,-1.153000000000000000e+03,-6.220000000000000000e+02,-4.200000000000000000e+01
1.679988669469271898e+09,1.658400000000000000e+04,5.120000000000000000e+02,-7.840000000000000000e+02,-1.153000000000000000e+03,-6.220000000000000000e+02,-4.200000000000000000e+01
1.679988669469578505e+09,1.658400000000000000e+04,5.120000000000000000e+02,-7.840000000000000000e+02,-1.153000000000000000e+03,-6.220000000000000000e+02,-4.200000000000000000e+01
1.679988669469959974e+09,1.658400000000000000e+04,5.120000000000000000e+02,-7.840000000000000000e+02,-1.153000000000000000e+03,-6.220000000000000000e+02,-4.200000000000000000e+01
1.679988669470343113e+09,1.658400000000000000e+04,5.120000000000000000e+02,-7.840000000000000000e+02,-1.153000000000000000e+03,-6.220000000000000000e+02,-4.200000000000000000e+01
1.679988669470650673e+09,1.658400000000000000e+04,5.120000000000000000e+02,-7.840000000000000000e+02,-1.153000000000000000e+03,-6.220000000000000000e+02,-4.200000000000000000e+01
1.679988669470936060e+09,1.658400000000000000e+04,5.120000000000000000e+02,-7.840000000000000000e+02,-1.153000000000000000e+03,-6.220000000000000000e+02,-4.200000000000000000e+01
1.679988669471225739e+09,1.658400000000000000e+04,5.120000000000000000e+02,-7.840000000000000000e+02,-1.153000000000000000e+03,-6.220000000000000000e+02,-4.200000000000000000e+01
1.679988669471517801e+09,1.658400000000000000e+04,5.120000000000000000e+02,-7.840000000000000000e+02,-1.153000000000000000e+03,-6.220000000000000000e+02,-4.200000000000000000e+01
1.679988669471823931e+09,1.658400000000000000e+04,5.120000000000000000e+02,-7.840000000000000000e+02,-1.153000000000000000e+03,-6.220000000000000000e+02,-4.200000000000000000e+01
1.679988669472205162e+09,1.658400000000000000e+04,5.120000000000000000e+02,-7.840000000000000000e+02,-1.153000000000000000e+03,-6.220000000000000000e+02,-4.200000000000000000e+01
1.679988669472525120e+09,1.658400000000000000e+04,5.120000000000000000e+02,-7.840000000000000000e+02,-1.153000000000000000e+03,-6.220000000000000000e+02,-4.200000000000000000e+01
1.679988669472865343e+09,1.658400000000000000e+04,5.120000000000000000e+02,-7.840000000000000000e+02,-1.153000000000000000e+03,-6.220000000000000000e+02,-4.200000000000000000e+01
1.679988669473194122e+09,1.658400000000000000e+04,5.120000000000000000e+02,-7.840000000000000000e+02,-1.153000000000000000e+03,-6.220000000000000000e+02,-4.200000000000000000e+01
1.679988669473562956e+09,1.658400000000000000e+04,5.120000000000000000e+02,-7.840000000000000000e+02,-1.153000000000000000e+03,-6.220000000000000000e+02,-4.200000000000000000e+01
1.679988669473866701e+09,1.658400000000000000e+04,5.120000000000000000e+02,-7.840000000000000000e+02,-1.153000000000000000e+03,-6.220000000000000000e+02,-4.200000000000000000e+01
1.679988669474220037e+09,1.658400000000000000e+04,5.120000000000000000e+02,-7.840000000000000000e+02,-1.153000000000000000e+03,-6.220000000000000000e+02,-4.200000000000000000e+01
1.679988669474522591e+09,1.658400000000000000e+04,5.120000000000000000e+02,-7.840000000000000000e+02,-1.153000000000000000e+03,-6.220000000000000000e+02,-4.200000000000000000e+01
1.679988669475229502e+09,1.658400000000000000e+04,5.120000000000000000e+02,-7.840000000000000000e+02,-1.153000000000000000e+03,-6.220000000000000000e+02,-4.200000000000000000e+01
1.679988669475625753e+09,1.658400000000000000e+04,5.120000000000000000e+02,-7.840000000000000000e+02,-1.153000000000000000e+03,-6.220000000000000000e+02,-4.200000000000000000e+01
1.679988669475956678e+09,1.658400000000000000e+04,5.120000000000000000e+02,-7.840000000000000000e+02,-1.153000000000000000e+03,-6.220000000000000000e+02,-4.200000000000000000e+01
1.679988669476242542e+09,1.658400000000000000e+04,5.120000000000000000e+02,-7.840000000000000000e+02,-1.153000000000000000e+03,-6.220000000000000000e+02,-4.200000000000000000e+01
1.679988669476514101e+09,1.658400000000000000e+04,5.120000000000000000e+02,-7.840000000000000000e+02,-1.153000000000000000e+03,-6.220000000000000000e+02,-4.200000000000000000e+01
1.679988669476824284e+09,1.658400000000000000e+04,5.120000000000000000e+02,-7.840000000000000000e+02,-1.153000000000000000e+03,-6.220000000000000000e+02,-4.200000000000000000e+01
1.679988669477119684e+09,1.658400000000000000e+04,5.120000000000000000e+02,-7.840000000000000000e+02,-1.153000000000000000e+03,-6.220000000000000000e+02,-4.200000000000000000e+01
1.679988669477402925e+09,1.658400000000000000e+04,5.120000000000000000e+02,-7.840000000000000000e+02,-1.153000000000000000e+03,-6.220000000000000000e+02,-4.200000000000000000e+01
1.679988669477735519e+09,1.658400000000000000e+04,5.120000000000000000e+02,-7.840000000000000000e+02,-1.153000000000000000e+03,-6.220000000000000000e+02,-4.200000000000000000e+01
1.679988669478435516e+09,1.658400000000000000e+04,5.120000000000000000e+02,-7.840000000000000000e+02,-1.153000000000000000e+03,-6.220000000000000000e+02,-4.200000000000000000e+01
1.679988669478801012e+09,1.658400000000000000e+04,5.120000000000000000e+02,-7.840000000000000000e+02,-1.153000000000000000e+03,-6.220000000000000000e+02,-4.200000000000000000e+01
1.679988669479291201e+09,1.658400000000000000e+04,5.120000000000000000e+02,-7.840000000000000000e+02,-1.153000000000000000e+03,-6.220000000000000000e+02,-4.200000000000000000e+01
1.679988669480201721e+09,1.658400000000000000e+04,5.120000000000000000e+02,-7.840000000000000000e+02,-1.153000000000000000e+03,-6.220000000000000000e+02,-4.200000000000000000e+01
1.679988669481569290e+09,1.658400000000000000e+04,5.120000000000000000e+02,-7.840000000000000000e+02,-1.153000000000000000e+03,-6.220000000000000000e+02,-4.200000000000000000e+01
1.679988669481958866e+09,1.658400000000000000e+04,5.120000000000000000e+02,-7.840000000000000000e+02,-1.153000000000000000e+03,-6.220000000000000000e+02,-4.200000000000000000e+01
1.679988669482480049e+09,1.658400000000000000e+04,5.120000000000000000e+02,-7.840000000000000000e+02,-1.153000000000000000e+03,-6.220000000000000000e+02,-4.200000000000000000e+01
1.679988669482765675e+09,1.658400000000000000e+04,5.120000000000000000e+02,-7.840000000000000000e+02,-1.153000000000000000e+03,-6.220000000000000000e+02,-4.200000000000000000e+01
1.679988669483068466e+09,1.658400000000000000e+04,5.120000000000000000e+02,-7.840000000000000000e+02,-1.153000000000000000e+03,-6.220000000000000000e+02,-4.200000000000000000e+01
1.679988669483459473e+09,1.658400000000000000e+04,5.120000000000000000e+02,-7.840000000000000000e+02,-1.153000000000000000e+03,-6.220000000000000000e+02,-4.200000000000000000e+01
1.679988669483724356e+09,1.658400000000000000e+04,5.120000000000000000e+02,-7.840000000000000000e+02,-1.153000000000000000e+03,-6.220000000000000000e+02,-4.200000000000000000e+01
1.679988669484027863e+09,1.658400000000000000e+04,5.120000000000000000e+02,-7.840000000000000000e+02,-1.153000000000000000e+03,-6.220000000000000000e+02,-4.200000000000000000e+01
1.679988669484351158e+09,1.658400000000000000e+04,5.120000000000000000e+02,-7.840000000000000000e+02,-1.153000000000000000e+03,-6.220000000000000000e+02,-4.200000000000000000e+01
1.679988669484653234e+09,1.658400000000000000e+04,5.120000000000000000e+02,-7.840000000000000000e+02,-1.153000000000000000e+03,-6.220000000000000000e+02,-4.200000000000000000e+01
1.679988669484962463e+09,1.658400000000000000e+04,5.120000000000000000e+02,-7.840000000000000000e+02,-1.153000000000000000e+03,-6.220000000000000000e+02,-4.200000000000000000e+01
1.679988669485535860e+09,1.658400000000000000e+04,5.120000000000000000e+02,-7.840000000000000000e+02,-1.153000000000000000e+03,-6.220000000000000000e+02,-4.200000000000000000e+01
1.679988669485812187e+09,1.658400000000000000e+04,5.120000000000000000e+02,-7.840000000000000000e+02,-1.153000000000000000e+03,-6.220000000000000000e+02,-4.200000000000000000e+01
1.679988669486119270e+09,1.658400000000000000e+04,5.120000000000000000e+02,-7.840000000000000000e+02,-1.153000000000000000e+03,-6.220000000000000000e+02,-4.200000000000000000e+01
1.679988669486519575e+09,1.658400000000000000e+04,5.120000000000000000e+02,-7.840000000000000000e+02,-1.153000000000000000e+03,-6.220000000000000000e+02,-4.200000000000000000e+01
1.679988669486779213e+09,1.658400000000000000e+04,5.120000000000000000e+02,-7.840000000000000000e+02,-1.153000000000000000e+03,-6.220000000000000000e+02,-4.200000000000000000e+01
1.679988669487085342e+09,1.658400000000000000e+04,5.120000000000000000e+02,-7.840000000000000000e+02,-1.153000000000000000e+03,-6.220000000000000000e+02,-4.200000000000000000e+01
1.679988669487394333e+09,1.658400000000000000e+04,5.120000000000000000e+02,-7.840000000000000000e+02,-1.153000000000000000e+03,-6.220000000000000000e+02,-4.200000000000000000e+01
1.679988669487689734e+09,1.658400000000000000e+04,5.120000000000000000e+02,-7.840000000000000000e+02,-1.153000000000000000e+03,-6.220000000000000000e+02,-4.200000000000000000e+01
1.679988669488011599e+09,1.658400000000000000e+04,5.120000000000000000e+02,-7.840000000000000000e+02,-1.153000000000000000e+03,-6.220000000000000000e+02,-4.200000000000000000e+01
1.679988669488543987e+09,1.658400000000000000e+04,5.120000000000000000e+02,-7.840000000000000000e+02,-1.153000000000000000e+03,-6.220000000000000000e+02,-4.200000000000000000e+01
1.679988669488838673e+09,1.658400000000000000e+04,5.120000000000000000e+02,-7.840000000000000000e+02,-1.153000000000000000e+03,-6.220000000000000000e+02,-4.200000000000000000e+01
1.679988669489268303e+09,1.658400000000000000e+04,5.120000000000000000e+02,-7.840000000000000000e+02,-1.153000000000000000e+03,-6.220000000000000000e+02,-4.200000000000000000e+01
1.679988669490104914e+09,1.658400000000000000e+04,5.120000000000000000e+02,-7.840000000000000000e+02,-1.153000000000000000e+03,-6.220000000000000000e+02,-4.200000000000000000e+01
1.679988669491328716e+09,1.658400000000000000e+04,5.120000000000000000e+02,-7.840000000000000000e+02,-1.153000000000000000e+03,-6.220000000000000000e+02,-4.200000000000000000e+01
1.679988669491718292e+09,1.658400000000000000e+04,5.120000000000000000e+02,-7.840000000000000000e+02,-1.153000000000000000e+03,-6.220000000000000000e+02,-4.200000000000000000e+01
1.679988669492602110e+09,1.658400000000000000e+04,5.120000000000000000e+02,-7.840000000000000000e+02,-1.153000000000000000e+03,-6.220000000000000000e+02,-4.200000000000000000e+01
1.679988669493799925e+09,1.658400000000000000e+04,5.120000000000000000e+02,-7.840000000000000000e+02,-1.153000000000000000e+03,-6.220000000000000000e+02,-4.200000000000000000e+01
1.679988669494193316e+09,1.658400000000000000e+04,5.120000000000000000e+02,-7.840000000000000000e+02,-1.153000000000000000e+03,-6.220000000000000000e+02,-4.200000000000000000e+01
1.679988669495069981e+09,1.658400000000000000e+04,5.120000000000000000e+02,-7.840000000000000000e+02,-1.153000000000000000e+03,-6.220000000000000000e+02,-4.200000000000000000e+01
1.679988669496466160e+09,1.658400000000000000e+04,5.120000000000000000e+02,-7.840000000000000000e+02,-1.153000000000000000e+03,-6.220000000000000000e+02,-4.200000000000000000e+01
1.679988669497676134e+09,1.658400000000000000e+04,5.120000000000000000e+02,-7.840000000000000000e+02,-1.153000000000000000e+03,-6.220000000000000000e+02,-4.200000000000000000e+01
1.679988669498751163e+09,1.658400000000000000e+04,5.120000000000000000e+02,-7.840000000000000000e+02,-1.153000000000000000e+03,-6.220000000000000000e+02,-4.200000000000000000e+01
1.679988669499863148e+09,1.658400000000000000e+04,5.120000000000000000e+02,-7.840000000000000000e+02,-1.153000000000000000e+03,-6.220000000000000000e+02,-4.200000000000000000e+01
1.679988669501323223e+09,1.658400000000000000e+04,5.120000000000000000e+02,-7.840000000000000000e+02,-1.153000000000000000e+03,-6.220000000000000000e+02,-4.200000000000000000e+01
1.679988669501675367e+09,1.658400000000000000e+04,5.120000000000000000e+02,-7.840000000000000000e+02,-1.153000000000000000e+03,-6.220000000000000000e+02,-4.200000000000000000e+01
1.679988669502087116e+09,1.658400000000000000e+04,5.120000000000000000e+02,-7.840000000000000000e+02,-1.153000000000000000e+03,-6.220000000000000000e+02,-4.200000000000000000e+01
1.679988669502400160e+09,1.658400000000000000e+04,5.120000000000000000e+02,-7.840000000000000000e+02,-1.153000000000000000e+03,-6.220000000000000000e+02,-4.200000000000000000e+01
1.679988669502697945e+09,1.658400000000000000e+04,5.120000000000000000e+02,-7.840000000000000000e+02,-1.153000000000000000e+03,-6.220000000000000000e+02,-4.200000000000000000e+01
1.679988669503051281e+09,1.658400000000000000e+04,5.120000000000000000e+02,-7.840000000000000000e+02,-1.153000000000000000e+03,-6.220000000000000000e+02,-4.200000000000000000e+01
1.679988669503338575e+09,1.658400000000000000e+04,5.120000000000000000e+02,-7.840000000000000000e+02,-1.153000000000000000e+03,-6.220000000000000000e+02,-4.200000000000000000e+01
1.679988669503762245e+09,1.658400000000000000e+04,5.120000000000000000e+02,-7.840000000000000000e+02,-1.153000000000000000e+03,-6.220000000000000000e+02,-4.200000000000000000e+01
1.679988669504104376e+09,1.658400000000000000e+04,5.120000000000000000e+02,-7.840000000000000000e+02,-1.153000000000000000e+03,-6.220000000000000000e+02,-4.200000000000000000e+01
1.679988669504389286e+09,1.658400000000000000e+04,5.120000000000000000e+02,-7.840000000000000000e+02,-1.153000000000000000e+03,-6.220000000000000000e+02,-4.200000000000000000e+01
1.679988669504715204e+09,1.658400000000000000e+04,5.120000000000000000e+02,-7.840000000000000000e+02,-1.153000000000000000e+03,-6.220000000000000000e+02,-4.200000000000000000e+01
1.679988669505030155e+09,1.658400000000000000e+04,5.120000000000000000e+02,-7.840000000000000000e+02,-1.153000000000000000e+03,-6.220000000000000000e+02,-4.200000000000000000e+01
1.679988669505420446e+09,1.658400000000000000e+04,5.120000000000000000e+02,-7.840000000000000000e+02,-1.153000000000000000e+03,-6.220000000000000000e+02,-4.200000000000000000e+01
1.679988669505828381e+09,1.658400000000000000e+04,5.120000000000000000e+02,-7.840000000000000000e+02,-1.153000000000000000e+03,-6.220000000000000000e+02,-4.200000000000000000e+01
1.679988669506139278e+09,1.658400000000000000e+04,5.120000000000000000e+02,-7.840000000000000000e+02,-1.153000000000000000e+03,-6.220000000000000000e+02,-4.200000000000000000e+01
1.679988669506420135e+09,1.658400000000000000e+04,5.120000000000000000e+02,-7.840000000000000000e+02,-1.153000000000000000e+03,-6.220000000000000000e+02,-4.200000000000000000e+01
1.679988669506745338e+09,1.658400000000000000e+04,5.120000000000000000e+02,-7.840000000000000000e+02,-1.153000000000000000e+03,-6.220000000000000000e+02,-4.200000000000000000e+01
1.679988669507038355e+09,1.658400000000000000e+04,5.120000000000000000e+02,-7.840000000000000000e+02,-1.153000000000000000e+03,-6.220000000000000000e+02,-4.200000000000000000e+01
1.679988669507316589e+09,1.658400000000000000e+04,5.120000000000000000e+02,-7.840000000000000000e+02,-1.153000000000000000e+03,-6.220000000000000000e+02,-4.200000000000000000e+01
1.679988669507663250e+09,1.658400000000000000e+04,5.120000000000000000e+02,-7.840000000000000000e+02,-1.153000000000000000e+03,-6.220000000000000000e+02,-4.200000000000000000e+01
1.679988669508366823e+09,1.658400000000000000e+04,5.120000000000000000e+02,-7.840000000000000000e+02,-1.153000000000000000e+03,-6.220000000000000000e+02,-4.200000000000000000e+01
1.679988669508706570e+09,1.658400000000000000e+04,5.120000000000000000e+02,-7.840000000000000000e+02,-1.153000000000000000e+03,-6.220000000000000000e+02,-4.200000000000000000e+01
1.679988669509129763e+09,1.658400000000000000e+04,5.120000000000000000e+02,-7.840000000000000000e+02,-1.153000000000000000e+03,-6.220000000000000000e+02,-4.200000000000000000e+01
1.679988669509428024e+09,1.658400000000000000e+04,5.120000000000000000e+02,-7.840000000000000000e+02,-1.153000000000000000e+03,-6.220000000000000000e+02,-4.200000000000000000e+01
1.679988669509724617e+09,1.658400000000000000e+04,5.120000000000000000e+02,-7.840000000000000000e+02,-1.153000000000000000e+03,-6.220000000000000000e+02,-4.200000000000000000e+01
1.679988669510026455e+09,1.658400000000000000e+04,5.120000000000000000e+02,-7.840000000000000000e+02,-1.153000000000000000e+03,-6.220000000000000000e+02,-4.200000000000000000e+01
1.679988669510432243e+09,1.658400000000000000e+04,5.120000000000000000e+02,-7.840000000000000000e+02,-1.153000000000000000e+03,-6.220000000000000000e+02,-4.200000000000000000e+01
1.679988669510752916e+09,1.658400000000000000e+04,5.120000000000000000e+02,-7.840000000000000000e+02,-1.153000000000000000e+03,-6.220000000000000000e+02,-4.200000000000000000e+01
1.679988669511056185e+09,1.658400000000000000e+04,5.120000000000000000e+02,-7.840000000000000000e+02,-1.153000000000000000e+03,-6.220000000000000000e+02,-4.200000000000000000e+01
1.679988669511340618e+09,1.658400000000000000e+04,5.120000000000000000e+02,-7.840000000000000000e+02,-1.153000000000000000e+03,-6.220000000000000000e+02,-4.200000000000000000e+01
1.679988669511629820e+09,1.658400000000000000e+04,5.120000000000000000e+02,-7.840000000000000000e+02,-1.153000000000000000e+03,-6.220000000000000000e+02,-4.200000000000000000e+01
1.679988669511950493e+09,1.658400000000000000e+04,5.120000000000000000e+02,-7.840000000000000000e+02,-1.153000000000000000e+03,-6.220000000000000000e+02,-4.200000000000000000e+01
1.679988669512349367e+09,1.658400000000000000e+04,5.120000000000000000e+02,-7.840000000000000000e+02,-1.153000000000000000e+03,-6.220000000000000000e+02,-4.200000000000000000e+01
1.679988669512642384e+09,1.658400000000000000e+04,5.120000000000000000e+02,-7.840000000000000000e+02,-1.153000000000000000e+03,-6.220000000000000000e+02,-4.200000000000000000e+01
1.679988669512946844e+09,1.658400000000000000e+04,5.120000000000000000e+02,-7.840000000000000000e+02,-1.153000000000000000e+03,-6.220000000000000000e+02,-4.200000000000000000e+01
1.679988669513327599e+09,1.658400000000000000e+04,5.120000000000000000e+02,-7.840000000000000000e+02,-1.153000000000000000e+03,-6.220000000000000000e+02,-4.200000000000000000e+01
1.679988669513685226e+09,1.658400000000000000e+04,5.120000000000000000e+02,-7.840000000000000000e+02,-1.153000000000000000e+03,-6.220000000000000000e+02,-4.200000000000000000e+01
1.679988669514199495e+09,1.658400000000000000e+04,5.120000000000000000e+02,-7.840000000000000000e+02,-1.153000000000000000e+03,-6.220000000000000000e+02,-4.200000000000000000e+01
1.679988669515114069e+09,1.658400000000000000e+04,5.120000000000000000e+02,-7.840000000000000000e+02,-1.153000000000000000e+03,-6.220000000000000000e+02,-4.200000000000000000e+01
1.679988669516540527e+09,1.658400000000000000e+04,5.120000000000000000e+02,-7.840000000000000000e+02,-1.153000000000000000e+03,-6.220000000000000000e+02,-4.200000000000000000e+01
1.679988669516943932e+09,1.658400000000000000e+04,5.120000000000000000e+02,-7.840000000000000000e+02,-1.153000000000000000e+03,-6.220000000000000000e+02,-4.200000000000000000e+01
1.679988669517325163e+09,1.658400000000000000e+04,5.120000000000000000e+02,-7.840000000000000000e+02,-1.153000000000000000e+03,-6.220000000000000000e+02,-4.200000000000000000e+01
1.679988669517626762e+09,1.658400000000000000e+04,5.120000000000000000e+02,-7.840000000000000000e+02,-1.153000000000000000e+03,-6.220000000000000000e+02,-4.200000000000000000e+01
1.679988669517947435e+09,1.658400000000000000e+04,5.120000000000000000e+02,-7.840000000000000000e+02,-1.153000000000000000e+03,-6.220000000000000000e+02,-4.200000000000000000e+01
1.679988669518261671e+09,1.658400000000000000e+04,5.120000000000000000e+02,-7.840000000000000000e+02,-1.153000000000000000e+03,-6.220000000000000000e+02,-4.200000000000000000e+01
1.679988669518676996e+09,1.658400000000000000e+04,5.120000000000000000e+02,-7.840000000000000000e+02,-1.153000000000000000e+03,-6.220000000000000000e+02,-4.200000000000000000e+01
1.679988669519032001e+09,1.658400000000000000e+04,5.120000000000000000e+02,-7.840000000000000000e+02,-1.153000000000000000e+03,-6.220000000000000000e+02,-4.200000000000000000e+01
1.679988669519492626e+09,1.658400000000000000e+04,5.120000000000000000e+02,-7.840000000000000000e+02,-1.153000000000000000e+03,-6.220000000000000000e+02,-4.200000000000000000e+01
1.679988669519754648e+09,1.658400000000000000e+04,5.120000000000000000e+02,-7.840000000000000000e+02,-1.153000000000000000e+03,-6.220000000000000000e+02,-4.200000000000000000e+01
1.679988669520050287e+09,1.658400000000000000e+04,5.120000000000000000e+02,-7.840000000000000000e+02,-1.153000000000000000e+03,-6.220000000000000000e+02,-4.200000000000000000e+01
1.679988669521184921e+09,1.658400000000000000e+04,5.120000000000000000e+02,-7.840000000000000000e+02,-1.153000000000000000e+03,-6.220000000000000000e+02,-4.200000000000000000e+01
1.679988669521598816e+09,1.658400000000000000e+04,5.120000000000000000e+02,-7.840000000000000000e+02,-1.153000000000000000e+03,-6.220000000000000000e+02,-4.200000000000000000e+01
1.679988669522114277e+09,1.658400000000000000e+04,5.120000000000000000e+02,-7.840000000000000000e+02,-1.153000000000000000e+03,-6.220000000000000000e+02,-4.200000000000000000e+01
1.679988669522410154e+09,1.658400000000000000e+04,5.120000000000000000e+02,-7.840000000000000000e+02,-1.153000000000000000e+03,-6.220000000000000000e+02,-4.200000000000000000e+01
1.679988669522699594e+09,1.658400000000000000e+04,5.120000000000000000e+02,-7.840000000000000000e+02,-1.153000000000000000e+03,-6.220000000000000000e+02,-4.200000000000000000e+01
1.679988669523112297e+09,1.658400000000000000e+04,5.120000000000000000e+02,-7.840000000000000000e+02,-1.153000000000000000e+03,-6.220000000000000000e+02,-4.200000000000000000e+01
1.679988669523398161e+09,1.658400000000000000e+04,5.120000000000000000e+02,-7.840000000000000000e+02,-1.153000000000000000e+03,-6.220000000000000000e+02,-4.200000000000000000e+01
1.679988669523699999e+09,1.658400000000000000e+04,5.120000000000000000e+02,-7.840000000000000000e+02,-1.153000000000000000e+03,-6.220000000000000000e+02,-4.200000000000000000e+01
1.679988669524008274e+09,1.658400000000000000e+04,5.120000000000000000e+02,-7.840000000000000000e+02,-1.153000000000000000e+03,-6.220000000000000000e+02,-4.200000000000000000e+01
1.679988669524318933e+09,1.658400000000000000e+04,5.120000000000000000e+02,-7.840000000000000000e+02,-1.153000000000000000e+03,-6.220000000000000000e+02,-4.200000000000000000e+01
1.679988669524613619e+09,1.658400000000000000e+04,5.120000000000000000e+02,-7.840000000000000000e+02,-1.153000000000000000e+03,-6.220000000000000000e+02,-4.200000000000000000e+01
1.679988669525199652e+09,1.658400000000000000e+04,5.120000000000000000e+02,-7.840000000000000000e+02,-1.153000000000000000e+03,-6.220000000000000000e+02,-4.200000000000000000e+01
1.679988669525534630e+09,1.658400000000000000e+04,5.120000000000000000e+02,-7.840000000000000000e+02,-1.153000000000000000e+03,-6.220000000000000000e+02,-4.200000000000000000e+01
1.679988669525887728e+09,1.658400000000000000e+04,5.120000000000000000e+02,-7.840000000000000000e+02,-1.153000000000000000e+03,-6.220000000000000000e+02,-4.200000000000000000e+01
1.679988669526358843e+09,1.658400000000000000e+04,5.120000000000000000e+02,-7.840000000000000000e+02,-1.153000000000000000e+03,-6.220000000000000000e+02,-4.200000000000000000e+01
1.679988669527162552e+09,1.658400000000000000e+04,5.120000000000000000e+02,-7.840000000000000000e+02,-1.153000000000000000e+03,-6.220000000000000000e+02,-4.200000000000000000e+01
1.679988669528409481e+09,1.658400000000000000e+04,5.120000000000000000e+02,-7.840000000000000000e+02,-1.153000000000000000e+03,-6.220000000000000000e+02,-4.200000000000000000e+01
1.679988669528871775e+09,1.658400000000000000e+04,5.120000000000000000e+02,-7.840000000000000000e+02,-1.153000000000000000e+03,-6.220000000000000000e+02,-4.200000000000000000e+01
1.679988669529689074e+09,1.658400000000000000e+04,5.120000000000000000e+02,-7.840000000000000000e+02,-1.153000000000000000e+03,-6.220000000000000000e+02,-4.200000000000000000e+01
1.679988669530942202e+09,1.658400000000000000e+04,5.120000000000000000e+02,-7.840000000000000000e+02,-1.153000000000000000e+03,-6.220000000000000000e+02,-4.200000000000000000e+01
1.679988669531407833e+09,1.658400000000000000e+04,5.120000000000000000e+02,-7.840000000000000000e+02,-1.153000000000000000e+03,-6.220000000000000000e+02,-4.200000000000000000e+01
1.679988669532592058e+09,1.658400000000000000e+04,5.120000000000000000e+02,-7.840000000000000000e+02,-1.153000000000000000e+03,-6.220000000000000000e+02,-4.200000000000000000e+01
1.679988669533152342e+09,1.658400000000000000e+04,5.120000000000000000e+02,-7.840000000000000000e+02,-1.153000000000000000e+03,-6.220000000000000000e+02,-4.200000000000000000e+01
1.679988669533987999e+09,1.658400000000000000e+04,5.120000000000000000e+02,-7.840000000000000000e+02,-1.153000000000000000e+03,-6.220000000000000000e+02,-4.200000000000000000e+01
1.679988669535288095e+09,1.658400000000000000e+04,5.120000000000000000e+02,-7.840000000000000000e+02,-1.153000000000000000e+03,-6.220000000000000000e+02,-4.200000000000000000e+01
1.679988669535776615e+09,1.658400000000000000e+04,5.120000000000000000e+02,-7.840000000000000000e+02,-1.153000000000000000e+03,-6.220000000000000000e+02,-4.200000000000000000e+01
1.679988669536108971e+09,1.658400000000000000e+04,5.120000000000000000e+02,-7.840000000000000000e+02,-1.153000000000000000e+03,-6.220000000000000000e+02,-4.200000000000000000e+01
1.679988669536424875e+09,1.658400000000000000e+04,5.120000000000000000e+02,-7.840000000000000000e+02,-1.153000000000000000e+03,-6.220000000000000000e+02,-4.200000000000000000e+01
1.679988669536733150e+09,1.658400000000000000e+04,5.120000000000000000e+02,-7.840000000000000000e+02,-1.153000000000000000e+03,-6.220000000000000000e+02,-4.200000000000000000e+01
1.679988669537176609e+09,1.658400000000000000e+04,5.120000000000000000e+02,-7.840000000000000000e+02,-1.153000000000000000e+03,-6.220000000000000000e+02,-4.200000000000000000e+01
1.679988669537596941e+09,1.658400000000000000e+04,5.120000000000000000e+02,-7.840000000000000000e+02,-1.153000000000000000e+03,-6.220000000000000000e+02,-4.200000000000000000e+01
1.679988669538034201e+09,1.658400000000000000e+04,5.120000000000000000e+02,-7.840000000000000000e+02,-1.153000000000000000e+03,-6.220000000000000000e+02,-4.200000000000000000e+01
1.679988669538364172e+09,1.658400000000000000e+04,5.120000000000000000e+02,-7.840000000000000000e+02,-1.153000000000000000e+03,-6.220000000000000000e+02,-4.200000000000000000e+01
1.679988669538771391e+09,1.658400000000000000e+04,5.120000000000000000e+02,-7.840000000000000000e+02,-1.153000000000000000e+03,-6.220000000000000000e+02,-4.200000000000000000e+01
1.679988669539101839e+09,1.658400000000000000e+04,5.120000000000000000e+02,-7.840000000000000000e+02,-1.153000000000000000e+03,-6.220000000000000000e+02,-4.200000000000000000e+01
1.679988669539407015e+09,1.658400000000000000e+04,5.120000000000000000e+02,-7.840000000000000000e+02,-1.153000000000000000e+03,-6.220000000000000000e+02,-4.200000000000000000e+01
1.679988669539815187e+09,1.658400000000000000e+04,5.120000000000000000e+02,-7.840000000000000000e+02,-1.153000000000000000e+03,-6.220000000000000000e+02,-4.200000000000000000e+01
1.679988669540114164e+09,1.658400000000000000e+04,5.120000000000000000e+02,-7.840000000000000000e+02,-1.153000000000000000e+03,-6.220000000000000000e+02,-4.200000000000000000e+01
1.679988669540402889e+09,1.658400000000000000e+04,5.120000000000000000e+02,-7.840000000000000000e+02,-1.153000000000000000e+03,-6.220000000000000000e+02,-4.200000000000000000e+01
1.679988669540694952e+09,1.658400000000000000e+04,5.120000000000000000e+02,-7.840000000000000000e+02,-1.153000000000000000e+03,-6.220000000000000000e+02,-4.200000000000000000e+01
1.679988669540989876e+09,1.658400000000000000e+04,5.120000000000000000e+02,-7.840000000000000000e+02,-1.153000000000000000e+03,-6.220000000000000000e+02,-4.200000000000000000e+01
1.679988669541295052e+09,1.658400000000000000e+04,5.120000000000000000e+02,-7.840000000000000000e+02,-1.153000000000000000e+03,-6.220000000000000000e+02,-4.200000000000000000e+01
1.679988669541586876e+09,1.658400000000000000e+04,5.120000000000000000e+02,-7.840000000000000000e+02,-1.153000000000000000e+03,-6.220000000000000000e+02,-4.200000000000000000e+01
1.679988669541908264e+09,1.658400000000000000e+04,5.120000000000000000e+02,-7.840000000000000000e+02,-1.153000000000000000e+03,-6.220000000000000000e+02,-4.200000000000000000e+01
1.679988669542210102e+09,1.658400000000000000e+04,5.120000000000000000e+02,-7.840000000000000000e+02,-1.153000000000000000e+03,-6.220000000000000000e+02,-4.200000000000000000e+01
1.679988669542495489e+09,1.658400000000000000e+04,5.120000000000000000e+02,-7.840000000000000000e+02,-1.153000000000000000e+03,-6.220000000000000000e+02,-4.200000000000000000e+01
1.679988669542887688e+09,1.658400000000000000e+04,5.120000000000000000e+02,-7.840000000000000000e+02,-1.153000000000000000e+03,-6.220000000000000000e+02,-4.200000000000000000e+01
1.679988669543195486e+09,1.658400000000000000e+04,5.120000000000000000e+02,-7.840000000000000000e+02,-1.153000000000000000e+03,-6.220000000000000000e+02,-4.200000000000000000e+01
1.679988669543510199e+09,1.658400000000000000e+04,5.120000000000000000e+02,-7.840000000000000000e+02,-1.153000000000000000e+03,-6.220000000000000000e+02,-4.200000000000000000e+01
1.679988669543828487e+09,1.658400000000000000e+04,5.120000000000000000e+02,-7.840000000000000000e+02,-1.153000000000000000e+03,-6.220000000000000000e+02,-4.200000000000000000e+01
1.679988669544206142e+09,1.658400000000000000e+04,5.120000000000000000e+02,-7.840000000000000000e+02,-1.153000000000000000e+03,-6.220000000000000000e+02,-4.200000000000000000e+01
1.679988669544506550e+09,1.658400000000000000e+04,5.120000000000000000e+02,-7.840000000000000000e+02,-1.153000000000000000e+03,-6.220000000000000000e+02,-4.200000000000000000e+01
1.679988669544861794e+09,1.658400000000000000e+04,5.120000000000000000e+02,-7.840000000000000000e+02,-1.153000000000000000e+03,-6.220000000000000000e+02,-4.200000000000000000e+01
1.679988669545209885e+09,1.658400000000000000e+04,5.120000000000000000e+02,-7.840000000000000000e+02,-1.153000000000000000e+03,-6.220000000000000000e+02,-4.200000000000000000e+01
1.679988669545546055e+09,1.658400000000000000e+04,5.120000000000000000e+02,-7.840000000000000000e+02,-1.153000000000000000e+03,-6.220000000000000000e+02,-4.200000000000000000e+01
1.679988669545937061e+09,1.658400000000000000e+04,5.120000000000000000e+02,-7.840000000000000000e+02,-1.153000000000000000e+03,-6.220000000000000000e+02,-4.200000000000000000e+01
1.679988669546243668e+09,1.658400000000000000e+04,5.120000000000000000e+02,-7.840000000000000000e+02,-1.153000000000000000e+03,-6.220000000000000000e+02,-4.200000000000000000e+01
1.679988669546550274e+09,1.658400000000000000e+04,5.120000000000000000e+02,-7.840000000000000000e+02,-1.153000000000000000e+03,-6.220000000000000000e+02,-4.200000000000000000e+01
1.679988669546854258e+09,1.658400000000000000e+04,5.120000000000000000e+02,-7.840000000000000000e+02,-1.153000000000000000e+03,-6.220000000000000000e+02,-4.200000000000000000e+01
1.679988669547148228e+09,1.658400000000000000e+04,5.120000000000000000e+02,-7.840000000000000000e+02,-1.153000000000000000e+03,-6.220000000000000000e+02,-4.200000000000000000e+01
1.679988669547571659e+09,1.658400000000000000e+04,5.120000000000000000e+02,-7.840000000000000000e+02,-1.153000000000000000e+03,-6.220000000000000000e+02,-4.200000000000000000e+01
1.679988669548094511e+09,1.658400000000000000e+04,5.120000000000000000e+02,-7.840000000000000000e+02,-1.153000000000000000e+03,-6.220000000000000000e+02,-4.200000000000000000e+01
1.679988669549044847e+09,1.658400000000000000e+04,5.120000000000000000e+02,-7.840000000000000000e+02,-1.153000000000000000e+03,-6.220000000000000000e+02,-4.200000000000000000e+01
1.679988669550467253e+09,1.658400000000000000e+04,5.120000000000000000e+02,-7.840000000000000000e+02,-1.153000000000000000e+03,-6.220000000000000000e+02,-4.200000000000000000e+01
1.679988669550871134e+09,1.658400000000000000e+04,5.120000000000000000e+02,-7.840000000000000000e+02,-1.153000000000000000e+03,-6.220000000000000000e+02,-4.200000000000000000e+01
1.679988669551239967e+09,1.658400000000000000e+04,5.120000000000000000e+02,-7.840000000000000000e+02,-1.153000000000000000e+03,-6.220000000000000000e+02,-4.200000000000000000e+01
1.679988669551959515e+09,1.658400000000000000e+04,5.120000000000000000e+02,-7.840000000000000000e+02,-1.153000000000000000e+03,-6.220000000000000000e+02,-4.200000000000000000e+01
1.679988669552278519e+09,1.658400000000000000e+04,5.120000000000000000e+02,-7.840000000000000000e+02,-1.153000000000000000e+03,-6.220000000000000000e+02,-4.200000000000000000e+01
1.679988669552646160e+09,1.658400000000000000e+04,5.120000000000000000e+02,-7.840000000000000000e+02,-1.153000000000000000e+03,-6.220000000000000000e+02,-4.200000000000000000e+01
1.679988669552941084e+09,1.658400000000000000e+04,5.120000000000000000e+02,-7.840000000000000000e+02,-1.153000000000000000e+03,-6.220000000000000000e+02,-4.200000000000000000e+01
1.679988669553351641e+09,1.658400000000000000e+04,5.120000000000000000e+02,-7.840000000000000000e+02,-1.153000000000000000e+03,-6.220000000000000000e+02,-4.200000000000000000e+01
1.679988669553677320e+09,1.658400000000000000e+04,5.120000000000000000e+02,-7.840000000000000000e+02,-1.153000000000000000e+03,-6.220000000000000000e+02,-4.200000000000000000e+01
1.679988669553985119e+09,1.658400000000000000e+04,5.120000000000000000e+02,-7.840000000000000000e+02,-1.153000000000000000e+03,-6.220000000000000000e+02,-4.200000000000000000e+01
1.679988669554312229e+09,1.658400000000000000e+04,5.120000000000000000e+02,-7.840000000000000000e+02,-1.153000000000000000e+03,-6.220000000000000000e+02,-4.200000000000000000e+01
1.679988669554629326e+09,1.658400000000000000e+04,5.120000000000000000e+02,-7.840000000000000000e+02,-1.153000000000000000e+03,-6.220000000000000000e+02,-4.200000000000000000e+01
1.679988669555027485e+09,1.658400000000000000e+04,5.120000000000000000e+02,-7.840000000000000000e+02,-1.153000000000000000e+03,-6.220000000000000000e+02,-4.200000000000000000e+01
1.679988669555372238e+09,1.658400000000000000e+04,5.120000000000000000e+02,-7.840000000000000000e+02,-1.153000000000000000e+03,-6.220000000000000000e+02,-4.200000000000000000e+01
1.679988669555739403e+09,1.658400000000000000e+04,5.120000000000000000e+02,-7.840000000000000000e+02,-1.153000000000000000e+03,-6.220000000000000000e+02,-4.200000000000000000e+01
1.679988669556174517e+09,1.658400000000000000e+04,5.120000000000000000e+02,-7.840000000000000000e+02,-1.153000000000000000e+03,-6.220000000000000000e+02,-4.200000000000000000e+01
1.679988669556631327e+09,1.658400000000000000e+04,5.120000000000000000e+02,-7.840000000000000000e+02,-1.153000000000000000e+03,-6.220000000000000000e+02,-4.200000000000000000e+01
1.679988669556898594e+09,1.658400000000000000e+04,5.120000000000000000e+02,-7.840000000000000000e+02,-1.153000000000000000e+03,-6.220000000000000000e+02,-4.200000000000000000e+01
1.679988669557195663e+09,1.658400000000000000e+04,5.120000000000000000e+02,-7.840000000000000000e+02,-1.153000000000000000e+03,-6.220000000000000000e+02,-4.200000000000000000e+01
1.679988669557682276e+09,1.658400000000000000e+04,5.120000000000000000e+02,-7.840000000000000000e+02,-1.153000000000000000e+03,-6.220000000000000000e+02,-4.200000000000000000e+01
1.679988669557965994e+09,1.658400000000000000e+04,5.120000000000000000e+02,-7.840000000000000000e+02,-1.153000000000000000e+03,-6.220000000000000000e+02,-4.200000000000000000e+01
1.679988669558306217e+09,1.658400000000000000e+04,5.120000000000000000e+02,-7.840000000000000000e+02,-1.153000000000000000e+03,-6.220000000000000000e+02,-4.200000000000000000e+01
1.679988669558740139e+09,1.658400000000000000e+04,5.120000000000000000e+02,-7.840000000000000000e+02,-1.153000000000000000e+03,-6.220000000000000000e+02,-4.200000000000000000e+01
1.679988669559644938e+09,1.658400000000000000e+04,5.120000000000000000e+02,-7.840000000000000000e+02,-1.153000000000000000e+03,-6.220000000000000000e+02,-4.200000000000000000e+01
1.679988669560821772e+09,1.658400000000000000e+04,5.120000000000000000e+02,-7.840000000000000000e+02,-1.153000000000000000e+03,-6.220000000000000000e+02,-4.200000000000000000e+01
1.679988669561268806e+09,1.658400000000000000e+04,5.120000000000000000e+02,-7.840000000000000000e+02,-1.153000000000000000e+03,-6.220000000000000000e+02,-4.200000000000000000e+01
1.679988669562197685e+09,1.658400000000000000e+04,5.120000000000000000e+02,-7.840000000000000000e+02,-1.153000000000000000e+03,-6.220000000000000000e+02,-4.200000000000000000e+01
1.679988669563366413e+09,1.658400000000000000e+04,5.120000000000000000e+02,-7.840000000000000000e+02,-1.153000000000000000e+03,-6.220000000000000000e+02,-4.200000000000000000e+01
1.679988669563814402e+09,1.658400000000000000e+04,5.120000000000000000e+02,-7.840000000000000000e+02,-1.153000000000000000e+03,-6.220000000000000000e+02,-4.200000000000000000e+01
1.679988669564738274e+09,1.658400000000000000e+04,5.120000000000000000e+02,-7.840000000000000000e+02,-1.153000000000000000e+03,-6.220000000000000000e+02,-4.200000000000000000e+01
1.679988669566056967e+09,1.658400000000000000e+04,5.120000000000000000e+02,-7.840000000000000000e+02,-1.153000000000000000e+03,-6.220000000000000000e+02,-4.200000000000000000e+01
1.679988669567346096e+09,1.658400000000000000e+04,5.120000000000000000e+02,-7.840000000000000000e+02,-1.153000000000000000e+03,-6.220000000000000000e+02,-4.200000000000000000e+01
1.679988669568264008e+09,1.658400000000000000e+04,5.120000000000000000e+02,-7.840000000000000000e+02,-1.153000000000000000e+03,-6.220000000000000000e+02,-4.200000000000000000e+01
1.679988669569463491e+09,1.658400000000000000e+04,5.120000000000000000e+02,-7.840000000000000000e+02,-1.153000000000000000e+03,-6.220000000000000000e+02,-4.200000000000000000e+01
1.679988669571062803e+09,1.658400000000000000e+04,5.120000000000000000e+02,-7.840000000000000000e+02,-1.153000000000000000e+03,-6.220000000000000000e+02,-4.200000000000000000e+01
1.679988669571467876e+09,1.658400000000000000e+04,5.120000000000000000e+02,-7.840000000000000000e+02,-1.153000000000000000e+03,-6.220000000000000000e+02,-4.200000000000000000e+01
1.679988669571861982e+09,1.658400000000000000e+04,5.120000000000000000e+02,-7.840000000000000000e+02,-1.153000000000000000e+03,-6.220000000000000000e+02,-4.200000000000000000e+01
1.679988669572280169e+09,1.658400000000000000e+04,5.120000000000000000e+02,-7.840000000000000000e+02,-1.153000000000000000e+03,-6.220000000000000000e+02,-4.200000000000000000e+01
1.679988669572609186e+09,1.658400000000000000e+04,5.120000000000000000e+02,-7.840000000000000000e+02,-1.153000000000000000e+03,-6.220000000000000000e+02,-4.200000000000000000e+01
1.679988669572928667e+09,1.658400000000000000e+04,5.120000000000000000e+02,-7.840000000000000000e+02,-1.153000000000000000e+03,-6.220000000000000000e+02,-4.200000000000000000e+01
1.679988669573299408e+09,1.658400000000000000e+04,5.120000000000000000e+02,-7.840000000000000000e+02,-1.153000000000000000e+03,-6.220000000000000000e+02,-4.200000000000000000e+01
1.679988669573616028e+09,1.658400000000000000e+04,5.120000000000000000e+02,-7.840000000000000000e+02,-1.153000000000000000e+03,-6.220000000000000000e+02,-4.200000000000000000e+01
1.679988669573958158e+09,1.658400000000000000e+04,5.120000000000000000e+02,-7.840000000000000000e+02,-1.153000000000000000e+03,-6.220000000000000000e+02,-4.200000000000000000e+01
1.679988669574304342e+09,1.658400000000000000e+04,5.120000000000000000e+02,-7.840000000000000000e+02,-1.153000000000000000e+03,-6.220000000000000000e+02,-4.200000000000000000e+01
1.679988669574623585e+09,1.658400000000000000e+04,5.120000000000000000e+02,-7.840000000000000000e+02,-1.153000000000000000e+03,-6.220000000000000000e+02,-4.200000000000000000e+01
1.679988669574998617e+09,1.658400000000000000e+04,5.120000000000000000e+02,-7.840000000000000000e+02,-1.153000000000000000e+03,-6.220000000000000000e+02,-4.200000000000000000e+01
1.679988669575374126e+09,1.658400000000000000e+04,5.120000000000000000e+02,-7.840000000000000000e+02,-1.153000000000000000e+03,-6.220000000000000000e+02,-4.200000000000000000e+01
1.679988669575718403e+09,1.658400000000000000e+04,5.120000000000000000e+02,-7.840000000000000000e+02,-1.153000000000000000e+03,-6.220000000000000000e+02,-4.200000000000000000e+01
1.679988669576159000e+09,1.658400000000000000e+04,5.120000000000000000e+02,-7.840000000000000000e+02,-1.153000000000000000e+03,-6.220000000000000000e+02,-4.200000000000000000e+01
1.679988669576456308e+09,1.658400000000000000e+04,5.120000000000000000e+02,-7.840000000000000000e+02,-1.153000000000000000e+03,-6.220000000000000000e+02,-4.200000000000000000e+01
1.679988669576842308e+09,1.658400000000000000e+04,5.120000000000000000e+02,-7.840000000000000000e+02,-1.153000000000000000e+03,-6.220000000000000000e+02,-4.200000000000000000e+01
1.679988669577177763e+09,1.658400000000000000e+04,5.120000000000000000e+02,-7.840000000000000000e+02,-1.153000000000000000e+03,-6.220000000000000000e+02,-4.200000000000000000e+01
1.679988669577535391e+09,1.658400000000000000e+04,5.120000000000000000e+02,-7.840000000000000000e+02,-1.153000000000000000e+03,-6.220000000000000000e+02,-4.200000000000000000e+01
1.679988669577849627e+09,1.658400000000000000e+04,5.120000000000000000e+02,-7.840000000000000000e+02,-1.153000000000000000e+03,-6.220000000000000000e+02,-4.200000000000000000e+01
1.679988669578153372e+09,1.658400000000000000e+04,5.120000000000000000e+02,-7.840000000000000000e+02,-1.153000000000000000e+03,-6.220000000000000000e+02,-4.200000000000000000e+01
1.679988669578480959e+09,1.658400000000000000e+04,5.120000000000000000e+02,-7.840000000000000000e+02,-1.153000000000000000e+03,-6.220000000000000000e+02,-4.200000000000000000e+01
1.679988669578789949e+09,1.658400000000000000e+04,5.120000000000000000e+02,-7.840000000000000000e+02,-1.153000000000000000e+03,-6.220000000000000000e+02,-4.200000000000000000e+01
1.679988669579113722e+09,1.658400000000000000e+04,5.120000000000000000e+02,-7.840000000000000000e+02,-1.153000000000000000e+03,-6.220000000000000000e+02,-4.200000000000000000e+01
1.679988669579494476e+09,1.658400000000000000e+04,5.120000000000000000e+02,-7.840000000000000000e+02,-1.153000000000000000e+03,-6.220000000000000000e+02,-4.200000000000000000e+01
1.679988669579814434e+09,1.658400000000000000e+04,5.120000000000000000e+02,-7.840000000000000000e+02,-1.153000000000000000e+03,-6.220000000000000000e+02,-4.200000000000000000e+01
1.679988669580130577e+09,1.658400000000000000e+04,5.120000000000000000e+02,-7.840000000000000000e+02,-1.153000000000000000e+03,-6.220000000000000000e+02,-4.200000000000000000e+01
1.679988669580450058e+09,1.658400000000000000e+04,5.120000000000000000e+02,-7.840000000000000000e+02,-1.153000000000000000e+03,-6.220000000000000000e+02,-4.200000000000000000e+01
1.679988669580769300e+09,1.658400000000000000e+04,5.120000000000000000e+02,-7.840000000000000000e+02,-1.153000000000000000e+03,-6.220000000000000000e+02,-4.200000000000000000e+01
1.679988669581102133e+09,1.658400000000000000e+04,5.120000000000000000e+02,-7.840000000000000000e+02,-1.153000000000000000e+03,-6.220000000000000000e+02,-4.200000000000000000e+01
1.679988669581480980e+09,1.658400000000000000e+04,5.120000000000000000e+02,-7.840000000000000000e+02,-1.153000000000000000e+03,-6.220000000000000000e+02,-4.200000000000000000e+01
1.679988669581827641e+09,1.658400000000000000e+04,5.120000000000000000e+02,-7.840000000000000000e+02,-1.153000000000000000e+03,-6.220000000000000000e+02,-4.200000000000000000e+01
1.679988669582138777e+09,1.658400000000000000e+04,5.120000000000000000e+02,-7.840000000000000000e+02,-1.153000000000000000e+03,-6.220000000000000000e+02,-4.200000000000000000e+01
1.679988669582425356e+09,1.658400000000000000e+04,5.120000000000000000e+02,-7.840000000000000000e+02,-1.153000000000000000e+03,-6.220000000000000000e+02,-4.200000000000000000e+01
1.679988669582839489e+09,1.658400000000000000e+04,5.120000000000000000e+02,-7.840000000000000000e+02,-1.153000000000000000e+03,-6.220000000000000000e+02,-4.200000000000000000e+01
1.679988669583147526e+09,1.658400000000000000e+04,5.120000000000000000e+02,-7.840000000000000000e+02,-1.153000000000000000e+03,-6.220000000000000000e+02,-4.200000000000000000e+01
1.679988669583538532e+09,1.658400000000000000e+04,5.120000000000000000e+02,-7.840000000000000000e+02,-1.153000000000000000e+03,-6.220000000000000000e+02,-4.200000000000000000e+01
1.679988669584032297e+09,1.658400000000000000e+04,5.120000000000000000e+02,-7.840000000000000000e+02,-1.153000000000000000e+03,-6.220000000000000000e+02,-4.200000000000000000e+01
1.679988669585019350e+09,1.658400000000000000e+04,5.120000000000000000e+02,-7.840000000000000000e+02,-1.153000000000000000e+03,-6.220000000000000000e+02,-4.200000000000000000e+01
1.679988669586486101e+09,1.658400000000000000e+04,5.120000000000000000e+02,-7.840000000000000000e+02,-1.153000000000000000e+03,-6.220000000000000000e+02,-4.200000000000000000e+01
1.679988669586892366e+09,1.658400000000000000e+04,5.120000000000000000e+02,-7.840000000000000000e+02,-1.153000000000000000e+03,-6.220000000000000000e+02,-4.200000000000000000e+01
1.679988669587310791e+09,1.658400000000000000e+04,5.120000000000000000e+02,-7.840000000000000000e+02,-1.153000000000000000e+03,-6.220000000000000000e+02,-4.200000000000000000e+01
1.679988669587604761e+09,1.658400000000000000e+04,5.120000000000000000e+02,-7.840000000000000000e+02,-1.153000000000000000e+03,-6.220000000000000000e+02,-4.200000000000000000e+01
1.679988669587916374e+09,1.658400000000000000e+04,5.120000000000000000e+02,-7.840000000000000000e+02,-1.153000000000000000e+03,-6.220000000000000000e+02,-4.200000000000000000e+01
1.679988669588355064e+09,1.658400000000000000e+04,5.120000000000000000e+02,-7.840000000000000000e+02,-1.153000000000000000e+03,-6.220000000000000000e+02,-4.200000000000000000e+01
1.679988669588655472e+09,1.658400000000000000e+04,5.120000000000000000e+02,-7.840000000000000000e+02,-1.153000000000000000e+03,-6.220000000000000000e+02,-4.200000000000000000e+01
1.679988669588984728e+09,1.658400000000000000e+04,5.120000000000000000e+02,-7.840000000000000000e+02,-1.153000000000000000e+03,-6.220000000000000000e+02,-4.200000000000000000e+01
1.679988669589308500e+09,1.658400000000000000e+04,5.120000000000000000e+02,-7.840000000000000000e+02,-1.153000000000000000e+03,-6.220000000000000000e+02,-4.200000000000000000e+01
1.679988669589633703e+09,1.658400000000000000e+04,5.120000000000000000e+02,-7.840000000000000000e+02,-1.153000000000000000e+03,-6.220000000000000000e+02,-4.200000000000000000e+01
1.679988669590033770e+09,1.658400000000000000e+04,5.120000000000000000e+02,-7.840000000000000000e+02,-1.153000000000000000e+03,-6.220000000000000000e+02,-4.200000000000000000e+01
1.679988669590362549e+09,1.658400000000000000e+04,5.120000000000000000e+02,-7.840000000000000000e+02,-1.153000000000000000e+03,-6.220000000000000000e+02,-4.200000000000000000e+01
1.679988669590855598e+09,1.658400000000000000e+04,5.120000000000000000e+02,-7.840000000000000000e+02,-1.153000000000000000e+03,-6.220000000000000000e+02,-4.200000000000000000e+01
1.679988669591141224e+09,1.658400000000000000e+04,5.120000000000000000e+02,-7.840000000000000000e+02,-1.153000000000000000e+03,-6.220000000000000000e+02,-4.200000000000000000e+01
1.679988669591442347e+09,1.658400000000000000e+04,5.120000000000000000e+02,-7.840000000000000000e+02,-1.153000000000000000e+03,-6.220000000000000000e+02,-4.200000000000000000e+01
1.679988669591865301e+09,1.658400000000000000e+04,5.120000000000000000e+02,-7.840000000000000000e+02,-1.153000000000000000e+03,-6.220000000000000000e+02,-4.200000000000000000e+01
1.679988669592154264e+09,1.658400000000000000e+04,5.120000000000000000e+02,-7.840000000000000000e+02,-1.153000000000000000e+03,-6.220000000000000000e+02,-4.200000000000000000e+01
1.679988669592462540e+09,1.658400000000000000e+04,5.120000000000000000e+02,-7.840000000000000000e+02,-1.153000000000000000e+03,-6.220000000000000000e+02,-4.200000000000000000e+01
1.679988669592771053e+09,1.658400000000000000e+04,5.120000000000000000e+02,-7.840000000000000000e+02,-1.153000000000000000e+03,-6.220000000000000000e+02,-4.200000000000000000e+01
1.679988669593099833e+09,1.658400000000000000e+04,5.120000000000000000e+02,-7.840000000000000000e+02,-1.153000000000000000e+03,-6.220000000000000000e+02,-4.200000000000000000e+01
1.679988669593433857e+09,1.658400000000000000e+04,5.120000000000000000e+02,-7.840000000000000000e+02,-1.153000000000000000e+03,-6.220000000000000000e+02,-4.200000000000000000e+01
1.679988669593997717e+09,1.658400000000000000e+04,5.120000000000000000e+02,-7.840000000000000000e+02,-1.153000000000000000e+03,-6.220000000000000000e+02,-4.200000000000000000e+01
1.679988669594387293e+09,1.658400000000000000e+04,5.120000000000000000e+02,-7.840000000000000000e+02,-1.153000000000000000e+03,-6.220000000000000000e+02,-4.200000000000000000e+01
1.679988669595250607e+09,1.658400000000000000e+04,5.120000000000000000e+02,-7.840000000000000000e+02,-1.153000000000000000e+03,-6.220000000000000000e+02,-4.200000000000000000e+01
1.679988669596624851e+09,1.658400000000000000e+04,5.120000000000000000e+02,-7.840000000000000000e+02,-1.153000000000000000e+03,-6.220000000000000000e+02,-4.200000000000000000e+01
1.679988669597039461e+09,1.658400000000000000e+04,5.120000000000000000e+02,-7.840000000000000000e+02,-1.153000000000000000e+03,-6.220000000000000000e+02,-4.200000000000000000e+01
1.679988669597926378e+09,1.658400000000000000e+04,5.120000000000000000e+02,-7.840000000000000000e+02,-1.153000000000000000e+03,-6.220000000000000000e+02,-4.200000000000000000e+01
1.679988669599224567e+09,1.658400000000000000e+04,5.120000000000000000e+02,-7.840000000000000000e+02,-1.153000000000000000e+03,-6.220000000000000000e+02,-4.200000000000000000e+01
1.679988669599637270e+09,1.658400000000000000e+04,5.120000000000000000e+02,-7.840000000000000000e+02,-1.153000000000000000e+03,-6.220000000000000000e+02,-4.200000000000000000e+01
1.679988669600521326e+09,1.658400000000000000e+04,5.120000000000000000e+02,-7.840000000000000000e+02,-1.153000000000000000e+03,-6.220000000000000000e+02,-4.200000000000000000e+01
1.679988669601966619e+09,1.658400000000000000e+04,5.120000000000000000e+02,-7.840000000000000000e+02,-1.153000000000000000e+03,-6.220000000000000000e+02,-4.200000000000000000e+01
1.679988669603197336e+09,1.658400000000000000e+04,5.120000000000000000e+02,-7.840000000000000000e+02,-1.153000000000000000e+03,-6.220000000000000000e+02,-4.200000000000000000e+01
1.679988669604179382e+09,1.658400000000000000e+04,5.120000000000000000e+02,-7.840000000000000000e+02,-1.153000000000000000e+03,-6.220000000000000000e+02,-4.200000000000000000e+01
1.679988669605727911e+09,1.658400000000000000e+04,5.120000000000000000e+02,-7.840000000000000000e+02,-1.153000000000000000e+03,-6.220000000000000000e+02,-4.200000000000000000e+01
1.679988669607138395e+09,1.658400000000000000e+04,5.120000000000000000e+02,-7.840000000000000000e+02,-1.153000000000000000e+03,-6.220000000000000000e+02,-4.200000000000000000e+01
1.679988669607508659e+09,1.658400000000000000e+04,5.120000000000000000e+02,-7.840000000000000000e+02,-1.153000000000000000e+03,-6.220000000000000000e+02,-4.200000000000000000e+01
1.679988669607895374e+09,1.658400000000000000e+04,5.120000000000000000e+02,-7.840000000000000000e+02,-1.153000000000000000e+03,-6.220000000000000000e+02,-4.200000000000000000e+01
1.679988669608202934e+09,1.658400000000000000e+04,5.120000000000000000e+02,-7.840000000000000000e+02,-1.153000000000000000e+03,-6.220000000000000000e+02,-4.200000000000000000e+01
1.679988669608597994e+09,1.658400000000000000e+04,5.120000000000000000e+02,-7.840000000000000000e+02,-1.153000000000000000e+03,-6.220000000000000000e+02,-4.200000000000000000e+01
1.679988669608926535e+09,1.658400000000000000e+04,5.120000000000000000e+02,-7.840000000000000000e+02,-1.153000000000000000e+03,-6.220000000000000000e+02,-4.200000000000000000e+01
1.679988669609226704e+09,1.658400000000000000e+04,5.120000000000000000e+02,-7.840000000000000000e+02,-1.153000000000000000e+03,-6.220000000000000000e+02,-4.200000000000000000e+01
1.679988669609523535e+09,1.658400000000000000e+04,5.120000000000000000e+02,-7.840000000000000000e+02,-1.153000000000000000e+03,-6.220000000000000000e+02,-4.200000000000000000e+01
1.679988669609839916e+09,1.658400000000000000e+04,5.120000000000000000e+02,-7.840000000000000000e+02,-1.153000000000000000e+03,-6.220000000000000000e+02,-4.200000000000000000e+01
1.679988669610122204e+09,1.658400000000000000e+04,5.120000000000000000e+02,-7.840000000000000000e+02,-1.153000000000000000e+03,-6.220000000000000000e+02,-4.200000000000000000e+01
1.679988669610549927e+09,1.658400000000000000e+04,5.120000000000000000e+02,-7.840000000000000000e+02,-1.153000000000000000e+03,-6.220000000000000000e+02,-4.200000000000000000e+01
1.679988669610877037e+09,1.658400000000000000e+04,5.120000000000000000e+02,-7.840000000000000000e+02,-1.153000000000000000e+03,-6.220000000000000000e+02,-4.200000000000000000e+01
1.679988669611253262e+09,1.658400000000000000e+04,5.120000000000000000e+02,-7.840000000000000000e+02,-1.153000000000000000e+03,-6.220000000000000000e+02,-4.200000000000000000e+01
1.679988669611565590e+09,1.658400000000000000e+04,5.120000000000000000e+02,-7.840000000000000000e+02,-1.153000000000000000e+03,-6.220000000000000000e+02,-4.200000000000000000e+01
1.679988669611865282e+09,1.658400000000000000e+04,5.120000000000000000e+02,-7.840000000000000000e+02,-1.153000000000000000e+03,-6.220000000000000000e+02,-4.200000000000000000e+01
1.679988669612166882e+09,1.658400000000000000e+04,5.120000000000000000e+02,-7.840000000000000000e+02,-1.153000000000000000e+03,-6.220000000000000000e+02,-4.200000000000000000e+01
1.679988669612490654e+09,1.658400000000000000e+04,5.120000000000000000e+02,-7.840000000000000000e+02,-1.153000000000000000e+03,-6.220000000000000000e+02,-4.200000000000000000e+01
1.679988669612786770e+09,1.658400000000000000e+04,5.120000000000000000e+02,-7.840000000000000000e+02,-1.153000000000000000e+03,-6.220000000000000000e+02,-4.200000000000000000e+01
1.679988669613087893e+09,1.658400000000000000e+04,5.120000000000000000e+02,-7.840000000000000000e+02,-1.153000000000000000e+03,-6.220000000000000000e+02,-4.200000000000000000e+01
1.679988669613490582e+09,1.658400000000000000e+04,5.120000000000000000e+02,-7.840000000000000000e+02,-1.153000000000000000e+03,-6.220000000000000000e+02,-4.200000000000000000e+01
1.679988669613805532e+09,1.658400000000000000e+04,5.120000000000000000e+02,-7.840000000000000000e+02,-1.153000000000000000e+03,-6.220000000000000000e+02,-4.200000000000000000e+01
1.679988669614098072e+09,1.658400000000000000e+04,5.120000000000000000e+02,-7.840000000000000000e+02,-1.153000000000000000e+03,-6.220000000000000000e+02,-4.200000000000000000e+01
1.679988669614495039e+09,1.658400000000000000e+04,5.120000000000000000e+02,-7.840000000000000000e+02,-1.153000000000000000e+03,-6.220000000000000000e+02,-4.200000000000000000e+01
1.679988669614796877e+09,1.658400000000000000e+04,5.120000000000000000e+02,-7.840000000000000000e+02,-1.153000000000000000e+03,-6.220000000000000000e+02,-4.200000000000000000e+01
1.679988669615211964e+09,1.658400000000000000e+04,5.120000000000000000e+02,-7.840000000000000000e+02,-1.153000000000000000e+03,-6.220000000000000000e+02,-4.200000000000000000e+01
1.679988669615551949e+09,1.658400000000000000e+04,5.120000000000000000e+02,-7.840000000000000000e+02,-1.153000000000000000e+03,-6.220000000000000000e+02,-4.200000000000000000e+01
1.679988669615869522e+09,1.658400000000000000e+04,5.120000000000000000e+02,-7.840000000000000000e+02,-1.153000000000000000e+03,-6.220000000000000000e+02,-4.200000000000000000e+01
1.679988669616162300e+09,1.658400000000000000e+04,5.120000000000000000e+02,-7.840000000000000000e+02,-1.153000000000000000e+03,-6.220000000000000000e+02,-4.200000000000000000e+01
1.679988669616462946e+09,1.658400000000000000e+04,5.120000000000000000e+02,-7.840000000000000000e+02,-1.153000000000000000e+03,-6.220000000000000000e+02,-4.200000000000000000e+01
1.679988669616789818e+09,1.658400000000000000e+04,5.120000000000000000e+02,-7.840000000000000000e+02,-1.153000000000000000e+03,-6.220000000000000000e+02,-4.200000000000000000e+01
1.679988669617097378e+09,1.658400000000000000e+04,5.120000000000000000e+02,-7.840000000000000000e+02,-1.153000000000000000e+03,-6.220000000000000000e+02,-4.200000000000000000e+01
1.679988669617410660e+09,1.658400000000000000e+04,5.120000000000000000e+02,-7.840000000000000000e+02,-1.153000000000000000e+03,-6.220000000000000000e+02,-4.200000000000000000e+01
1.679988669617711782e+09,1.658400000000000000e+04,5.120000000000000000e+02,-7.840000000000000000e+02,-1.153000000000000000e+03,-6.220000000000000000e+02,-4.200000000000000000e+01
1.679988669618139744e+09,1.658400000000000000e+04,5.120000000000000000e+02,-7.840000000000000000e+02,-1.153000000000000000e+03,-6.220000000000000000e+02,-4.200000000000000000e+01
1.679988669618467093e+09,1.658400000000000000e+04,5.120000000000000000e+02,-7.840000000000000000e+02,-1.153000000000000000e+03,-6.220000000000000000e+02,-4.200000000000000000e+01
1.679988669618794680e+09,1.658400000000000000e+04,5.120000000000000000e+02,-7.840000000000000000e+02,-1.153000000000000000e+03,-6.220000000000000000e+02,-4.200000000000000000e+01
1.679988669619177103e+09,1.658400000000000000e+04,5.120000000000000000e+02,-7.840000000000000000e+02,-1.153000000000000000e+03,-6.220000000000000000e+02,-4.200000000000000000e+01
1.679988669619740248e+09,1.658400000000000000e+04,5.120000000000000000e+02,-7.840000000000000000e+02,-1.153000000000000000e+03,-6.220000000000000000e+02,-4.200000000000000000e+01
1.679988669620704174e+09,1.658400000000000000e+04,5.120000000000000000e+02,-7.840000000000000000e+02,-1.153000000000000000e+03,-6.220000000000000000e+02,-4.200000000000000000e+01
1.679988669622171164e+09,1.658400000000000000e+04,5.120000000000000000e+02,-7.840000000000000000e+02,-1.153000000000000000e+03,-6.220000000000000000e+02,-4.200000000000000000e+01
1.679988669622532129e+09,1.658400000000000000e+04,5.120000000000000000e+02,-7.840000000000000000e+02,-1.153000000000000000e+03,-6.220000000000000000e+02,-4.200000000000000000e+01
1.679988669623277426e+09,1.658400000000000000e+04,5.120000000000000000e+02,-7.840000000000000000e+02,-1.153000000000000000e+03,-6.220000000000000000e+02,-4.200000000000000000e+01
1.679988669623678446e+09,1.658400000000000000e+04,5.120000000000000000e+02,-7.840000000000000000e+02,-1.153000000000000000e+03,-6.220000000000000000e+02,-4.200000000000000000e+01
1.679988669624013662e+09,1.658400000000000000e+04,5.120000000000000000e+02,-7.840000000000000000e+02,-1.153000000000000000e+03,-6.220000000000000000e+02,-4.200000000000000000e+01
1.679988669624477863e+09,1.658400000000000000e+04,5.120000000000000000e+02,-7.840000000000000000e+02,-1.153000000000000000e+03,-6.220000000000000000e+02,-4.200000000000000000e+01
1.679988669624757528e+09,1.658400000000000000e+04,5.120000000000000000e+02,-7.840000000000000000e+02,-1.153000000000000000e+03,-6.220000000000000000e+02,-4.200000000000000000e+01
1.679988669625058651e+09,1.658400000000000000e+04,5.120000000000000000e+02,-7.840000000000000000e+02,-1.153000000000000000e+03,-6.220000000000000000e+02,-4.200000000000000000e+01
1.679988669625588179e+09,1.658400000000000000e+04,5.120000000000000000e+02,-7.840000000000000000e+02,-1.153000000000000000e+03,-6.220000000000000000e+02,-4.200000000000000000e+01
1.679988669625867367e+09,1.658400000000000000e+04,5.120000000000000000e+02,-7.840000000000000000e+02,-1.153000000000000000e+03,-6.220000000000000000e+02,-4.200000000000000000e+01
1.679988669626178026e+09,1.658400000000000000e+04,5.120000000000000000e+02,-7.840000000000000000e+02,-1.153000000000000000e+03,-6.220000000000000000e+02,-4.200000000000000000e+01
1.679988669626489162e+09,1.658400000000000000e+04,5.120000000000000000e+02,-7.840000000000000000e+02,-1.153000000000000000e+03,-6.220000000000000000e+02,-4.200000000000000000e+01
1.679988669626798391e+09,1.658400000000000000e+04,5.120000000000000000e+02,-7.840000000000000000e+02,-1.153000000000000000e+03,-6.220000000000000000e+02,-4.200000000000000000e+01
1.679988669627117872e+09,1.658400000000000000e+04,5.120000000000000000e+02,-7.840000000000000000e+02,-1.153000000000000000e+03,-6.220000000000000000e+02,-4.200000000000000000e+01
1.679988669627663612e+09,1.658400000000000000e+04,5.120000000000000000e+02,-7.840000000000000000e+02,-1.153000000000000000e+03,-6.220000000000000000e+02,-4.200000000000000000e+01
1.679988669627944708e+09,1.658400000000000000e+04,5.120000000000000000e+02,-7.840000000000000000e+02,-1.153000000000000000e+03,-6.220000000000000000e+02,-4.200000000000000000e+01
1.679988669628245831e+09,1.658400000000000000e+04,5.120000000000000000e+02,-7.840000000000000000e+02,-1.153000000000000000e+03,-6.220000000000000000e+02,-4.200000000000000000e+01
1.679988669628783464e+09,1.658400000000000000e+04,5.120000000000000000e+02,-7.840000000000000000e+02,-1.153000000000000000e+03,-6.220000000000000000e+02,-4.200000000000000000e+01
1.679988669629051447e+09,1.658400000000000000e+04,5.120000000000000000e+02,-7.840000000000000000e+02,-1.153000000000000000e+03,-6.220000000000000000e+02,-4.200000000000000000e+01
1.679988669629363298e+09,1.658400000000000000e+04,5.120000000000000000e+02,-7.840000000000000000e+02,-1.153000000000000000e+03,-6.220000000000000000e+02,-4.200000000000000000e+01
1.679988669629688978e+09,1.658400000000000000e+04,5.120000000000000000e+02,-7.840000000000000000e+02,-1.153000000000000000e+03,-6.220000000000000000e+02,-4.200000000000000000e+01
1.679988669630051136e+09,1.658400000000000000e+04,5.120000000000000000e+02,-7.840000000000000000e+02,-1.153000000000000000e+03,-6.220000000000000000e+02,-4.200000000000000000e+01
1.679988669630566835e+09,1.658400000000000000e+04,5.120000000000000000e+02,-7.840000000000000000e+02,-1.153000000000000000e+03,-6.220000000000000000e+02,-4.200000000000000000e+01
1.679988669631414175e+09,1.658400000000000000e+04,5.120000000000000000e+02,-7.840000000000000000e+02,-1.153000000000000000e+03,-6.220000000000000000e+02,-4.200000000000000000e+01
1.679988669632675886e+09,1.658400000000000000e+04,5.120000000000000000e+02,-7.840000000000000000e+02,-1.153000000000000000e+03,-6.220000000000000000e+02,-4.200000000000000000e+01
1.679988669633304596e+09,1.658400000000000000e+04,5.120000000000000000e+02,-7.840000000000000000e+02,-1.153000000000000000e+03,-6.220000000000000000e+02,-4.200000000000000000e+01
1.679988669634162903e+09,1.658400000000000000e+04,5.120000000000000000e+02,-7.840000000000000000e+02,-1.153000000000000000e+03,-6.220000000000000000e+02,-4.200000000000000000e+01
1.679988669635411501e+09,1.658400000000000000e+04,5.120000000000000000e+02,-7.840000000000000000e+02,-1.153000000000000000e+03,-6.220000000000000000e+02,-4.200000000000000000e+01
1.679988669636040688e+09,1.658400000000000000e+04,5.120000000000000000e+02,-7.840000000000000000e+02,-1.153000000000000000e+03,-6.220000000000000000e+02,-4.200000000000000000e+01
1.679988669636898279e+09,1.658400000000000000e+04,5.120000000000000000e+02,-7.840000000000000000e+02,-1.153000000000000000e+03,-6.220000000000000000e+02,-4.200000000000000000e+01
1.679988669638306379e+09,1.658400000000000000e+04,5.120000000000000000e+02,-7.840000000000000000e+02,-1.153000000000000000e+03,-6.220000000000000000e+02,-4.200000000000000000e+01
1.679988669639644623e+09,1.658400000000000000e+04,5.120000000000000000e+02,-7.840000000000000000e+02,-1.153000000000000000e+03,-6.220000000000000000e+02,-4.200000000000000000e+01
1.679988669640630960e+09,1.658400000000000000e+04,5.120000000000000000e+02,-7.840000000000000000e+02,-1.153000000000000000e+03,-6.220000000000000000e+02,-4.200000000000000000e+01
1.679988669642224073e+09,1.658400000000000000e+04,5.120000000000000000e+02,-7.840000000000000000e+02,-1.153000000000000000e+03,-6.220000000000000000e+02,-4.200000000000000000e+01
1.679988669643686295e+09,1.658400000000000000e+04,5.120000000000000000e+02,-7.840000000000000000e+02,-1.153000000000000000e+03,-6.220000000000000000e+02,-4.200000000000000000e+01
1.679988669644019365e+09,1.658400000000000000e+04,5.120000000000000000e+02,-7.840000000000000000e+02,-1.153000000000000000e+03,-6.220000000000000000e+02,-4.200000000000000000e+01
1.679988669644478321e+09,1.658400000000000000e+04,5.120000000000000000e+02,-7.840000000000000000e+02,-1.153000000000000000e+03,-6.220000000000000000e+02,-4.200000000000000000e+01
1.679988669644814253e+09,1.658400000000000000e+04,5.120000000000000000e+02,-7.840000000000000000e+02,-1.153000000000000000e+03,-6.220000000000000000e+02,-4.200000000000000000e+01
1.679988669645130396e+09,1.658400000000000000e+04,5.120000000000000000e+02,-7.840000000000000000e+02,-1.153000000000000000e+03,-6.220000000000000000e+02,-4.200000000000000000e+01
1.679988669645450592e+09,1.658400000000000000e+04,5.120000000000000000e+02,-7.840000000000000000e+02,-1.153000000000000000e+03,-6.220000000000000000e+02,-4.200000000000000000e+01
1.679988669645870447e+09,1.658400000000000000e+04,5.120000000000000000e+02,-7.840000000000000000e+02,-1.153000000000000000e+03,-6.220000000000000000e+02,-4.200000000000000000e+01
1.679988669646194458e+09,1.658400000000000000e+04,5.120000000000000000e+02,-7.840000000000000000e+02,-1.153000000000000000e+03,-6.220000000000000000e+02,-4.200000000000000000e+01
1.679988669646569014e+09,1.658400000000000000e+04,5.120000000000000000e+02,-7.840000000000000000e+02,-1.153000000000000000e+03,-6.220000000000000000e+02,-4.200000000000000000e+01
1.679988669646876574e+09,1.658400000000000000e+04,5.120000000000000000e+02,-7.840000000000000000e+02,-1.153000000000000000e+03,-6.220000000000000000e+02,-4.200000000000000000e+01
1.679988669647265434e+09,1.658400000000000000e+04,5.120000000000000000e+02,-7.840000000000000000e+02,-1.153000000000000000e+03,-6.220000000000000000e+02,-4.200000000000000000e+01
1.679988669647579193e+09,1.658400000000000000e+04,5.120000000000000000e+02,-7.840000000000000000e+02,-1.153000000000000000e+03,-6.220000000000000000e+02,-4.200000000000000000e+01
1.679988669648005962e+09,1.658400000000000000e+04,5.120000000000000000e+02,-7.840000000000000000e+02,-1.153000000000000000e+03,-6.220000000000000000e+02,-4.200000000000000000e+01
1.679988669648396254e+09,1.658400000000000000e+04,5.120000000000000000e+02,-7.840000000000000000e+02,-1.153000000000000000e+03,-6.220000000000000000e+02,-4.200000000000000000e+01
1.679988669648704290e+09,1.658400000000000000e+04,5.120000000000000000e+02,-7.840000000000000000e+02,-1.153000000000000000e+03,-6.220000000000000000e+02,-4.200000000000000000e+01
1.679988669649008274e+09,1.658400000000000000e+04,5.120000000000000000e+02,-7.840000000000000000e+02,-1.153000000000000000e+03,-6.220000000000000000e+02,-4.200000000000000000e+01
1.679988669649409533e+09,1.658400000000000000e+04,5.120000000000000000e+02,-7.840000000000000000e+02,-1.153000000000000000e+03,-6.220000000000000000e+02,-4.200000000000000000e+01
1.679988669649740696e+09,1.658400000000000000e+04,5.120000000000000000e+02,-7.840000000000000000e+02,-1.153000000000000000e+03,-6.220000000000000000e+02,-4.200000000000000000e+01
1.679988669650059938e+09,1.658400000000000000e+04,5.120000000000000000e+02,-7.840000000000000000e+02,-1.153000000000000000e+03,-6.220000000000000000e+02,-4.200000000000000000e+01
1.679988669650383711e+09,1.658400000000000000e+04,5.120000000000000000e+02,-7.840000000000000000e+02,-1.153000000000000000e+03,-6.220000000000000000e+02,-4.200000000000000000e+01
1.679988669650763273e+09,1.658400000000000000e+04,5.120000000000000000e+02,-7.840000000000000000e+02,-1.153000000000000000e+03,-6.220000000000000000e+02,-4.200000000000000000e+01
1.679988669651068211e+09,1.658400000000000000e+04,5.120000000000000000e+02,-7.840000000000000000e+02,-1.153000000000000000e+03,-6.220000000000000000e+02,-4.200000000000000000e+01
1.679988669651482105e+09,1.658400000000000000e+04,5.120000000000000000e+02,-7.840000000000000000e+02,-1.153000000000000000e+03,-6.220000000000000000e+02,-4.200000000000000000e+01
1.679988669651800871e+09,1.658400000000000000e+04,5.120000000000000000e+02,-7.840000000000000000e+02,-1.153000000000000000e+03,-6.220000000000000000e+02,-4.200000000000000000e+01
1.679988669652114391e+09,1.658400000000000000e+04,5.120000000000000000e+02,-7.840000000000000000e+02,-1.153000000000000000e+03,-6.220000000000000000e+02,-4.200000000000000000e+01
1.679988669652546644e+09,1.658400000000000000e+04,5.120000000000000000e+02,-7.840000000000000000e+02,-1.153000000000000000e+03,-6.220000000000000000e+02,-4.200000000000000000e+01
1.679988669652870178e+09,1.658400000000000000e+04,5.120000000000000000e+02,-7.840000000000000000e+02,-1.153000000000000000e+03,-6.220000000000000000e+02,-4.200000000000000000e+01
1.679988669653274775e+09,1.658400000000000000e+04,5.120000000000000000e+02,-7.840000000000000000e+02,-1.153000000000000000e+03,-6.220000000000000000e+02,-4.200000000000000000e+01
1.679988669653582096e+09,1.658400000000000000e+04,5.120000000000000000e+02,-7.840000000000000000e+02,-1.153000000000000000e+03,-6.220000000000000000e+02,-4.200000000000000000e+01
1.679988669653883696e+09,1.658400000000000000e+04,5.120000000000000000e+02,-7.840000000000000000e+02,-1.153000000000000000e+03,-6.220000000000000000e+02,-4.200000000000000000e+01
1.679988669654202938e+09,1.658400000000000000e+04,5.120000000000000000e+02,-7.840000000000000000e+02,-1.153000000000000000e+03,-6.220000000000000000e+02,-4.200000000000000000e+01
1.679988669654631853e+09,1.658400000000000000e+04,5.120000000000000000e+02,-7.840000000000000000e+02,-1.153000000000000000e+03,-6.220000000000000000e+02,-4.200000000000000000e+01
1.679988669654947996e+09,1.658400000000000000e+04,5.120000000000000000e+02,-7.840000000000000000e+02,-1.153000000000000000e+03,-6.220000000000000000e+02,-4.200000000000000000e+01
1.679988669655342340e+09,1.658400000000000000e+04,5.120000000000000000e+02,-7.840000000000000000e+02,-1.153000000000000000e+03,-6.220000000000000000e+02,-4.200000000000000000e+01
1.679988669655725002e+09,1.658400000000000000e+04,5.120000000000000000e+02,-7.840000000000000000e+02,-1.153000000000000000e+03,-6.220000000000000000e+02,-4.200000000000000000e+01
1.679988669656150579e+09,1.658400000000000000e+04,5.120000000000000000e+02,-7.840000000000000000e+02,-1.153000000000000000e+03,-6.220000000000000000e+02,-4.200000000000000000e+01
1.679988669656492710e+09,1.658400000000000000e+04,5.120000000000000000e+02,-7.840000000000000000e+02,-1.153000000000000000e+03,-6.220000000000000000e+02,-4.200000000000000000e+01
1.679988669657023191e+09,1.658400000000000000e+04,5.120000000000000000e+02,-7.840000000000000000e+02,-1.153000000000000000e+03,-6.220000000000000000e+02,-4.200000000000000000e+01
1.679988669658039093e+09,1.658400000000000000e+04,5.120000000000000000e+02,-7.840000000000000000e+02,-1.153000000000000000e+03,-6.220000000000000000e+02,-4.200000000000000000e+01
1.679988669659503222e+09,1.658400000000000000e+04,5.120000000000000000e+02,-7.840000000000000000e+02,-1.153000000000000000e+03,-6.220000000000000000e+02,-4.200000000000000000e+01
1.679988669659911871e+09,1.658400000000000000e+04,5.120000000000000000e+02,-7.840000000000000000e+02,-1.153000000000000000e+03,-6.220000000000000000e+02,-4.200000000000000000e+01
1.679988669660297394e+09,1.658400000000000000e+04,5.120000000000000000e+02,-7.840000000000000000e+02,-1.153000000000000000e+03,-6.220000000000000000e+02,-4.200000000000000000e+01
1.679988669660668612e+09,1.658400000000000000e+04,5.120000000000000000e+02,-7.840000000000000000e+02,-1.153000000000000000e+03,-6.220000000000000000e+02,-4.200000000000000000e+01
1.679988669661042690e+09,1.658400000000000000e+04,5.120000000000000000e+02,-7.840000000000000000e+02,-1.153000000000000000e+03,-6.220000000000000000e+02,-4.200000000000000000e+01
1.679988669661784410e+09,1.658400000000000000e+04,5.120000000000000000e+02,-7.840000000000000000e+02,-1.153000000000000000e+03,-6.220000000000000000e+02,-4.200000000000000000e+01
1.679988669662109137e+09,1.658400000000000000e+04,5.120000000000000000e+02,-7.840000000000000000e+02,-1.153000000000000000e+03,-6.220000000000000000e+02,-4.200000000000000000e+01
1.679988669662516117e+09,1.658400000000000000e+04,5.120000000000000000e+02,-7.840000000000000000e+02,-1.153000000000000000e+03,-6.220000000000000000e+02,-4.200000000000000000e+01
1.679988669662854910e+09,1.658400000000000000e+04,5.120000000000000000e+02,-7.840000000000000000e+02,-1.153000000000000000e+03,-6.220000000000000000e+02,-4.200000000000000000e+01
1.679988669663331747e+09,1.658400000000000000e+04,5.120000000000000000e+02,-7.840000000000000000e+02,-1.153000000000000000e+03,-6.220000000000000000e+02,-4.200000000000000000e+01
1.679988669663610458e+09,1.658400000000000000e+04,5.120000000000000000e+02,-7.840000000000000000e+02,-1.153000000000000000e+03,-6.220000000000000000e+02,-4.200000000000000000e+01
1.679988669663916349e+09,1.658400000000000000e+04,5.120000000000000000e+02,-7.840000000000000000e+02,-1.153000000000000000e+03,-6.220000000000000000e+02,-4.200000000000000000e+01
1.679988669664443493e+09,1.658400000000000000e+04,5.120000000000000000e+02,-7.840000000000000000e+02,-1.153000000000000000e+03,-6.220000000000000000e+02,-4.200000000000000000e+01
1.679988669664745569e+09,1.658400000000000000e+04,5.120000000000000000e+02,-7.840000000000000000e+02,-1.153000000000000000e+03,-6.220000000000000000e+02,-4.200000000000000000e+01
1.679988669665061235e+09,1.658400000000000000e+04,5.120000000000000000e+02,-7.840000000000000000e+02,-1.153000000000000000e+03,-6.220000000000000000e+02,-4.200000000000000000e+01
1.679988669665369749e+09,1.658400000000000000e+04,5.120000000000000000e+02,-7.840000000000000000e+02,-1.153000000000000000e+03,-6.220000000000000000e+02,-4.200000000000000000e+01
1.679988669665759325e+09,1.658400000000000000e+04,5.120000000000000000e+02,-7.840000000000000000e+02,-1.153000000000000000e+03,-6.220000000000000000e+02,-4.200000000000000000e+01
1.679988669666104794e+09,1.658400000000000000e+04,5.120000000000000000e+02,-7.840000000000000000e+02,-1.153000000000000000e+03,-6.220000000000000000e+02,-4.200000000000000000e+01
1.679988669666907787e+09,1.658400000000000000e+04,5.120000000000000000e+02,-7.840000000000000000e+02,-1.153000000000000000e+03,-6.220000000000000000e+02,-4.200000000000000000e+01
1.679988669667306662e+09,1.658400000000000000e+04,5.120000000000000000e+02,-7.840000000000000000e+02,-1.153000000000000000e+03,-6.220000000000000000e+02,-4.200000000000000000e+01
1.679988669667666197e+09,1.658400000000000000e+04,5.120000000000000000e+02,-7.840000000000000000e+02,-1.153000000000000000e+03,-6.220000000000000000e+02,-4.200000000000000000e+01
1.679988669667983770e+09,1.658400000000000000e+04,5.120000000000000000e+02,-7.840000000000000000e+02,-1.153000000000000000e+03,-6.220000000000000000e+02,-4.200000000000000000e+01
1.679988669668397903e+09,1.658400000000000000e+04,5.120000000000000000e+02,-7.840000000000000000e+02,-1.153000000000000000e+03,-6.220000000000000000e+02,-4.200000000000000000e+01
1.679988669669467211e+09,1.658400000000000000e+04,5.120000000000000000e+02,-7.840000000000000000e+02,-1.153000000000000000e+03,-6.220000000000000000e+02,-4.200000000000000000e+01
1.679988669670673370e+09,1.658400000000000000e+04,5.120000000000000000e+02,-7.840000000000000000e+02,-1.153000000000000000e+03,-6.220000000000000000e+02,-4.200000000000000000e+01
1.679988669671090364e+09,1.658400000000000000e+04,5.120000000000000000e+02,-7.840000000000000000e+02,-1.153000000000000000e+03,-6.220000000000000000e+02,-4.200000000000000000e+01
1.679988669672133207e+09,1.658400000000000000e+04,5.120000000000000000e+02,-7.840000000000000000e+02,-1.153000000000000000e+03,-6.220000000000000000e+02,-4.200000000000000000e+01
1.679988669673315287e+09,1.658400000000000000e+04,5.120000000000000000e+02,-7.840000000000000000e+02,-1.153000000000000000e+03,-6.220000000000000000e+02,-4.200000000000000000e+01
1.679988669673737526e+09,1.658400000000000000e+04,5.120000000000000000e+02,-7.840000000000000000e+02,-1.153000000000000000e+03,-6.220000000000000000e+02,-4.200000000000000000e+01
1.679988669674766302e+09,1.658400000000000000e+04,5.120000000000000000e+02,-7.840000000000000000e+02,-1.153000000000000000e+03,-6.220000000000000000e+02,-4.200000000000000000e+01
1.679988669676181555e+09,1.658400000000000000e+04,5.120000000000000000e+02,-7.840000000000000000e+02,-1.153000000000000000e+03,-6.220000000000000000e+02,-4.200000000000000000e+01
1.679988669677479744e+09,1.658400000000000000e+04,5.120000000000000000e+02,-7.840000000000000000e+02,-1.153000000000000000e+03,-6.220000000000000000e+02,-4.200000000000000000e+01
1.679988669678404093e+09,1.658400000000000000e+04,5.120000000000000000e+02,-7.840000000000000000e+02,-1.153000000000000000e+03,-6.220000000000000000e+02,-4.200000000000000000e+01
1.679988669679726839e+09,1.658400000000000000e+04,5.120000000000000000e+02,-7.840000000000000000e+02,-1.153000000000000000e+03,-6.220000000000000000e+02,-4.200000000000000000e+01
1.679988669681054115e+09,1.658400000000000000e+04,5.120000000000000000e+02,-7.840000000000000000e+02,-1.153000000000000000e+03,-6.220000000000000000e+02,-4.200000000000000000e+01
1.679988669681519032e+09,1.658400000000000000e+04,5.120000000000000000e+02,-7.840000000000000000e+02,-1.153000000000000000e+03,-6.220000000000000000e+02,-4.200000000000000000e+01
1.679988669681990623e+09,1.658400000000000000e+04,5.120000000000000000e+02,-7.840000000000000000e+02,-1.153000000000000000e+03,-6.220000000000000000e+02,-4.200000000000000000e+01
1.679988669682390213e+09,1.658400000000000000e+04,5.120000000000000000e+02,-7.840000000000000000e+02,-1.153000000000000000e+03,-6.220000000000000000e+02,-4.200000000000000000e+01
1.679988669682744265e+09,1.658400000000000000e+04,5.120000000000000000e+02,-7.840000000000000000e+02,-1.153000000000000000e+03,-6.220000000000000000e+02,-4.200000000000000000e+01
1.679988669683084965e+09,1.658400000000000000e+04,5.120000000000000000e+02,-7.840000000000000000e+02,-1.153000000000000000e+03,-6.220000000000000000e+02,-4.200000000000000000e+01
1.679988669683382988e+09,1.658400000000000000e+04,5.120000000000000000e+02,-7.840000000000000000e+02,-1.153000000000000000e+03,-6.220000000000000000e+02,-4.200000000000000000e+01
1.679988669683694601e+09,1.658400000000000000e+04,5.120000000000000000e+02,-7.840000000000000000e+02,-1.153000000000000000e+03,-6.220000000000000000e+02,-4.200000000000000000e+01
1.679988669684029102e+09,1.658400000000000000e+04,5.120000000000000000e+02,-7.840000000000000000e+02,-1.153000000000000000e+03,-6.220000000000000000e+02,-4.200000000000000000e+01
1.679988669684410810e+09,1.658400000000000000e+04,5.120000000000000000e+02,-7.840000000000000000e+02,-1.153000000000000000e+03,-6.220000000000000000e+02,-4.200000000000000000e+01
1.679988669684768200e+09,1.658400000000000000e+04,5.120000000000000000e+02,-7.840000000000000000e+02,-1.153000000000000000e+03,-6.220000000000000000e+02,-4.200000000000000000e+01
1.679988669685128927e+09,1.658400000000000000e+04,5.120000000000000000e+02,-7.840000000000000000e+02,-1.153000000000000000e+03,-6.220000000000000000e+02,-4.200000000000000000e+01
1.679988669685560465e+09,1.658400000000000000e+04,5.120000000000000000e+02,-7.840000000000000000e+02,-1.153000000000000000e+03,-6.220000000000000000e+02,-4.200000000000000000e+01
1.679988669685894966e+09,1.658400000000000000e+04,5.120000000000000000e+02,-7.840000000000000000e+02,-1.153000000000000000e+03,-6.220000000000000000e+02,-4.200000000000000000e+01
1.679988669686255693e+09,1.658400000000000000e+04,5.120000000000000000e+02,-7.840000000000000000e+02,-1.153000000000000000e+03,-6.220000000000000000e+02,-4.200000000000000000e+01
1.679988669686621428e+09,1.658400000000000000e+04,5.120000000000000000e+02,-7.840000000000000000e+02,-1.153000000000000000e+03,-6.220000000000000000e+02,-4.200000000000000000e+01
1.679988669686922789e+09,1.658400000000000000e+04,5.120000000000000000e+02,-7.840000000000000000e+02,-1.153000000000000000e+03,-6.220000000000000000e+02,-4.200000000000000000e+01
1.679988669687270403e+09,1.658400000000000000e+04,5.120000000000000000e+02,-7.840000000000000000e+02,-1.153000000000000000e+03,-6.220000000000000000e+02,-4.200000000000000000e+01
1.679988669687566996e+09,1.658400000000000000e+04,5.120000000000000000e+02,-7.840000000000000000e+02,-1.153000000000000000e+03,-6.220000000000000000e+02,-4.200000000000000000e+01
1.679988669687885761e+09,1.658400000000000000e+04,5.120000000000000000e+02,-7.840000000000000000e+02,-1.153000000000000000e+03,-6.220000000000000000e+02,-4.200000000000000000e+01
1.679988669688225746e+09,1.658400000000000000e+04,5.120000000000000000e+02,-7.840000000000000000e+02,-1.153000000000000000e+03,-6.220000000000000000e+02,-4.200000000000000000e+01
1.679988669688531637e+09,1.658400000000000000e+04,5.120000000000000000e+02,-7.840000000000000000e+02,-1.153000000000000000e+03,-6.220000000000000000e+02,-4.200000000000000000e+01
1.679988669688864231e+09,1.658400000000000000e+04,5.120000000000000000e+02,-7.840000000000000000e+02,-1.153000000000000000e+03,-6.220000000000000000e+02,-4.200000000000000000e+01
1.679988669689200401e+09,1.658400000000000000e+04,5.120000000000000000e+02,-7.840000000000000000e+02,-1.153000000000000000e+03,-6.220000000000000000e+02,-4.200000000000000000e+01
1.679988669689501524e+09,1.658400000000000000e+04,5.120000000000000000e+02,-7.840000000000000000e+02,-1.153000000000000000e+03,-6.220000000000000000e+02,-4.200000000000000000e+01
1.679988669689823389e+09,1.658400000000000000e+04,5.120000000000000000e+02,-7.840000000000000000e+02,-1.153000000000000000e+03,-6.220000000000000000e+02,-4.200000000000000000e+01
1.679988669690135717e+09,1.658400000000000000e+04,5.120000000000000000e+02,-7.840000000000000000e+02,-1.153000000000000000e+03,-6.220000000000000000e+02,-4.200000000000000000e+01
1.679988669690583706e+09,1.658400000000000000e+04,5.120000000000000000e+02,-7.840000000000000000e+02,-1.153000000000000000e+03,-6.220000000000000000e+02,-4.200000000000000000e+01
1.679988669690947533e+09,1.658400000000000000e+04,5.120000000000000000e+02,-7.840000000000000000e+02,-1.153000000000000000e+03,-6.220000000000000000e+02,-4.200000000000000000e+01
1.679988669691288471e+09,1.658400000000000000e+04,5.120000000000000000e+02,-7.840000000000000000e+02,-1.153000000000000000e+03,-6.220000000000000000e+02,-4.200000000000000000e+01
1.679988669691602230e+09,1.658400000000000000e+04,5.120000000000000000e+02,-7.840000000000000000e+02,-1.153000000000000000e+03,-6.220000000000000000e+02,-4.200000000000000000e+01
1.679988669691991091e+09,1.658400000000000000e+04,5.120000000000000000e+02,-7.840000000000000000e+02,-1.153000000000000000e+03,-6.220000000000000000e+02,-4.200000000000000000e+01
1.679988669692356110e+09,1.658400000000000000e+04,5.120000000000000000e+02,-7.840000000000000000e+02,-1.153000000000000000e+03,-6.220000000000000000e+02,-4.200000000000000000e+01
1.679988669693133831e+09,1.658400000000000000e+04,5.120000000000000000e+02,-7.840000000000000000e+02,-1.153000000000000000e+03,-6.220000000000000000e+02,-4.200000000000000000e+01
1.679988669693464994e+09,1.658400000000000000e+04,5.120000000000000000e+02,-7.840000000000000000e+02,-1.153000000000000000e+03,-6.220000000000000000e+02,-4.200000000000000000e+01
1.679988669693789005e+09,1.658400000000000000e+04,5.120000000000000000e+02,-7.840000000000000000e+02,-1.153000000000000000e+03,-6.220000000000000000e+02,-4.200000000000000000e+01
1.679988669694216967e+09,1.658400000000000000e+04,5.120000000000000000e+02,-7.840000000000000000e+02,-1.153000000000000000e+03,-6.220000000000000000e+02,-4.200000000000000000e+01
1.679988669694723845e+09,1.658400000000000000e+04,5.120000000000000000e+02,-7.840000000000000000e+02,-1.153000000000000000e+03,-6.220000000000000000e+02,-4.200000000000000000e+01
1.679988669695904016e+09,1.658400000000000000e+04,5.120000000000000000e+02,-7.840000000000000000e+02,-1.153000000000000000e+03,-6.220000000000000000e+02,-4.200000000000000000e+01
1.679988669697479486e+09,1.658400000000000000e+04,5.120000000000000000e+02,-7.840000000000000000e+02,-1.153000000000000000e+03,-6.220000000000000000e+02,-4.200000000000000000e+01
1.679988669697865963e+09,1.658400000000000000e+04,5.120000000000000000e+02,-7.840000000000000000e+02,-1.153000000000000000e+03,-6.220000000000000000e+02,-4.200000000000000000e+01
1.679988669698262453e+09,1.658400000000000000e+04,5.120000000000000000e+02,-7.840000000000000000e+02,-1.153000000000000000e+03,-6.220000000000000000e+02,-4.200000000000000000e+01
1.679988669698593616e+09,1.658400000000000000e+04,5.120000000000000000e+02,-7.840000000000000000e+02,-1.153000000000000000e+03,-6.220000000000000000e+02,-4.200000000000000000e+01
1.679988669698998451e+09,1.658400000000000000e+04,5.120000000000000000e+02,-7.840000000000000000e+02,-1.153000000000000000e+03,-6.220000000000000000e+02,-4.200000000000000000e+01
1.679988669699393511e+09,1.658400000000000000e+04,5.120000000000000000e+02,-7.840000000000000000e+02,-1.153000000000000000e+03,-6.220000000000000000e+02,-4.200000000000000000e+01
1.679988669699731112e+09,1.658400000000000000e+04,5.120000000000000000e+02,-7.840000000000000000e+02,-1.153000000000000000e+03,-6.220000000000000000e+02,-4.200000000000000000e+01
1.679988669700209141e+09,1.658400000000000000e+04,5.120000000000000000e+02,-7.840000000000000000e+02,-1.153000000000000000e+03,-6.220000000000000000e+02,-4.200000000000000000e+01
1.679988669700495720e+09,1.658400000000000000e+04,5.120000000000000000e+02,-7.840000000000000000e+02,-1.153000000000000000e+03,-6.220000000000000000e+02,-4.200000000000000000e+01
1.679988669700807333e+09,1.658400000000000000e+04,5.120000000000000000e+02,-7.840000000000000000e+02,-1.153000000000000000e+03,-6.220000000000000000e+02,-4.200000000000000000e+01
1.679988669701334476e+09,1.658400000000000000e+04,5.120000000000000000e+02,-7.840000000000000000e+02,-1.153000000000000000e+03,-6.220000000000000000e+02,-4.200000000000000000e+01
1.679988669701635122e+09,1.658400000000000000e+04,5.120000000000000000e+02,-7.840000000000000000e+02,-1.153000000000000000e+03,-6.220000000000000000e+02,-4.200000000000000000e+01
1.679988669701946974e+09,1.658400000000000000e+04,5.120000000000000000e+02,-7.840000000000000000e+02,-1.153000000000000000e+03,-6.220000000000000000e+02,-4.200000000000000000e+01
1.679988669702286959e+09,1.658400000000000000e+04,5.120000000000000000e+02,-7.840000000000000000e+02,-1.153000000000000000e+03,-6.220000000000000000e+02,-4.200000000000000000e+01
1.679988669702618599e+09,1.658400000000000000e+04,5.120000000000000000e+02,-7.840000000000000000e+02,-1.153000000000000000e+03,-6.220000000000000000e+02,-4.200000000000000000e+01
1.679988669702921152e+09,1.658400000000000000e+04,5.120000000000000000e+02,-7.840000000000000000e+02,-1.153000000000000000e+03,-6.220000000000000000e+02,-4.200000000000000000e+01
1.679988669703548431e+09,1.658400000000000000e+04,5.120000000000000000e+02,-7.840000000000000000e+02,-1.153000000000000000e+03,-6.220000000000000000e+02,-4.200000000000000000e+01
1.679988669703854561e+09,1.658400000000000000e+04,5.120000000000000000e+02,-7.840000000000000000e+02,-1.153000000000000000e+03,-6.220000000000000000e+02,-4.200000000000000000e+01
1.679988669704176426e+09,1.658400000000000000e+04,5.120000000000000000e+02,-7.840000000000000000e+02,-1.153000000000000000e+03,-6.220000000000000000e+02,-4.200000000000000000e+01
1.679988669704709291e+09,1.658400000000000000e+04,5.120000000000000000e+02,-7.840000000000000000e+02,-1.153000000000000000e+03,-6.220000000000000000e+02,-4.200000000000000000e+01
1.679988669705002546e+09,1.658400000000000000e+04,5.120000000000000000e+02,-7.840000000000000000e+02,-1.153000000000000000e+03,-6.220000000000000000e+02,-4.200000000000000000e+01
1.679988669705354929e+09,1.658400000000000000e+04,5.120000000000000000e+02,-7.840000000000000000e+02,-1.153000000000000000e+03,-6.220000000000000000e+02,-4.200000000000000000e+01
1.679988669705852270e+09,1.658400000000000000e+04,5.120000000000000000e+02,-7.840000000000000000e+02,-1.153000000000000000e+03,-6.220000000000000000e+02,-4.200000000000000000e+01
1.679988669706809044e+09,1.658400000000000000e+04,5.120000000000000000e+02,-7.840000000000000000e+02,-1.153000000000000000e+03,-6.220000000000000000e+02,-4.200000000000000000e+01
1.679988669708055019e+09,1.658400000000000000e+04,5.120000000000000000e+02,-7.840000000000000000e+02,-1.153000000000000000e+03,-6.220000000000000000e+02,-4.200000000000000000e+01
1.679988669708541870e+09,1.658400000000000000e+04,5.120000000000000000e+02,-7.840000000000000000e+02,-1.153000000000000000e+03,-6.220000000000000000e+02,-4.200000000000000000e+01
1.679988669709510326e+09,1.658400000000000000e+04,5.120000000000000000e+02,-7.840000000000000000e+02,-1.153000000000000000e+03,-6.220000000000000000e+02,-4.200000000000000000e+01
1.679988669710737705e+09,1.658400000000000000e+04,5.120000000000000000e+02,-7.840000000000000000e+02,-1.153000000000000000e+03,-6.220000000000000000e+02,-4.200000000000000000e+01
1.679988669711221695e+09,1.658400000000000000e+04,5.120000000000000000e+02,-7.840000000000000000e+02,-1.153000000000000000e+03,-6.220000000000000000e+02,-4.200000000000000000e+01
1.679988669712296009e+09,1.658400000000000000e+04,5.120000000000000000e+02,-7.840000000000000000e+02,-1.153000000000000000e+03,-6.220000000000000000e+02,-4.200000000000000000e+01
1.679988669713691473e+09,1.658400000000000000e+04,5.120000000000000000e+02,-7.840000000000000000e+02,-1.153000000000000000e+03,-6.220000000000000000e+02,-4.200000000000000000e+01
1.679988669715094805e+09,1.658400000000000000e+04,5.120000000000000000e+02,-7.840000000000000000e+02,-1.153000000000000000e+03,-6.220000000000000000e+02,-4.200000000000000000e+01
1.679988669716274261e+09,1.658400000000000000e+04,5.120000000000000000e+02,-7.840000000000000000e+02,-1.153000000000000000e+03,-6.220000000000000000e+02,-4.200000000000000000e+01
1.679988669717786074e+09,1.658400000000000000e+04,5.120000000000000000e+02,-7.840000000000000000e+02,-1.153000000000000000e+03,-6.220000000000000000e+02,-4.200000000000000000e+01
1.679988669719299793e+09,1.658400000000000000e+04,5.120000000000000000e+02,-7.840000000000000000e+02,-1.153000000000000000e+03,-6.220000000000000000e+02,-4.200000000000000000e+01
1.679988669719684601e+09,1.658400000000000000e+04,5.120000000000000000e+02,-7.840000000000000000e+02,-1.153000000000000000e+03,-6.220000000000000000e+02,-4.200000000000000000e+01
1.679988669720080853e+09,1.658400000000000000e+04,5.120000000000000000e+02,-7.840000000000000000e+02,-1.153000000000000000e+03,-6.220000000000000000e+02,-4.200000000000000000e+01
1.679988669720445871e+09,1.658400000000000000e+04,5.120000000000000000e+02,-7.840000000000000000e+02,-1.153000000000000000e+03,-6.220000000000000000e+02,-4.200000000000000000e+01
1.679988669720857620e+09,1.658400000000000000e+04,5.120000000000000000e+02,-7.840000000000000000e+02,-1.153000000000000000e+03,-6.220000000000000000e+02,-4.200000000000000000e+01
1.679988669721187592e+09,1.658400000000000000e+04,5.120000000000000000e+02,-7.840000000000000000e+02,-1.153000000000000000e+03,-6.220000000000000000e+02,-4.200000000000000000e+01
1.679988669721542358e+09,1.658400000000000000e+04,5.120000000000000000e+02,-7.840000000000000000e+02,-1.153000000000000000e+03,-6.220000000000000000e+02,-4.200000000000000000e+01
1.679988669721930742e+09,1.658400000000000000e+04,5.120000000000000000e+02,-7.840000000000000000e+02,-1.153000000000000000e+03,-6.220000000000000000e+02,-4.200000000000000000e+01
1.679988669722315073e+09,1.658400000000000000e+04,5.120000000000000000e+02,-7.840000000000000000e+02,-1.153000000000000000e+03,-6.220000000000000000e+02,-4.200000000000000000e+01
1.679988669722670555e+09,1.658400000000000000e+04,5.120000000000000000e+02,-7.840000000000000000e+02,-1.153000000000000000e+03,-6.220000000000000000e+02,-4.200000000000000000e+01
1.679988669723045111e+09,1.658400000000000000e+04,5.120000000000000000e+02,-7.840000000000000000e+02,-1.153000000000000000e+03,-6.220000000000000000e+02,-4.200000000000000000e+01
1.679988669723382473e+09,1.658400000000000000e+04,5.120000000000000000e+02,-7.840000000000000000e+02,-1.153000000000000000e+03,-6.220000000000000000e+02,-4.200000000000000000e+01
1.679988669723781824e+09,1.658400000000000000e+04,5.120000000000000000e+02,-7.840000000000000000e+02,-1.153000000000000000e+03,-6.220000000000000000e+02,-4.200000000000000000e+01
1.679988669724173069e+09,1.658400000000000000e+04,5.120000000000000000e+02,-7.840000000000000000e+02,-1.153000000000000000e+03,-6.220000000000000000e+02,-4.200000000000000000e+01
1.679988669724496841e+09,1.658400000000000000e+04,5.120000000000000000e+02,-7.840000000000000000e+02,-1.153000000000000000e+03,-6.220000000000000000e+02,-4.200000000000000000e+01
1.679988669724818230e+09,1.658400000000000000e+04,5.120000000000000000e+02,-7.840000000000000000e+02,-1.153000000000000000e+03,-6.220000000000000000e+02,-4.200000000000000000e+01
1.679988669725214243e+09,1.658400000000000000e+04,5.120000000000000000e+02,-7.840000000000000000e+02,-1.153000000000000000e+03,-6.220000000000000000e+02,-4.200000000000000000e+01
1.679988669725584984e+09,1.658400000000000000e+04,5.120000000000000000e+02,-7.840000000000000000e+02,-1.153000000000000000e+03,-6.220000000000000000e+02,-4.200000000000000000e+01
1.679988669726339817e+09,1.658400000000000000e+04,5.120000000000000000e+02,-7.840000000000000000e+02,-1.153000000000000000e+03,-6.220000000000000000e+02,-4.200000000000000000e+01
1.679988669726680040e+09,1.658400000000000000e+04,5.120000000000000000e+02,-7.840000000000000000e+02,-1.153000000000000000e+03,-6.220000000000000000e+02,-4.200000000000000000e+01
1.679988669727078199e+09,1.658400000000000000e+04,5.120000000000000000e+02,-7.840000000000000000e+02,-1.153000000000000000e+03,-6.220000000000000000e+02,-4.200000000000000000e+01
1.679988669727474451e+09,1.658400000000000000e+04,5.120000000000000000e+02,-7.840000000000000000e+02,-1.153000000000000000e+03,-6.220000000000000000e+02,-4.200000000000000000e+01
1.679988669727784634e+09,1.658400000000000000e+04,5.120000000000000000e+02,-7.840000000000000000e+02,-1.153000000000000000e+03,-6.220000000000000000e+02,-4.200000000000000000e+01
1.679988669728113413e+09,1.658400000000000000e+04,5.120000000000000000e+02,-7.840000000000000000e+02,-1.153000000000000000e+03,-6.220000000000000000e+02,-4.200000000000000000e+01
1.679988669728549480e+09,1.658400000000000000e+04,5.120000000000000000e+02,-7.840000000000000000e+02,-1.153000000000000000e+03,-6.220000000000000000e+02,-4.200000000000000000e+01
1.679988669728854418e+09,1.658400000000000000e+04,5.120000000000000000e+02,-7.840000000000000000e+02,-1.153000000000000000e+03,-6.220000000000000000e+02,-4.200000000000000000e+01
1.679988669729186058e+09,1.658400000000000000e+04,5.120000000000000000e+02,-7.840000000000000000e+02,-1.153000000000000000e+03,-6.220000000000000000e+02,-4.200000000000000000e+01
1.679988669729499578e+09,1.658400000000000000e+04,5.120000000000000000e+02,-7.840000000000000000e+02,-1.153000000000000000e+03,-6.220000000000000000e+02,-4.200000000000000000e+01
1.679988669730138302e+09,1.658400000000000000e+04,5.120000000000000000e+02,-7.840000000000000000e+02,-1.153000000000000000e+03,-6.220000000000000000e+02,-4.200000000000000000e+01
1.679988669730459213e+09,1.658400000000000000e+04,5.120000000000000000e+02,-7.840000000000000000e+02,-1.153000000000000000e+03,-6.220000000000000000e+02,-4.200000000000000000e+01
1.679988669730784655e+09,1.658400000000000000e+04,5.120000000000000000e+02,-7.840000000000000000e+02,-1.153000000000000000e+03,-6.220000000000000000e+02,-4.200000000000000000e+01
1.679988669731181145e+09,1.658400000000000000e+04,5.120000000000000000e+02,-7.840000000000000000e+02,-1.153000000000000000e+03,-6.220000000000000000e+02,-4.200000000000000000e+01
1.679988669731483221e+09,1.658400000000000000e+04,5.120000000000000000e+02,-7.840000000000000000e+02,-1.153000000000000000e+03,-6.220000000000000000e+02,-4.200000000000000000e+01
1.679988669731813908e+09,1.658400000000000000e+04,5.120000000000000000e+02,-7.840000000000000000e+02,-1.153000000000000000e+03,-6.220000000000000000e+02,-4.200000000000000000e+01
1.679988669732155800e+09,1.658400000000000000e+04,5.120000000000000000e+02,-7.840000000000000000e+02,-1.153000000000000000e+03,-6.220000000000000000e+02,-4.200000000000000000e+01
1.679988669732509136e+09,1.658400000000000000e+04,5.120000000000000000e+02,-7.840000000000000000e+02,-1.153000000000000000e+03,-6.220000000000000000e+02,-4.200000000000000000e+01
1.679988669732926369e+09,1.658400000000000000e+04,5.120000000000000000e+02,-7.840000000000000000e+02,-1.153000000000000000e+03,-6.220000000000000000e+02,-4.200000000000000000e+01
1.679988669733331680e+09,1.658400000000000000e+04,5.120000000000000000e+02,-7.840000000000000000e+02,-1.153000000000000000e+03,-6.220000000000000000e+02,-4.200000000000000000e+01
1.679988669734308720e+09,1.658400000000000000e+04,5.120000000000000000e+02,-7.840000000000000000e+02,-1.153000000000000000e+03,-6.220000000000000000e+02,-4.200000000000000000e+01
1.679988669735728979e+09,1.658400000000000000e+04,5.120000000000000000e+02,-7.840000000000000000e+02,-1.153000000000000000e+03,-6.220000000000000000e+02,-4.200000000000000000e+01
1.679988669736116409e+09,1.658400000000000000e+04,5.120000000000000000e+02,-7.840000000000000000e+02,-1.153000000000000000e+03,-6.220000000000000000e+02,-4.200000000000000000e+01
1.679988669736473560e+09,1.658400000000000000e+04,5.120000000000000000e+02,-7.840000000000000000e+02,-1.153000000000000000e+03,-6.220000000000000000e+02,-4.200000000000000000e+01
1.679988669737002850e+09,1.658400000000000000e+04,5.120000000000000000e+02,-7.840000000000000000e+02,-1.153000000000000000e+03,-6.220000000000000000e+02,-4.200000000000000000e+01
1.679988669737433434e+09,1.658400000000000000e+04,5.120000000000000000e+02,-7.840000000000000000e+02,-1.153000000000000000e+03,-6.220000000000000000e+02,-4.200000000000000000e+01
1.679988669737733364e+09,1.658400000000000000e+04,5.120000000000000000e+02,-7.840000000000000000e+02,-1.153000000000000000e+03,-6.220000000000000000e+02,-4.200000000000000000e+01
1.679988669738025427e+09,1.658400000000000000e+04,5.120000000000000000e+02,-7.840000000000000000e+02,-1.153000000000000000e+03,-6.220000000000000000e+02,-4.200000000000000000e+01
1.679988669738332987e+09,1.658400000000000000e+04,5.120000000000000000e+02,-7.840000000000000000e+02,-1.153000000000000000e+03,-6.220000000000000000e+02,-4.200000000000000000e+01
1.679988669738792658e+09,1.658400000000000000e+04,5.120000000000000000e+02,-7.840000000000000000e+02,-1.153000000000000000e+03,-6.220000000000000000e+02,-4.200000000000000000e+01
1.679988669739429712e+09,1.658400000000000000e+04,5.120000000000000000e+02,-7.840000000000000000e+02,-1.153000000000000000e+03,-6.220000000000000000e+02,-4.200000000000000000e+01
1.679988669739733458e+09,1.658400000000000000e+04,5.120000000000000000e+02,-7.840000000000000000e+02,-1.153000000000000000e+03,-6.220000000000000000e+02,-4.200000000000000000e+01
1.679988669740065336e+09,1.658400000000000000e+04,5.120000000000000000e+02,-7.840000000000000000e+02,-1.153000000000000000e+03,-6.220000000000000000e+02,-4.200000000000000000e+01
1.679988669740375757e+09,1.658400000000000000e+04,5.120000000000000000e+02,-7.840000000000000000e+02,-1.153000000000000000e+03,-6.220000000000000000e+02,-4.200000000000000000e+01
1.679988669740807533e+09,1.658400000000000000e+04,5.120000000000000000e+02,-7.840000000000000000e+02,-1.153000000000000000e+03,-6.220000000000000000e+02,-4.200000000000000000e+01
1.679988669741451263e+09,1.658400000000000000e+04,5.120000000000000000e+02,-7.840000000000000000e+02,-1.153000000000000000e+03,-6.220000000000000000e+02,-4.200000000000000000e+01
1.679988669741758108e+09,1.658400000000000000e+04,5.120000000000000000e+02,-7.840000000000000000e+02,-1.153000000000000000e+03,-6.220000000000000000e+02,-4.200000000000000000e+01
1.679988669742087841e+09,1.658400000000000000e+04,5.120000000000000000e+02,-7.840000000000000000e+02,-1.153000000000000000e+03,-6.220000000000000000e+02,-4.200000000000000000e+01
1.679988669742406845e+09,1.658400000000000000e+04,5.120000000000000000e+02,-7.840000000000000000e+02,-1.153000000000000000e+03,-6.220000000000000000e+02,-4.200000000000000000e+01
1.679988669742837191e+09,1.658400000000000000e+04,5.120000000000000000e+02,-7.840000000000000000e+02,-1.153000000000000000e+03,-6.220000000000000000e+02,-4.200000000000000000e+01
1.679988669743501425e+09,1.658400000000000000e+04,5.120000000000000000e+02,-7.840000000000000000e+02,-1.153000000000000000e+03,-6.220000000000000000e+02,-4.200000000000000000e+01
1.679988669743813992e+09,1.658400000000000000e+04,5.120000000000000000e+02,-7.840000000000000000e+02,-1.153000000000000000e+03,-6.220000000000000000e+02,-4.200000000000000000e+01
1.679988669744165421e+09,1.658400000000000000e+04,5.120000000000000000e+02,-7.840000000000000000e+02,-1.153000000000000000e+03,-6.220000000000000000e+02,-4.200000000000000000e+01
1.679988669744606972e+09,1.658400000000000000e+04,5.120000000000000000e+02,-7.840000000000000000e+02,-1.153000000000000000e+03,-6.220000000000000000e+02,-4.200000000000000000e+01
1.679988669745695829e+09,1.658400000000000000e+04,5.120000000000000000e+02,-7.840000000000000000e+02,-1.153000000000000000e+03,-6.220000000000000000e+02,-4.200000000000000000e+01
1.679988669747273445e+09,1.658400000000000000e+04,5.120000000000000000e+02,-7.840000000000000000e+02,-1.153000000000000000e+03,-6.220000000000000000e+02,-4.200000000000000000e+01
1.679988669747728586e+09,1.658400000000000000e+04,5.120000000000000000e+02,-7.840000000000000000e+02,-1.153000000000000000e+03,-6.220000000000000000e+02,-4.200000000000000000e+01
1.679988669749037027e+09,1.658400000000000000e+04,5.120000000000000000e+02,-7.840000000000000000e+02,-1.153000000000000000e+03,-6.220000000000000000e+02,-4.200000000000000000e+01
1.679988669750251055e+09,1.658400000000000000e+04,5.120000000000000000e+02,-7.840000000000000000e+02,-1.153000000000000000e+03,-6.220000000000000000e+02,-4.200000000000000000e+01
1.679988669750868559e+09,1.658400000000000000e+04,5.120000000000000000e+02,-7.840000000000000000e+02,-1.153000000000000000e+03,-6.220000000000000000e+02,-4.200000000000000000e+01
1.679988669751763821e+09,1.658400000000000000e+04,5.120000000000000000e+02,-7.840000000000000000e+02,-1.153000000000000000e+03,-6.220000000000000000e+02,-4.200000000000000000e+01
1.679988669753230095e+09,1.658400000000000000e+04,5.120000000000000000e+02,-7.840000000000000000e+02,-1.153000000000000000e+03,-6.220000000000000000e+02,-4.200000000000000000e+01
1.679988669757906914e+09,1.658400000000000000e+04,5.120000000000000000e+02,-7.840000000000000000e+02,-1.153000000000000000e+03,-6.220000000000000000e+02,-4.200000000000000000e+01
1.679988669761299133e+09,1.658400000000000000e+04,5.120000000000000000e+02,-7.840000000000000000e+02,-1.153000000000000000e+03,-6.220000000000000000e+02,-4.200000000000000000e+01
1.679988669762727499e+09,1.658400000000000000e+04,5.120000000000000000e+02,-7.840000000000000000e+02,-1.153000000000000000e+03,-6.220000000000000000e+02,-4.200000000000000000e+01
1.679988669766101599e+09,1.658400000000000000e+04,5.120000000000000000e+02,-7.840000000000000000e+02,-1.153000000000000000e+03,-6.220000000000000000e+02,-4.200000000000000000e+01
1.679988669766662121e+09,1.658400000000000000e+04,5.120000000000000000e+02,-7.840000000000000000e+02,-1.153000000000000000e+03,-6.220000000000000000e+02,-4.200000000000000000e+01
1.679988669768854380e+09,1.658400000000000000e+04,5.120000000000000000e+02,-7.840000000000000000e+02,-1.153000000000000000e+03,-6.220000000000000000e+02,-4.200000000000000000e+01
1.679988669770043373e+09,1.658400000000000000e+04,5.120000000000000000e+02,-7.840000000000000000e+02,-1.153000000000000000e+03,-6.220000000000000000e+02,-4.200000000000000000e+01
1.679988669770576954e+09,1.658400000000000000e+04,5.120000000000000000e+02,-7.840000000000000000e+02,-1.153000000000000000e+03,-6.220000000000000000e+02,-4.200000000000000000e+01
1.679988669771106958e+09,1.658400000000000000e+04,5.120000000000000000e+02,-7.840000000000000000e+02,-1.153000000000000000e+03,-6.220000000000000000e+02,-4.200000000000000000e+01
1.679988669772401094e+09,1.658400000000000000e+04,5.120000000000000000e+02,-7.840000000000000000e+02,-1.153000000000000000e+03,-6.220000000000000000e+02,-4.200000000000000000e+01
1.679988669772840977e+09,1.658400000000000000e+04,5.120000000000000000e+02,-7.840000000000000000e+02,-1.153000000000000000e+03,-6.220000000000000000e+02,-4.200000000000000000e+01
1.679988669773293018e+09,1.658400000000000000e+04,5.120000000000000000e+02,-7.840000000000000000e+02,-1.153000000000000000e+03,-6.220000000000000000e+02,-4.200000000000000000e+01
1.679988669773969412e+09,1.658400000000000000e+04,5.120000000000000000e+02,-7.840000000000000000e+02,-1.153000000000000000e+03,-6.220000000000000000e+02,-4.200000000000000000e+01
1.679988669774720192e+09,1.658400000000000000e+04,5.120000000000000000e+02,-7.840000000000000000e+02,-1.153000000000000000e+03,-6.220000000000000000e+02,-4.200000000000000000e+01
1.679988669775134802e+09,1.658400000000000000e+04,5.120000000000000000e+02,-7.840000000000000000e+02,-1.153000000000000000e+03,-6.220000000000000000e+02,-4.200000000000000000e+01
1.679988669775926828e+09,1.658400000000000000e+04,5.120000000000000000e+02,-7.840000000000000000e+02,-1.153000000000000000e+03,-6.220000000000000000e+02,-4.200000000000000000e+01
1.679988669776906013e+09,1.658400000000000000e+04,5.120000000000000000e+02,-7.840000000000000000e+02,-1.153000000000000000e+03,-6.220000000000000000e+02,-4.200000000000000000e+01
1.679988669778163671e+09,1.658400000000000000e+04,5.120000000000000000e+02,-7.840000000000000000e+02,-1.153000000000000000e+03,-6.220000000000000000e+02,-4.200000000000000000e+01
1.679988669779477835e+09,1.658400000000000000e+04,5.120000000000000000e+02,-7.840000000000000000e+02,-1.153000000000000000e+03,-6.220000000000000000e+02,-4.200000000000000000e+01
1.679988669780107021e+09,1.658400000000000000e+04,5.120000000000000000e+02,-7.840000000000000000e+02,-1.153000000000000000e+03,-6.220000000000000000e+02,-4.200000000000000000e+01
1.679988669781409502e+09,1.658400000000000000e+04,5.120000000000000000e+02,-7.840000000000000000e+02,-1.153000000000000000e+03,-6.220000000000000000e+02,-4.200000000000000000e+01
1.679988669782020330e+09,1.658400000000000000e+04,5.120000000000000000e+02,-7.840000000000000000e+02,-1.153000000000000000e+03,-6.220000000000000000e+02,-4.200000000000000000e+01
1.679988669783378363e+09,1.658400000000000000e+04,5.120000000000000000e+02,-7.840000000000000000e+02,-1.153000000000000000e+03,-6.220000000000000000e+02,-4.200000000000000000e+01
1.679988669784013987e+09,1.658400000000000000e+04,5.120000000000000000e+02,-7.840000000000000000e+02,-1.153000000000000000e+03,-6.220000000000000000e+02,-4.200000000000000000e+01
1.679988669788363695e+09,1.658400000000000000e+04,5.120000000000000000e+02,-7.840000000000000000e+02,-1.153000000000000000e+03,-6.220000000000000000e+02,-4.200000000000000000e+01
1.679988669792293072e+09,1.658400000000000000e+04,5.120000000000000000e+02,-7.840000000000000000e+02,-1.153000000000000000e+03,-6.220000000000000000e+02,-4.200000000000000000e+01
1.679988669793493986e+09,1.658400000000000000e+04,5.120000000000000000e+02,-7.840000000000000000e+02,-1.153000000000000000e+03,-6.220000000000000000e+02,-4.200000000000000000e+01
1.679988669793987513e+09,1.658400000000000000e+04,5.120000000000000000e+02,-7.840000000000000000e+02,-1.153000000000000000e+03,-6.220000000000000000e+02,-4.200000000000000000e+01
1.679988669795295715e+09,1.658400000000000000e+04,5.120000000000000000e+02,-7.840000000000000000e+02,-1.153000000000000000e+03,-6.220000000000000000e+02,-4.200000000000000000e+01
1.679988669795881510e+09,1.658400000000000000e+04,5.120000000000000000e+02,-7.840000000000000000e+02,-1.153000000000000000e+03,-6.220000000000000000e+02,-4.200000000000000000e+01
1.679988669797266722e+09,1.658400000000000000e+04,5.120000000000000000e+02,-7.840000000000000000e+02,-1.153000000000000000e+03,-6.220000000000000000e+02,-4.200000000000000000e+01
1.679988669797761679e+09,1.658400000000000000e+04,5.120000000000000000e+02,-7.840000000000000000e+02,-1.153000000000000000e+03,-6.220000000000000000e+02,-4.200000000000000000e+01
1.679988669799093962e+09,1.658400000000000000e+04,5.120000000000000000e+02,-7.840000000000000000e+02,-1.153000000000000000e+03,-6.220000000000000000e+02,-4.200000000000000000e+01
1.679988669799586773e+09,1.658400000000000000e+04,5.120000000000000000e+02,-7.840000000000000000e+02,-1.153000000000000000e+03,-6.220000000000000000e+02,-4.200000000000000000e+01
1.679988669801214933e+09,1.658400000000000000e+04,5.120000000000000000e+02,-7.840000000000000000e+02,-1.153000000000000000e+03,-6.220000000000000000e+02,-4.200000000000000000e+01
1.679988669801711798e+09,1.658400000000000000e+04,5.120000000000000000e+02,-7.840000000000000000e+02,-1.153000000000000000e+03,-6.220000000000000000e+02,-4.200000000000000000e+01
1.679988669803026199e+09,1.658400000000000000e+04,5.120000000000000000e+02,-7.840000000000000000e+02,-1.153000000000000000e+03,-6.220000000000000000e+02,-4.200000000000000000e+01
1.679988669803495407e+09,1.658400000000000000e+04,5.120000000000000000e+02,-7.840000000000000000e+02,-1.153000000000000000e+03,-6.220000000000000000e+02,-4.200000000000000000e+01
1.679988669804836273e+09,1.658400000000000000e+04,5.120000000000000000e+02,-7.840000000000000000e+02,-1.153000000000000000e+03,-6.220000000000000000e+02,-4.200000000000000000e+01
1.679988669805325747e+09,1.658400000000000000e+04,5.120000000000000000e+02,-7.840000000000000000e+02,-1.153000000000000000e+03,-6.220000000000000000e+02,-4.200000000000000000e+01
1.679988669806746006e+09,1.658400000000000000e+04,5.120000000000000000e+02,-7.840000000000000000e+02,-1.153000000000000000e+03,-6.220000000000000000e+02,-4.200000000000000000e+01
1.679988669807223082e+09,1.658400000000000000e+04,5.120000000000000000e+02,-7.840000000000000000e+02,-1.153000000000000000e+03,-6.220000000000000000e+02,-4.200000000000000000e+01
1.679988669808896065e+09,1.658400000000000000e+04,5.120000000000000000e+02,-7.840000000000000000e+02,-1.153000000000000000e+03,-6.220000000000000000e+02,-4.200000000000000000e+01
1.679988669809520960e+09,1.658400000000000000e+04,5.120000000000000000e+02,-7.840000000000000000e+02,-1.153000000000000000e+03,-6.220000000000000000e+02,-4.200000000000000000e+01
1.679988669810728550e+09,1.658400000000000000e+04,5.120000000000000000e+02,-7.840000000000000000e+02,-1.153000000000000000e+03,-6.220000000000000000e+02,-4.200000000000000000e+01
1.679988669811325550e+09,1.658400000000000000e+04,5.120000000000000000e+02,-7.840000000000000000e+02,-1.153000000000000000e+03,-6.220000000000000000e+02,-4.200000000000000000e+01
1.679988669812601566e+09,1.658400000000000000e+04,5.120000000000000000e+02,-7.840000000000000000e+02,-1.153000000000000000e+03,-6.220000000000000000e+02,-4.200000000000000000e+01
1.679988669813232422e+09,1.658400000000000000e+04,5.120000000000000000e+02,-7.840000000000000000e+02,-1.153000000000000000e+03,-6.220000000000000000e+02,-4.200000000000000000e+01
1.679988669814497471e+09,1.658400000000000000e+04,5.120000000000000000e+02,-7.840000000000000000e+02,-1.153000000000000000e+03,-6.220000000000000000e+02,-4.200000000000000000e+01
1.679988669815130711e+09,1.658400000000000000e+04,5.120000000000000000e+02,-7.840000000000000000e+02,-1.153000000000000000e+03,-6.220000000000000000e+02,-4.200000000000000000e+01
1.679988669816404819e+09,1.658400000000000000e+04,5.120000000000000000e+02,-7.840000000000000000e+02,-1.153000000000000000e+03,-6.220000000000000000e+02,-4.200000000000000000e+01
1.679988669816984653e+09,1.658400000000000000e+04,5.120000000000000000e+02,-7.840000000000000000e+02,-1.153000000000000000e+03,-6.220000000000000000e+02,-4.200000000000000000e+01
1.679988669818529844e+09,1.658400000000000000e+04,5.120000000000000000e+02,-7.840000000000000000e+02,-1.153000000000000000e+03,-6.220000000000000000e+02,-4.200000000000000000e+01
1.679988669819133997e+09,1.658400000000000000e+04,5.120000000000000000e+02,-7.840000000000000000e+02,-1.153000000000000000e+03,-6.220000000000000000e+02,-4.200000000000000000e+01
1.679988669820403814e+09,1.658400000000000000e+04,5.120000000000000000e+02,-7.840000000000000000e+02,-1.153000000000000000e+03,-6.220000000000000000e+02,-4.200000000000000000e+01
1.679988669821021795e+09,1.658400000000000000e+04,5.120000000000000000e+02,-7.840000000000000000e+02,-1.153000000000000000e+03,-6.220000000000000000e+02,-4.200000000000000000e+01
1.679988669822265863e+09,1.658400000000000000e+04,5.120000000000000000e+02,-7.840000000000000000e+02,-1.153000000000000000e+03,-6.220000000000000000e+02,-4.200000000000000000e+01
1.679988669822885036e+09,1.658400000000000000e+04,5.120000000000000000e+02,-7.840000000000000000e+02,-1.153000000000000000e+03,-6.220000000000000000e+02,-4.200000000000000000e+01
1.679988669824139357e+09,1.658400000000000000e+04,5.120000000000000000e+02,-7.840000000000000000e+02,-1.153000000000000000e+03,-6.220000000000000000e+02,-4.200000000000000000e+01
1.679988669824754238e+09,1.658400000000000000e+04,5.120000000000000000e+02,-7.840000000000000000e+02,-1.153000000000000000e+03,-6.220000000000000000e+02,-4.200000000000000000e+01
1.679988669826491594e+09,1.658400000000000000e+04,5.120000000000000000e+02,-7.840000000000000000e+02,-1.153000000000000000e+03,-6.220000000000000000e+02,-4.200000000000000000e+01
1.679988669827132225e+09,1.658400000000000000e+04,5.120000000000000000e+02,-7.840000000000000000e+02,-1.153000000000000000e+03,-6.220000000000000000e+02,-4.200000000000000000e+01
1.679988669828328371e+09,1.658400000000000000e+04,5.120000000000000000e+02,-7.840000000000000000e+02,-1.153000000000000000e+03,-6.220000000000000000e+02,-4.200000000000000000e+01
1.679988669829007387e+09,1.658400000000000000e+04,5.120000000000000000e+02,-7.840000000000000000e+02,-1.153000000000000000e+03,-6.220000000000000000e+02,-4.200000000000000000e+01
1.679988669830214739e+09,1.658400000000000000e+04,5.120000000000000000e+02,-7.840000000000000000e+02,-1.153000000000000000e+03,-6.220000000000000000e+02,-4.200000000000000000e+01
1.679988669830839157e+09,1.658400000000000000e+04,5.120000000000000000e+02,-7.840000000000000000e+02,-1.153000000000000000e+03,-6.220000000000000000e+02,-4.200000000000000000e+01
1.679988669832067490e+09,1.658400000000000000e+04,5.120000000000000000e+02,-7.840000000000000000e+02,-1.153000000000000000e+03,-6.220000000000000000e+02,-4.200000000000000000e+01
1.679988669832743645e+09,1.658400000000000000e+04,5.120000000000000000e+02,-7.840000000000000000e+02,-1.153000000000000000e+03,-6.220000000000000000e+02,-4.200000000000000000e+01
1.679988669833954096e+09,1.658400000000000000e+04,5.120000000000000000e+02,-7.840000000000000000e+02,-1.153000000000000000e+03,-6.220000000000000000e+02,-4.200000000000000000e+01
1.679988669834858179e+09,1.658400000000000000e+04,5.120000000000000000e+02,-7.840000000000000000e+02,-1.153000000000000000e+03,-6.220000000000000000e+02,-4.200000000000000000e+01
1.679988669836300611e+09,1.658400000000000000e+04,5.120000000000000000e+02,-7.840000000000000000e+02,-1.153000000000000000e+03,-6.220000000000000000e+02,-4.200000000000000000e+01
1.679988669836743355e+09,1.658400000000000000e+04,5.120000000000000000e+02,-7.840000000000000000e+02,-1.153000000000000000e+03,-6.220000000000000000e+02,-4.200000000000000000e+01
1.679988669838107586e+09,1.658400000000000000e+04,5.120000000000000000e+02,-7.840000000000000000e+02,-1.153000000000000000e+03,-6.220000000000000000e+02,-4.200000000000000000e+01
1.679988669838564634e+09,1.658400000000000000e+04,5.120000000000000000e+02,-7.840000000000000000e+02,-1.153000000000000000e+03,-6.220000000000000000e+02,-4.200000000000000000e+01
1.679988669839951277e+09,1.658400000000000000e+04,5.120000000000000000e+02,-7.840000000000000000e+02,-1.153000000000000000e+03,-6.220000000000000000e+02,-4.200000000000000000e+01
1.679988669840357780e+09,1.658400000000000000e+04,5.120000000000000000e+02,-7.840000000000000000e+02,-1.153000000000000000e+03,-6.220000000000000000e+02,-4.200000000000000000e+01
1.679988669841797352e+09,1.658400000000000000e+04,5.120000000000000000e+02,-7.840000000000000000e+02,-1.153000000000000000e+03,-6.220000000000000000e+02,-4.200000000000000000e+01
1.679988669842239141e+09,1.658400000000000000e+04,5.120000000000000000e+02,-7.840000000000000000e+02,-1.153000000000000000e+03,-6.220000000000000000e+02,-4.200000000000000000e+01
1.679988669843870640e+09,1.658400000000000000e+04,5.120000000000000000e+02,-7.840000000000000000e+02,-1.153000000000000000e+03,-6.220000000000000000e+02,-4.200000000000000000e+01
1.679988669844325304e+09,1.658400000000000000e+04,5.120000000000000000e+02,-7.840000000000000000e+02,-1.153000000000000000e+03,-6.220000000000000000e+02,-4.200000000000000000e+01
1.679988669845739603e+09,1.658400000000000000e+04,5.120000000000000000e+02,-7.840000000000000000e+02,-1.153000000000000000e+03,-6.220000000000000000e+02,-4.200000000000000000e+01
1.679988669846182108e+09,1.658400000000000000e+04,5.120000000000000000e+02,-7.840000000000000000e+02,-1.153000000000000000e+03,-6.220000000000000000e+02,-4.200000000000000000e+01
1.679988669847554207e+09,1.658400000000000000e+04,5.120000000000000000e+02,-7.840000000000000000e+02,-1.153000000000000000e+03,-6.220000000000000000e+02,-4.200000000000000000e+01
1.679988669847997189e+09,1.658400000000000000e+04,5.120000000000000000e+02,-7.840000000000000000e+02,-1.153000000000000000e+03,-6.220000000000000000e+02,-4.200000000000000000e+01
1.679988669849369764e+09,1.658400000000000000e+04,5.120000000000000000e+02,-7.840000000000000000e+02,-1.153000000000000000e+03,-6.220000000000000000e+02,-4.200000000000000000e+01
1.679988669849832296e+09,1.658400000000000000e+04,5.120000000000000000e+02,-7.840000000000000000e+02,-1.153000000000000000e+03,-6.220000000000000000e+02,-4.200000000000000000e+01
1.679988669851257086e+09,1.658400000000000000e+04,5.120000000000000000e+02,-7.840000000000000000e+02,-1.153000000000000000e+03,-6.220000000000000000e+02,-4.200000000000000000e+01
1.679988669851853132e+09,1.658400000000000000e+04,5.120000000000000000e+02,-7.840000000000000000e+02,-1.153000000000000000e+03,-6.220000000000000000e+02,-4.200000000000000000e+01
1.679988669853612661e+09,1.658400000000000000e+04,5.120000000000000000e+02,-7.840000000000000000e+02,-1.153000000000000000e+03,-6.220000000000000000e+02,-4.200000000000000000e+01
1.679988669854274511e+09,1.658400000000000000e+04,5.120000000000000000e+02,-7.840000000000000000e+02,-1.153000000000000000e+03,-6.220000000000000000e+02,-4.200000000000000000e+01
1.679988669855578423e+09,1.658400000000000000e+04,5.120000000000000000e+02,-7.840000000000000000e+02,-1.153000000000000000e+03,-6.220000000000000000e+02,-4.200000000000000000e+01
1.679988669856208086e+09,1.658400000000000000e+04,5.120000000000000000e+02,-7.840000000000000000e+02,-1.153000000000000000e+03,-6.220000000000000000e+02,-4.200000000000000000e+01
1.679988669857442856e+09,1.658400000000000000e+04,5.120000000000000000e+02,-7.840000000000000000e+02,-1.153000000000000000e+03,-6.220000000000000000e+02,-4.200000000000000000e+01
1.679988669858021975e+09,1.658400000000000000e+04,5.120000000000000000e+02,-7.840000000000000000e+02,-1.153000000000000000e+03,-6.220000000000000000e+02,-4.200000000000000000e+01
1.679988669859286070e+09,1.658400000000000000e+04,5.120000000000000000e+02,-7.840000000000000000e+02,-1.153000000000000000e+03,-6.220000000000000000e+02,-4.200000000000000000e+01
1.679988669859914541e+09,1.658400000000000000e+04,5.120000000000000000e+02,-7.840000000000000000e+02,-1.153000000000000000e+03,-6.220000000000000000e+02,-4.200000000000000000e+01
1.679988669861598253e+09,1.658400000000000000e+04,5.120000000000000000e+02,-7.840000000000000000e+02,-1.153000000000000000e+03,-6.220000000000000000e+02,-4.200000000000000000e+01
1.679988669862272263e+09,1.658400000000000000e+04,5.120000000000000000e+02,-7.840000000000000000e+02,-1.153000000000000000e+03,-6.220000000000000000e+02,-4.200000000000000000e+01
1.679988669863514185e+09,1.658400000000000000e+04,5.120000000000000000e+02,-7.840000000000000000e+02,-1.153000000000000000e+03,-6.220000000000000000e+02,-4.200000000000000000e+01
1.679988669864143848e+09,1.658400000000000000e+04,5.120000000000000000e+02,-7.840000000000000000e+02,-1.153000000000000000e+03,-6.220000000000000000e+02,-4.200000000000000000e+01
1.679988669865384817e+09,1.658400000000000000e+04,5.120000000000000000e+02,-7.840000000000000000e+02,-1.153000000000000000e+03,-6.220000000000000000e+02,-4.200000000000000000e+01
1.679988669866092205e+09,1.658400000000000000e+04,5.120000000000000000e+02,-7.840000000000000000e+02,-1.153000000000000000e+03,-6.220000000000000000e+02,-4.200000000000000000e+01
1.679988669867415190e+09,1.658400000000000000e+04,5.120000000000000000e+02,-7.840000000000000000e+02,-1.153000000000000000e+03,-6.220000000000000000e+02,-4.200000000000000000e+01
1.679988669868034124e+09,1.658400000000000000e+04,5.120000000000000000e+02,-7.840000000000000000e+02,-1.153000000000000000e+03,-6.220000000000000000e+02,-4.200000000000000000e+01
1.679988669869678259e+09,1.658400000000000000e+04,5.120000000000000000e+02,-7.840000000000000000e+02,-1.153000000000000000e+03,-6.220000000000000000e+02,-4.200000000000000000e+01
1.679988669870149136e+09,1.658400000000000000e+04,5.120000000000000000e+02,-7.840000000000000000e+02,-1.153000000000000000e+03,-6.220000000000000000e+02,-4.200000000000000000e+01
1.679988669871482611e+09,1.658400000000000000e+04,5.120000000000000000e+02,-7.840000000000000000e+02,-1.153000000000000000e+03,-6.220000000000000000e+02,-4.200000000000000000e+01
1.679988669871931314e+09,1.658400000000000000e+04,5.120000000000000000e+02,-7.840000000000000000e+02,-1.153000000000000000e+03,-6.220000000000000000e+02,-4.200000000000000000e+01
1.679988669873355865e+09,1.658400000000000000e+04,5.120000000000000000e+02,-7.840000000000000000e+02,-1.153000000000000000e+03,-6.220000000000000000e+02,-4.200000000000000000e+01
1.679988669873805523e+09,1.658400000000000000e+04,5.120000000000000000e+02,-7.840000000000000000e+02,-1.153000000000000000e+03,-6.220000000000000000e+02,-4.200000000000000000e+01
1.679988669875178576e+09,1.658400000000000000e+04,5.120000000000000000e+02,-7.840000000000000000e+02,-1.153000000000000000e+03,-6.220000000000000000e+02,-4.200000000000000000e+01
1.679988669875701666e+09,1.658400000000000000e+04,5.120000000000000000e+02,-7.840000000000000000e+02,-1.153000000000000000e+03,-6.220000000000000000e+02,-4.200000000000000000e+01
1.679988669877107859e+09,1.658400000000000000e+04,5.120000000000000000e+02,-7.840000000000000000e+02,-1.153000000000000000e+03,-6.220000000000000000e+02,-4.200000000000000000e+01
1.679988669877567053e+09,1.658400000000000000e+04,5.120000000000000000e+02,-7.840000000000000000e+02,-1.153000000000000000e+03,-6.220000000000000000e+02,-4.200000000000000000e+01
1.679988669879752636e+09,1.658400000000000000e+04,5.120000000000000000e+02,-7.840000000000000000e+02,-1.153000000000000000e+03,-6.220000000000000000e+02,-4.200000000000000000e+01
1.679988669880410433e+09,1.658400000000000000e+04,5.120000000000000000e+02,-7.840000000000000000e+02,-1.153000000000000000e+03,-6.220000000000000000e+02,-4.200000000000000000e+01
1.679988669881677866e+09,1.658400000000000000e+04,5.120000000000000000e+02,-7.840000000000000000e+02,-1.153000000000000000e+03,-6.220000000000000000e+02,-4.200000000000000000e+01
1.679988669882300138e+09,1.658400000000000000e+04,5.120000000000000000e+02,-7.840000000000000000e+02,-1.153000000000000000e+03,-6.220000000000000000e+02,-4.200000000000000000e+01
1.679988669883588552e+09,1.658400000000000000e+04,5.120000000000000000e+02,-7.840000000000000000e+02,-1.153000000000000000e+03,-6.220000000000000000e+02,-4.200000000000000000e+01
1.679988669884202957e+09,1.658400000000000000e+04,5.120000000000000000e+02,-7.840000000000000000e+02,-1.153000000000000000e+03,-6.220000000000000000e+02,-4.200000000000000000e+01
1.679988669885476828e+09,1.658400000000000000e+04,5.120000000000000000e+02,-7.840000000000000000e+02,-1.153000000000000000e+03,-6.220000000000000000e+02,-4.200000000000000000e+01
1.679988669886106253e+09,1.658400000000000000e+04,5.120000000000000000e+02,-7.840000000000000000e+02,-1.153000000000000000e+03,-6.220000000000000000e+02,-4.200000000000000000e+01
1.679988669887388945e+09,1.658400000000000000e+04,5.120000000000000000e+02,-7.840000000000000000e+02,-1.153000000000000000e+03,-6.220000000000000000e+02,-4.200000000000000000e+01
1.679988669888030052e+09,1.658400000000000000e+04,5.120000000000000000e+02,-7.840000000000000000e+02,-1.153000000000000000e+03,-6.220000000000000000e+02,-4.200000000000000000e+01
1.679988669889292717e+09,1.658400000000000000e+04,5.120000000000000000e+02,-7.840000000000000000e+02,-1.153000000000000000e+03,-6.220000000000000000e+02,-4.200000000000000000e+01
1.679988669889908314e+09,1.658400000000000000e+04,5.120000000000000000e+02,-7.840000000000000000e+02,-1.153000000000000000e+03,-6.220000000000000000e+02,-4.200000000000000000e+01
1.679988669891157389e+09,1.658400000000000000e+04,5.120000000000000000e+02,-7.840000000000000000e+02,-1.153000000000000000e+03,-6.220000000000000000e+02,-4.200000000000000000e+01
1.679988669891763687e+09,1.658400000000000000e+04,5.120000000000000000e+02,-7.840000000000000000e+02,-1.153000000000000000e+03,-6.220000000000000000e+02,-4.200000000000000000e+01
1.679988669893040895e+09,1.658400000000000000e+04,5.120000000000000000e+02,-7.840000000000000000e+02,-1.153000000000000000e+03,-6.220000000000000000e+02,-4.200000000000000000e+01
1.679988669893680811e+09,1.658400000000000000e+04,5.120000000000000000e+02,-7.840000000000000000e+02,-1.153000000000000000e+03,-6.220000000000000000e+02,-4.200000000000000000e+01
1.679988669894953966e+09,1.658400000000000000e+04,5.120000000000000000e+02,-7.840000000000000000e+02,-1.153000000000000000e+03,-6.220000000000000000e+02,-4.200000000000000000e+01
1.679988669895626068e+09,1.658400000000000000e+04,5.120000000000000000e+02,-7.840000000000000000e+02,-1.153000000000000000e+03,-6.220000000000000000e+02,-4.200000000000000000e+01
1.679988669896883965e+09,1.658400000000000000e+04,5.120000000000000000e+02,-7.840000000000000000e+02,-1.153000000000000000e+03,-6.220000000000000000e+02,-4.200000000000000000e+01
1.679988669897503853e+09,1.658400000000000000e+04,5.120000000000000000e+02,-7.840000000000000000e+02,-1.153000000000000000e+03,-6.220000000000000000e+02,-4.200000000000000000e+01
1.679988669898780823e+09,1.658400000000000000e+04,5.120000000000000000e+02,-7.840000000000000000e+02,-1.153000000000000000e+03,-6.220000000000000000e+02,-4.200000000000000000e+01
1.679988669899431705e+09,1.658400000000000000e+04,5.120000000000000000e+02,-7.840000000000000000e+02,-1.153000000000000000e+03,-6.220000000000000000e+02,-4.200000000000000000e+01
1.679988669900704622e+09,1.658400000000000000e+04,5.120000000000000000e+02,-7.840000000000000000e+02,-1.153000000000000000e+03,-6.220000000000000000e+02,-4.200000000000000000e+01
1.679988669901303768e+09,1.658400000000000000e+04,5.120000000000000000e+02,-7.840000000000000000e+02,-1.153000000000000000e+03,-6.220000000000000000e+02,-4.200000000000000000e+01
1.679988669902577400e+09,1.658400000000000000e+04,5.120000000000000000e+02,-7.840000000000000000e+02,-1.153000000000000000e+03,-6.220000000000000000e+02,-4.200000000000000000e+01
1.679988669903187752e+09,1.658400000000000000e+04,5.120000000000000000e+02,-7.840000000000000000e+02,-1.153000000000000000e+03,-6.220000000000000000e+02,-4.200000000000000000e+01
1.679988669904473782e+09,1.658400000000000000e+04,5.120000000000000000e+02,-7.840000000000000000e+02,-1.153000000000000000e+03,-6.220000000000000000e+02,-4.200000000000000000e+01
1.679988669905121088e+09,1.658400000000000000e+04,5.120000000000000000e+02,-7.840000000000000000e+02,-1.153000000000000000e+03,-6.220000000000000000e+02,-4.200000000000000000e+01
1.679988669906636238e+09,1.658400000000000000e+04,5.120000000000000000e+02,-7.840000000000000000e+02,-1.153000000000000000e+03,-6.220000000000000000e+02,-4.200000000000000000e+01
1.679988669907256842e+09,1.658400000000000000e+04,5.120000000000000000e+02,-7.840000000000000000e+02,-1.153000000000000000e+03,-6.220000000000000000e+02,-4.200000000000000000e+01
1.679988669908459187e+09,1.658400000000000000e+04,5.120000000000000000e+02,-7.840000000000000000e+02,-1.153000000000000000e+03,-6.220000000000000000e+02,-4.200000000000000000e+01
1.679988669908959389e+09,1.658400000000000000e+04,5.120000000000000000e+02,-7.840000000000000000e+02,-1.153000000000000000e+03,-6.220000000000000000e+02,-4.200000000000000000e+01
1.679988669910283566e+09,1.658400000000000000e+04,5.120000000000000000e+02,-7.840000000000000000e+02,-1.153000000000000000e+03,-6.220000000000000000e+02,-4.200000000000000000e+01
1.679988669910811901e+09,1.658400000000000000e+04,5.120000000000000000e+02,-7.840000000000000000e+02,-1.153000000000000000e+03,-6.220000000000000000e+02,-4.200000000000000000e+01
1.679988669912154913e+09,1.658400000000000000e+04,5.120000000000000000e+02,-7.840000000000000000e+02,-1.153000000000000000e+03,-6.220000000000000000e+02,-4.200000000000000000e+01
1.679988669912652016e+09,1.658400000000000000e+04,5.120000000000000000e+02,-7.840000000000000000e+02,-1.153000000000000000e+03,-6.220000000000000000e+02,-4.200000000000000000e+01
1.679988669914068222e+09,1.658400000000000000e+04,5.120000000000000000e+02,-7.840000000000000000e+02,-1.153000000000000000e+03,-6.220000000000000000e+02,-4.200000000000000000e+01
1.679988669914555073e+09,1.658400000000000000e+04,5.120000000000000000e+02,-7.840000000000000000e+02,-1.153000000000000000e+03,-6.220000000000000000e+02,-4.200000000000000000e+01
1.679988669916001558e+09,1.658400000000000000e+04,5.120000000000000000e+02,-7.840000000000000000e+02,-1.153000000000000000e+03,-6.220000000000000000e+02,-4.200000000000000000e+01
1.679988669916490316e+09,1.658400000000000000e+04,5.120000000000000000e+02,-7.840000000000000000e+02,-1.153000000000000000e+03,-6.220000000000000000e+02,-4.200000000000000000e+01
1.679988669917868137e+09,1.658400000000000000e+04,5.120000000000000000e+02,-7.840000000000000000e+02,-1.153000000000000000e+03,-6.220000000000000000e+02,-4.200000000000000000e+01
1.679988669918352842e+09,1.658400000000000000e+04,5.120000000000000000e+02,-7.840000000000000000e+02,-1.153000000000000000e+03,-6.220000000000000000e+02,-4.200000000000000000e+01
1.679988669919743061e+09,1.658400000000000000e+04,5.120000000000000000e+02,-7.840000000000000000e+02,-1.153000000000000000e+03,-6.220000000000000000e+02,-4.200000000000000000e+01
1.679988669920235634e+09,1.658400000000000000e+04,5.120000000000000000e+02,-7.840000000000000000e+02,-1.153000000000000000e+03,-6.220000000000000000e+02,-4.200000000000000000e+01
1.679988669921640873e+09,1.658400000000000000e+04,5.120000000000000000e+02,-7.840000000000000000e+02,-1.153000000000000000e+03,-6.220000000000000000e+02,-4.200000000000000000e+01
1.679988669922126770e+09,1.658400000000000000e+04,5.120000000000000000e+02,-7.840000000000000000e+02,-1.153000000000000000e+03,-6.220000000000000000e+02,-4.200000000000000000e+01
1.679988669923520565e+09,1.658400000000000000e+04,5.120000000000000000e+02,-7.840000000000000000e+02,-1.153000000000000000e+03,-6.220000000000000000e+02,-4.200000000000000000e+01
1.679988669923997879e+09,1.658400000000000000e+04,5.120000000000000000e+02,-7.840000000000000000e+02,-1.153000000000000000e+03,-6.220000000000000000e+02,-4.200000000000000000e+01
1.679988669925399303e+09,1.658400000000000000e+04,5.120000000000000000e+02,-7.840000000000000000e+02,-1.153000000000000000e+03,-6.220000000000000000e+02,-4.200000000000000000e+01
1.679988669926004648e+09,1.658400000000000000e+04,5.120000000000000000e+02,-7.840000000000000000e+02,-1.153000000000000000e+03,-6.220000000000000000e+02,-4.200000000000000000e+01
1.679988669927372694e+09,1.658400000000000000e+04,5.120000000000000000e+02,-7.840000000000000000e+02,-1.153000000000000000e+03,-6.220000000000000000e+02,-4.200000000000000000e+01
1.679988669927855730e+09,1.658400000000000000e+04,5.120000000000000000e+02,-7.840000000000000000e+02,-1.153000000000000000e+03,-6.220000000000000000e+02,-4.200000000000000000e+01
1.679988669929249525e+09,1.658400000000000000e+04,5.120000000000000000e+02,-7.840000000000000000e+02,-1.153000000000000000e+03,-6.220000000000000000e+02,-4.200000000000000000e+01
1.679988669929744959e+09,1.658400000000000000e+04,5.120000000000000000e+02,-7.840000000000000000e+02,-1.153000000000000000e+03,-6.220000000000000000e+02,-4.200000000000000000e+01
1.679988669931105852e+09,1.658400000000000000e+04,5.120000000000000000e+02,-7.840000000000000000e+02,-1.153000000000000000e+03,-6.220000000000000000e+02,-4.200000000000000000e+01
1.679988669931590080e+09,1.658400000000000000e+04,5.120000000000000000e+02,-7.840000000000000000e+02,-1.153000000000000000e+03,-6.220000000000000000e+02,-4.200000000000000000e+01
1.679988669933001280e+09,1.658400000000000000e+04,5.120000000000000000e+02,-7.840000000000000000e+02,-1.153000000000000000e+03,-6.220000000000000000e+02,-4.200000000000000000e+01
1.679988669933478355e+09,1.658400000000000000e+04,5.120000000000000000e+02,-7.840000000000000000e+02,-1.153000000000000000e+03,-6.220000000000000000e+02,-4.200000000000000000e+01
1.679988669934912920e+09,1.658400000000000000e+04,5.120000000000000000e+02,-7.840000000000000000e+02,-1.153000000000000000e+03,-6.220000000000000000e+02,-4.200000000000000000e+01
1.679988669935577393e+09,1.658400000000000000e+04,5.120000000000000000e+02,-7.840000000000000000e+02,-1.153000000000000000e+03,-6.220000000000000000e+02,-4.200000000000000000e+01
1.679988669937114477e+09,1.658400000000000000e+04,5.120000000000000000e+02,-7.840000000000000000e+02,-1.153000000000000000e+03,-6.220000000000000000e+02,-4.200000000000000000e+01
1.679988669937699795e+09,1.658400000000000000e+04,5.120000000000000000e+02,-7.840000000000000000e+02,-1.153000000000000000e+03,-6.220000000000000000e+02,-4.200000000000000000e+01
1.679988669939018726e+09,1.658400000000000000e+04,5.120000000000000000e+02,-7.840000000000000000e+02,-1.153000000000000000e+03,-6.220000000000000000e+02,-4.200000000000000000e+01
1.679988669939505100e+09,1.658400000000000000e+04,5.120000000000000000e+02,-7.840000000000000000e+02,-1.153000000000000000e+03,-6.220000000000000000e+02,-4.200000000000000000e+01
1.679988669940899611e+09,1.658400000000000000e+04,5.120000000000000000e+02,-7.840000000000000000e+02,-1.153000000000000000e+03,-6.220000000000000000e+02,-4.200000000000000000e+01
1.679988669941377640e+09,1.658400000000000000e+04,5.120000000000000000e+02,-7.840000000000000000e+02,-1.153000000000000000e+03,-6.220000000000000000e+02,-4.200000000000000000e+01
1.679988669942756653e+09,1.658400000000000000e+04,5.120000000000000000e+02,-7.840000000000000000e+02,-1.153000000000000000e+03,-6.220000000000000000e+02,-4.200000000000000000e+01
1.679988669943252325e+09,1.658400000000000000e+04,5.120000000000000000e+02,-7.840000000000000000e+02,-1.153000000000000000e+03,-6.220000000000000000e+02,-4.200000000000000000e+01
1.679988669944646358e+09,1.658400000000000000e+04,5.120000000000000000e+02,-7.840000000000000000e+02,-1.153000000000000000e+03,-6.220000000000000000e+02,-4.200000000000000000e+01
1.679988669945125580e+09,1.658400000000000000e+04,5.120000000000000000e+02,-7.840000000000000000e+02,-1.153000000000000000e+03,-6.220000000000000000e+02,-4.200000000000000000e+01
1.679988669946570396e+09,1.658400000000000000e+04,5.120000000000000000e+02,-7.840000000000000000e+02,-1.153000000000000000e+03,-6.220000000000000000e+02,-4.200000000000000000e+01
1.679988669947038174e+09,1.658400000000000000e+04,5.120000000000000000e+02,-7.840000000000000000e+02,-1.153000000000000000e+03,-6.220000000000000000e+02,-4.200000000000000000e+01
1.679988669948426008e+09,1.658400000000000000e+04,5.120000000000000000e+02,-7.840000000000000000e+02,-1.153000000000000000e+03,-6.220000000000000000e+02,-4.200000000000000000e+01
1.679988669948930502e+09,1.658400000000000000e+04,5.120000000000000000e+02,-7.840000000000000000e+02,-1.153000000000000000e+03,-6.220000000000000000e+02,-4.200000000000000000e+01
1.679988669950327396e+09,1.658400000000000000e+04,5.120000000000000000e+02,-7.840000000000000000e+02,-1.153000000000000000e+03,-6.220000000000000000e+02,-4.200000000000000000e+01
1.679988669950813770e+09,1.658400000000000000e+04,5.120000000000000000e+02,-7.840000000000000000e+02,-1.153000000000000000e+03,-6.220000000000000000e+02,-4.200000000000000000e+01
1.679988669952194214e+09,1.658400000000000000e+04,5.120000000000000000e+02,-7.840000000000000000e+02,-1.153000000000000000e+03,-6.220000000000000000e+02,-4.200000000000000000e+01
1.679988669952658653e+09,1.658400000000000000e+04,5.120000000000000000e+02,-7.840000000000000000e+02,-1.153000000000000000e+03,-6.220000000000000000e+02,-4.200000000000000000e+01
1.679988669954049587e+09,1.658400000000000000e+04,5.120000000000000000e+02,-7.840000000000000000e+02,-1.153000000000000000e+03,-6.220000000000000000e+02,-4.200000000000000000e+01
1.679988669954551458e+09,1.658400000000000000e+04,5.120000000000000000e+02,-7.840000000000000000e+02,-1.153000000000000000e+03,-6.220000000000000000e+02,-4.200000000000000000e+01
1.679988669956041813e+09,1.658400000000000000e+04,5.120000000000000000e+02,-7.840000000000000000e+02,-1.153000000000000000e+03,-6.220000000000000000e+02,-4.200000000000000000e+01
1.679988669956545830e+09,1.658400000000000000e+04,5.120000000000000000e+02,-7.840000000000000000e+02,-1.153000000000000000e+03,-6.220000000000000000e+02,-4.200000000000000000e+01
1.679988669957909107e+09,1.658400000000000000e+04,5.120000000000000000e+02,-7.840000000000000000e+02,-1.153000000000000000e+03,-6.220000000000000000e+02,-4.200000000000000000e+01
1.679988669958390236e+09,1.658400000000000000e+04,5.120000000000000000e+02,-7.840000000000000000e+02,-1.153000000000000000e+03,-6.220000000000000000e+02,-4.200000000000000000e+01
1.679988669959776878e+09,1.658400000000000000e+04,5.120000000000000000e+02,-7.840000000000000000e+02,-1.153000000000000000e+03,-6.220000000000000000e+02,-4.200000000000000000e+01
1.679988669960256577e+09,1.658400000000000000e+04,5.120000000000000000e+02,-7.840000000000000000e+02,-1.153000000000000000e+03,-6.220000000000000000e+02,-4.200000000000000000e+01
1.679988669961674213e+09,1.658400000000000000e+04,5.120000000000000000e+02,-7.840000000000000000e+02,-1.153000000000000000e+03,-6.220000000000000000e+02,-4.200000000000000000e+01
1.679988669962172747e+09,1.658400000000000000e+04,5.120000000000000000e+02,-7.840000000000000000e+02,-1.153000000000000000e+03,-6.220000000000000000e+02,-4.200000000000000000e+01
1.679988669963573217e+09,1.658400000000000000e+04,5.120000000000000000e+02,-7.840000000000000000e+02,-1.153000000000000000e+03,-6.220000000000000000e+02,-4.200000000000000000e+01
1.679988669964062691e+09,1.658400000000000000e+04,5.120000000000000000e+02,-7.840000000000000000e+02,-1.153000000000000000e+03,-6.220000000000000000e+02,-4.200000000000000000e+01
1.679988669965458155e+09,1.658400000000000000e+04,5.120000000000000000e+02,-7.840000000000000000e+02,-1.153000000000000000e+03,-6.220000000000000000e+02,-4.200000000000000000e+01
1.679988669966051817e+09,1.658400000000000000e+04,5.120000000000000000e+02,-7.840000000000000000e+02,-1.153000000000000000e+03,-6.220000000000000000e+02,-4.200000000000000000e+01
1.679988669967395544e+09,1.658400000000000000e+04,5.120000000000000000e+02,-7.840000000000000000e+02,-1.153000000000000000e+03,-6.220000000000000000e+02,-4.200000000000000000e+01
1.679988669967875957e+09,1.658400000000000000e+04,5.120000000000000000e+02,-7.840000000000000000e+02,-1.153000000000000000e+03,-6.220000000000000000e+02,-4.200000000000000000e+01
1.679988669969253778e+09,1.658400000000000000e+04,5.120000000000000000e+02,-7.840000000000000000e+02,-1.153000000000000000e+03,-6.220000000000000000e+02,-4.200000000000000000e+01
1.679988669969737768e+09,1.658400000000000000e+04,5.120000000000000000e+02,-7.840000000000000000e+02,-1.153000000000000000e+03,-6.220000000000000000e+02,-4.200000000000000000e+01
1.679988669971117258e+09,1.658400000000000000e+04,5.120000000000000000e+02,-7.840000000000000000e+02,-1.153000000000000000e+03,-6.220000000000000000e+02,-4.200000000000000000e+01
1.679988669971604586e+09,1.658400000000000000e+04,5.120000000000000000e+02,-7.840000000000000000e+02,-1.153000000000000000e+03,-6.220000000000000000e+02,-4.200000000000000000e+01
1.679988669973004818e+09,1.658400000000000000e+04,5.120000000000000000e+02,-7.840000000000000000e+02,-1.153000000000000000e+03,-6.220000000000000000e+02,-4.200000000000000000e+01
1.679988669973488808e+09,1.658400000000000000e+04,5.120000000000000000e+02,-7.840000000000000000e+02,-1.153000000000000000e+03,-6.220000000000000000e+02,-4.200000000000000000e+01
1.679988669974900007e+09,1.658400000000000000e+04,5.120000000000000000e+02,-7.840000000000000000e+02,-1.153000000000000000e+03,-6.220000000000000000e+02,-4.200000000000000000e+01
1.679988669975384235e+09,1.658400000000000000e+04,5.120000000000000000e+02,-7.840000000000000000e+02,-1.153000000000000000e+03,-6.220000000000000000e+02,-4.200000000000000000e+01
1.679988669976829767e+09,1.658400000000000000e+04,5.120000000000000000e+02,-7.840000000000000000e+02,-1.153000000000000000e+03,-6.220000000000000000e+02,-4.200000000000000000e+01
1.679988669977334261e+09,1.658400000000000000e+04,5.120000000000000000e+02,-7.840000000000000000e+02,-1.153000000000000000e+03,-6.220000000000000000e+02,-4.200000000000000000e+01
1.679988669978749275e+09,1.658400000000000000e+04,5.120000000000000000e+02,-7.840000000000000000e+02,-1.153000000000000000e+03,-6.220000000000000000e+02,-4.200000000000000000e+01
1.679988669979230404e+09,1.658400000000000000e+04,5.120000000000000000e+02,-7.840000000000000000e+02,-1.153000000000000000e+03,-6.220000000000000000e+02,-4.200000000000000000e+01
1.679988669980624437e+09,1.658400000000000000e+04,5.120000000000000000e+02,-7.840000000000000000e+02,-1.153000000000000000e+03,-6.220000000000000000e+02,-4.200000000000000000e+01
1.679988669981159925e+09,1.658400000000000000e+04,5.120000000000000000e+02,-7.840000000000000000e+02,-1.153000000000000000e+03,-6.220000000000000000e+02,-4.200000000000000000e+01
1.679988669982539892e+09,1.658400000000000000e+04,5.120000000000000000e+02,-7.840000000000000000e+02,-1.153000000000000000e+03,-6.220000000000000000e+02,-4.200000000000000000e+01
1.679988669983025551e+09,1.658400000000000000e+04,5.120000000000000000e+02,-7.840000000000000000e+02,-1.153000000000000000e+03,-6.220000000000000000e+02,-4.200000000000000000e+01
1.679988669984425306e+09,1.658400000000000000e+04,5.120000000000000000e+02,-7.840000000000000000e+02,-1.153000000000000000e+03,-6.220000000000000000e+02,-4.200000000000000000e+01
1.679988669984925508e+09,1.658400000000000000e+04,5.120000000000000000e+02,-7.840000000000000000e+02,-1.153000000000000000e+03,-6.220000000000000000e+02,-4.200000000000000000e+01
1.679988669986366034e+09,1.658400000000000000e+04,5.120000000000000000e+02,-7.840000000000000000e+02,-1.153000000000000000e+03,-6.220000000000000000e+02,-4.200000000000000000e+01
1.679988669986848831e+09,1.658400000000000000e+04,5.120000000000000000e+02,-7.840000000000000000e+02,-1.153000000000000000e+03,-6.220000000000000000e+02,-4.200000000000000000e+01
1.679988669988266706e+09,1.658400000000000000e+04,5.120000000000000000e+02,-7.840000000000000000e+02,-1.153000000000000000e+03,-6.220000000000000000e+02,-4.200000000000000000e+01
1.679988669988754749e+09,1.658400000000000000e+04,5.120000000000000000e+02,-7.840000000000000000e+02,-1.153000000000000000e+03,-6.220000000000000000e+02,-4.200000000000000000e+01
1.679988669990158796e+09,1.658400000000000000e+04,5.120000000000000000e+02,-7.840000000000000000e+02,-1.153000000000000000e+03,-6.220000000000000000e+02,-4.200000000000000000e+01
1.679988669990654945e+09,1.658400000000000000e+04,5.120000000000000000e+02,-7.840000000000000000e+02,-1.153000000000000000e+03,-6.220000000000000000e+02,-4.200000000000000000e+01
1.679988669992076397e+09,1.658400000000000000e+04,5.120000000000000000e+02,-7.840000000000000000e+02,-1.153000000000000000e+03,-6.220000000000000000e+02,-4.200000000000000000e+01
1.679988669992581129e+09,1.658400000000000000e+04,5.120000000000000000e+02,-7.840000000000000000e+02,-1.153000000000000000e+03,-6.220000000000000000e+02,-4.200000000000000000e+01
1.679988669993960857e+09,1.658400000000000000e+04,5.120000000000000000e+02,-7.840000000000000000e+02,-1.153000000000000000e+03,-6.220000000000000000e+02,-4.200000000000000000e+01
1.679988669994460583e+09,1.658400000000000000e+04,5.120000000000000000e+02,-7.840000000000000000e+02,-1.153000000000000000e+03,-6.220000000000000000e+02,-4.200000000000000000e+01
1.679988669995927572e+09,1.658400000000000000e+04,5.120000000000000000e+02,-7.840000000000000000e+02,-1.153000000000000000e+03,-6.220000000000000000e+02,-4.200000000000000000e+01
1.679988669996433496e+09,1.658400000000000000e+04,5.120000000000000000e+02,-7.840000000000000000e+02,-1.153000000000000000e+03,-6.220000000000000000e+02,-4.200000000000000000e+01
1.679988669997826815e+09,1.658400000000000000e+04,5.120000000000000000e+02,-7.840000000000000000e+02,-1.153000000000000000e+03,-6.220000000000000000e+02,-4.200000000000000000e+01
1.679988669998317003e+09,1.658400000000000000e+04,5.120000000000000000e+02,-7.840000000000000000e+02,-1.153000000000000000e+03,-6.220000000000000000e+02,-4.200000000000000000e+01
1.679988669999698877e+09,1.658400000000000000e+04,5.120000000000000000e+02,-7.840000000000000000e+02,-1.153000000000000000e+03,-6.220000000000000000e+02,-4.200000000000000000e+01
1.679988670000191689e+09,1.658400000000000000e+04,5.120000000000000000e+02,-7.840000000000000000e+02,-1.153000000000000000e+03,-6.220000000000000000e+02,-4.200000000000000000e+01
1.679988670001603365e+09,1.658400000000000000e+04,5.120000000000000000e+02,-7.840000000000000000e+02,-1.153000000000000000e+03,-6.220000000000000000e+02,-4.200000000000000000e+01
1.679988670002090931e+09,1.658400000000000000e+04,5.120000000000000000e+02,-7.840000000000000000e+02,-1.153000000000000000e+03,-6.220000000000000000e+02,-4.200000000000000000e+01
1.679988670003488779e+09,1.658400000000000000e+04,5.120000000000000000e+02,-7.840000000000000000e+02,-1.153000000000000000e+03,-6.220000000000000000e+02,-4.200000000000000000e+01
1.679988670003973484e+09,1.658400000000000000e+04,5.120000000000000000e+02,-7.840000000000000000e+02,-1.153000000000000000e+03,-6.220000000000000000e+02,-4.200000000000000000e+01
1.679988670005387306e+09,1.658400000000000000e+04,5.120000000000000000e+02,-7.840000000000000000e+02,-1.153000000000000000e+03,-6.220000000000000000e+02,-4.200000000000000000e+01
1.679988670005946398e+09,1.658400000000000000e+04,5.120000000000000000e+02,-7.840000000000000000e+02,-1.153000000000000000e+03,-6.220000000000000000e+02,-4.200000000000000000e+01
1.679988670007320642e+09,1.658400000000000000e+04,5.120000000000000000e+02,-7.840000000000000000e+02,-1.153000000000000000e+03,-6.220000000000000000e+02,-4.200000000000000000e+01
1.679988670007843018e+09,1.658400000000000000e+04,5.120000000000000000e+02,-7.840000000000000000e+02,-1.153000000000000000e+03,-6.220000000000000000e+02,-4.200000000000000000e+01
1.679988670009234905e+09,1.658400000000000000e+04,5.120000000000000000e+02,-7.840000000000000000e+02,-1.153000000000000000e+03,-6.220000000000000000e+02,-4.200000000000000000e+01
1.679988670009721518e+09,1.658400000000000000e+04,5.120000000000000000e+02,-7.840000000000000000e+02,-1.153000000000000000e+03,-6.220000000000000000e+02,-4.200000000000000000e+01
1.679988670011130095e+09,1.658400000000000000e+04,5.120000000000000000e+02,-7.840000000000000000e+02,-1.153000000000000000e+03,-6.220000000000000000e+02,-4.200000000000000000e+01
1.679988670011621237e+09,1.658400000000000000e+04,5.120000000000000000e+02,-7.840000000000000000e+02,-1.153000000000000000e+03,-6.220000000000000000e+02,-4.200000000000000000e+01
1.679988670013166666e+09,1.658400000000000000e+04,5.120000000000000000e+02,-7.840000000000000000e+02,-1.153000000000000000e+03,-6.220000000000000000e+02,-4.200000000000000000e+01
1.679988670013763666e+09,1.658400000000000000e+04,5.120000000000000000e+02,-7.840000000000000000e+02,-1.153000000000000000e+03,-6.220000000000000000e+02,-4.200000000000000000e+01
1.679988670015511990e+09,1.658400000000000000e+04,5.120000000000000000e+02,-7.840000000000000000e+02,-1.153000000000000000e+03,-6.220000000000000000e+02,-4.200000000000000000e+01
1.679988670016024113e+09,1.658400000000000000e+04,5.120000000000000000e+02,-7.840000000000000000e+02,-1.153000000000000000e+03,-6.220000000000000000e+02,-4.200000000000000000e+01
1.679988670017453909e+09,1.658400000000000000e+04,5.120000000000000000e+02,-7.840000000000000000e+02,-1.153000000000000000e+03,-6.220000000000000000e+02,-4.200000000000000000e+01
1.679988670017987251e+09,1.658400000000000000e+04,5.120000000000000000e+02,-7.840000000000000000e+02,-1.153000000000000000e+03,-6.220000000000000000e+02,-4.200000000000000000e+01
1.679988670019317150e+09,1.658400000000000000e+04,5.120000000000000000e+02,-7.840000000000000000e+02,-1.153000000000000000e+03,-6.220000000000000000e+02,-4.200000000000000000e+01
1.679988670019818068e+09,1.658400000000000000e+04,5.120000000000000000e+02,-7.840000000000000000e+02,-1.153000000000000000e+03,-6.220000000000000000e+02,-4.200000000000000000e+01
1.679988670021208525e+09,1.658400000000000000e+04,5.120000000000000000e+02,-7.840000000000000000e+02,-1.153000000000000000e+03,-6.220000000000000000e+02,-4.200000000000000000e+01
1.679988670021700382e+09,1.658400000000000000e+04,5.120000000000000000e+02,-7.840000000000000000e+02,-1.153000000000000000e+03,-6.220000000000000000e+02,-4.200000000000000000e+01
1.679988670023157835e+09,1.658400000000000000e+04,5.120000000000000000e+02,-7.840000000000000000e+02,-1.153000000000000000e+03,-6.220000000000000000e+02,-4.200000000000000000e+01
1.679988670023660898e+09,1.658400000000000000e+04,5.120000000000000000e+02,-7.840000000000000000e+02,-1.153000000000000000e+03,-6.220000000000000000e+02,-4.200000000000000000e+01
1.679988670025015831e+09,1.658400000000000000e+04,5.120000000000000000e+02,-7.840000000000000000e+02,-1.153000000000000000e+03,-6.220000000000000000e+02,-4.200000000000000000e+01
1.679988670025578499e+09,1.658400000000000000e+04,5.120000000000000000e+02,-7.840000000000000000e+02,-1.153000000000000000e+03,-6.220000000000000000e+02,-4.200000000000000000e+01
1.679988670026976824e+09,1.658400000000000000e+04,5.120000000000000000e+02,-7.840000000000000000e+02,-1.153000000000000000e+03,-6.220000000000000000e+02,-4.200000000000000000e+01
1.679988670027572155e+09,1.658400000000000000e+04,5.120000000000000000e+02,-7.840000000000000000e+02,-1.153000000000000000e+03,-6.220000000000000000e+02,-4.200000000000000000e+01
1.679988670029120922e+09,1.658400000000000000e+04,5.120000000000000000e+02,-7.840000000000000000e+02,-1.153000000000000000e+03,-6.220000000000000000e+02,-4.200000000000000000e+01
1.679988670029590368e+09,1.658400000000000000e+04,5.120000000000000000e+02,-7.840000000000000000e+02,-1.153000000000000000e+03,-6.220000000000000000e+02,-4.200000000000000000e+01
1.679988670031102419e+09,1.658400000000000000e+04,5.120000000000000000e+02,-7.840000000000000000e+02,-1.153000000000000000e+03,-6.220000000000000000e+02,-4.200000000000000000e+01
1.679988670031546593e+09,1.658400000000000000e+04,5.120000000000000000e+02,-7.840000000000000000e+02,-1.153000000000000000e+03,-6.220000000000000000e+02,-4.200000000000000000e+01
1.679988670032911062e+09,1.658400000000000000e+04,5.120000000000000000e+02,-7.840000000000000000e+02,-1.153000000000000000e+03,-6.220000000000000000e+02,-4.200000000000000000e+01
1.679988670033371449e+09,1.658400000000000000e+04,5.120000000000000000e+02,-7.840000000000000000e+02,-1.153000000000000000e+03,-6.220000000000000000e+02,-4.200000000000000000e+01
1.679988670034821749e+09,1.658400000000000000e+04,5.120000000000000000e+02,-7.840000000000000000e+02,-1.153000000000000000e+03,-6.220000000000000000e+02,-4.200000000000000000e+01
1.679988670035277367e+09,1.658400000000000000e+04,5.120000000000000000e+02,-7.840000000000000000e+02,-1.153000000000000000e+03,-6.220000000000000000e+02,-4.200000000000000000e+01
1.679988670036729574e+09,1.658400000000000000e+04,5.120000000000000000e+02,-7.840000000000000000e+02,-1.153000000000000000e+03,-6.220000000000000000e+02,-4.200000000000000000e+01
1.679988670037202597e+09,1.658400000000000000e+04,5.120000000000000000e+02,-7.840000000000000000e+02,-1.153000000000000000e+03,-6.220000000000000000e+02,-4.200000000000000000e+01
1.679988670038636208e+09,1.658400000000000000e+04,5.120000000000000000e+02,-7.840000000000000000e+02,-1.153000000000000000e+03,-6.220000000000000000e+02,-4.200000000000000000e+01
1.679988670039113998e+09,1.658400000000000000e+04,5.120000000000000000e+02,-7.840000000000000000e+02,-1.153000000000000000e+03,-6.220000000000000000e+02,-4.200000000000000000e+01
1.679988670040610790e+09,1.658400000000000000e+04,5.120000000000000000e+02,-7.840000000000000000e+02,-1.153000000000000000e+03,-6.220000000000000000e+02,-4.200000000000000000e+01
1.679988670041075945e+09,1.658400000000000000e+04,5.120000000000000000e+02,-7.840000000000000000e+02,-1.153000000000000000e+03,-6.220000000000000000e+02,-4.200000000000000000e+01
1.679988670042487860e+09,1.658400000000000000e+04,5.120000000000000000e+02,-7.840000000000000000e+02,-1.153000000000000000e+03,-6.220000000000000000e+02,-4.200000000000000000e+01
1.679988670042975903e+09,1.658400000000000000e+04,5.120000000000000000e+02,-7.840000000000000000e+02,-1.153000000000000000e+03,-6.220000000000000000e+02,-4.200000000000000000e+01
1.679988670044412374e+09,1.658400000000000000e+04,5.120000000000000000e+02,-7.840000000000000000e+02,-1.153000000000000000e+03,-6.220000000000000000e+02,-4.200000000000000000e+01
1.679988670044890404e+09,1.658400000000000000e+04,5.120000000000000000e+02,-7.840000000000000000e+02,-1.153000000000000000e+03,-6.220000000000000000e+02,-4.200000000000000000e+01
1.679988670046370745e+09,1.658400000000000000e+04,5.120000000000000000e+02,-7.840000000000000000e+02,-1.153000000000000000e+03,-6.220000000000000000e+02,-4.200000000000000000e+01
1.679988670046831846e+09,1.658400000000000000e+04,5.120000000000000000e+02,-7.840000000000000000e+02,-1.153000000000000000e+03,-6.220000000000000000e+02,-4.200000000000000000e+01
1.679988670048258305e+09,1.658400000000000000e+04,5.120000000000000000e+02,-7.840000000000000000e+02,-1.153000000000000000e+03,-6.220000000000000000e+02,-4.200000000000000000e+01
1.679988670048758745e+09,1.658400000000000000e+04,5.120000000000000000e+02,-7.840000000000000000e+02,-1.153000000000000000e+03,-6.220000000000000000e+02,-4.200000000000000000e+01
1.679988670050164938e+09,1.658400000000000000e+04,5.120000000000000000e+02,-7.840000000000000000e+02,-1.153000000000000000e+03,-6.220000000000000000e+02,-4.200000000000000000e+01
1.679988670050664663e+09,1.658400000000000000e+04,5.120000000000000000e+02,-7.840000000000000000e+02,-1.153000000000000000e+03,-6.220000000000000000e+02,-4.200000000000000000e+01
1.679988670052102327e+09,1.658400000000000000e+04,5.120000000000000000e+02,-7.840000000000000000e+02,-1.153000000000000000e+03,-6.220000000000000000e+02,-4.200000000000000000e+01
1.679988670052608252e+09,1.658400000000000000e+04,5.120000000000000000e+02,-7.840000000000000000e+02,-1.153000000000000000e+03,-6.220000000000000000e+02,-4.200000000000000000e+01
1.679988670054032087e+09,1.658400000000000000e+04,5.120000000000000000e+02,-7.840000000000000000e+02,-1.153000000000000000e+03,-6.220000000000000000e+02,-4.200000000000000000e+01
1.679988670054547548e+09,1.658400000000000000e+04,5.120000000000000000e+02,-7.840000000000000000e+02,-1.153000000000000000e+03,-6.220000000000000000e+02,-4.200000000000000000e+01
1.679988670056025743e+09,1.658400000000000000e+04,5.120000000000000000e+02,-7.840000000000000000e+02,-1.153000000000000000e+03,-6.220000000000000000e+02,-4.200000000000000000e+01
1.679988670056518793e+09,1.658400000000000000e+04,5.120000000000000000e+02,-7.840000000000000000e+02,-1.153000000000000000e+03,-6.220000000000000000e+02,-4.200000000000000000e+01
1.679988670057915211e+09,1.658400000000000000e+04,5.120000000000000000e+02,-7.840000000000000000e+02,-1.153000000000000000e+03,-6.220000000000000000e+02,-4.200000000000000000e+01
1.679988670058399677e+09,1.658400000000000000e+04,5.120000000000000000e+02,-7.840000000000000000e+02,-1.153000000000000000e+03,-6.220000000000000000e+02,-4.200000000000000000e+01
1.679988670059827566e+09,1.658400000000000000e+04,5.120000000000000000e+02,-7.840000000000000000e+02,-1.153000000000000000e+03,-6.220000000000000000e+02,-4.200000000000000000e+01
1.679988670060320139e+09,1.658400000000000000e+04,5.120000000000000000e+02,-7.840000000000000000e+02,-1.153000000000000000e+03,-6.220000000000000000e+02,-4.200000000000000000e+01
1.679988670061743498e+09,1.658400000000000000e+04,5.120000000000000000e+02,-7.840000000000000000e+02,-1.153000000000000000e+03,-6.220000000000000000e+02,-4.200000000000000000e+01
1.679988670062233448e+09,1.658400000000000000e+04,5.120000000000000000e+02,-7.840000000000000000e+02,-1.153000000000000000e+03,-6.220000000000000000e+02,-4.200000000000000000e+01
1.679988670063702583e+09,1.658400000000000000e+04,5.120000000000000000e+02,-7.840000000000000000e+02,-1.153000000000000000e+03,-6.220000000000000000e+02,-4.200000000000000000e+01
1.679988670064196110e+09,1.658400000000000000e+04,5.120000000000000000e+02,-7.840000000000000000e+02,-1.153000000000000000e+03,-6.220000000000000000e+02,-4.200000000000000000e+01
1.679988670065731764e+09,1.658400000000000000e+04,5.120000000000000000e+02,-7.840000000000000000e+02,-1.153000000000000000e+03,-6.220000000000000000e+02,-4.200000000000000000e+01
1.679988670066238880e+09,1.658400000000000000e+04,5.120000000000000000e+02,-7.840000000000000000e+02,-1.153000000000000000e+03,-6.220000000000000000e+02,-4.200000000000000000e+01
1.679988670067674875e+09,1.658400000000000000e+04,5.120000000000000000e+02,-7.840000000000000000e+02,-1.153000000000000000e+03,-6.220000000000000000e+02,-4.200000000000000000e+01
1.679988670068149090e+09,1.658400000000000000e+04,5.120000000000000000e+02,-7.840000000000000000e+02,-1.153000000000000000e+03,-6.220000000000000000e+02,-4.200000000000000000e+01
1.679988670069566488e+09,1.658400000000000000e+04,5.120000000000000000e+02,-7.840000000000000000e+02,-1.153000000000000000e+03,-6.220000000000000000e+02,-4.200000000000000000e+01
1.679988670070040941e+09,1.658400000000000000e+04,5.120000000000000000e+02,-7.840000000000000000e+02,-1.153000000000000000e+03,-6.220000000000000000e+02,-4.200000000000000000e+01
1.679988670071478128e+09,1.658400000000000000e+04,5.120000000000000000e+02,-7.840000000000000000e+02,-1.153000000000000000e+03,-6.220000000000000000e+02,-4.200000000000000000e+01
1.679988670071969748e+09,1.658400000000000000e+04,5.120000000000000000e+02,-7.840000000000000000e+02,-1.153000000000000000e+03,-6.220000000000000000e+02,-4.200000000000000000e+01
1.679988670073399305e+09,1.658400000000000000e+04,5.120000000000000000e+02,-7.840000000000000000e+02,-1.153000000000000000e+03,-6.220000000000000000e+02,-4.200000000000000000e+01
1.679988670073898554e+09,1.658400000000000000e+04,5.120000000000000000e+02,-7.840000000000000000e+02,-1.153000000000000000e+03,-6.220000000000000000e+02,-4.200000000000000000e+01
1.679988670075341225e+09,1.658400000000000000e+04,5.120000000000000000e+02,-7.840000000000000000e+02,-1.153000000000000000e+03,-6.220000000000000000e+02,-4.200000000000000000e+01
1.679988670075873613e+09,1.658400000000000000e+04,5.120000000000000000e+02,-7.840000000000000000e+02,-1.153000000000000000e+03,-6.220000000000000000e+02,-4.200000000000000000e+01
1.679988670077286959e+09,1.658400000000000000e+04,5.120000000000000000e+02,-7.840000000000000000e+02,-1.153000000000000000e+03,-6.220000000000000000e+02,-4.200000000000000000e+01
1.679988670077781200e+09,1.658400000000000000e+04,5.120000000000000000e+02,-7.840000000000000000e+02,-1.153000000000000000e+03,-6.220000000000000000e+02,-4.200000000000000000e+01
1.679988670079208374e+09,1.658400000000000000e+04,5.120000000000000000e+02,-7.840000000000000000e+02,-1.153000000000000000e+03,-6.220000000000000000e+02,-4.200000000000000000e+01
1.679988670079685926e+09,1.658400000000000000e+04,5.120000000000000000e+02,-7.840000000000000000e+02,-1.153000000000000000e+03,-6.220000000000000000e+02,-4.200000000000000000e+01
1.679988670081182957e+09,1.658400000000000000e+04,5.120000000000000000e+02,-7.840000000000000000e+02,-1.153000000000000000e+03,-6.220000000000000000e+02,-4.200000000000000000e+01
1.679988670081683397e+09,1.658400000000000000e+04,5.120000000000000000e+02,-7.840000000000000000e+02,-1.153000000000000000e+03,-6.220000000000000000e+02,-4.200000000000000000e+01
1.679988670083125830e+09,1.658400000000000000e+04,5.120000000000000000e+02,-7.840000000000000000e+02,-1.153000000000000000e+03,-6.220000000000000000e+02,-4.200000000000000000e+01
1.679988670083636999e+09,1.658400000000000000e+04,5.120000000000000000e+02,-7.840000000000000000e+02,-1.153000000000000000e+03,-6.220000000000000000e+02,-4.200000000000000000e+01
1.679988670085031509e+09,1.658400000000000000e+04,5.120000000000000000e+02,-7.840000000000000000e+02,-1.153000000000000000e+03,-6.220000000000000000e+02,-4.200000000000000000e+01
1.679988670085563898e+09,1.658400000000000000e+04,5.120000000000000000e+02,-7.840000000000000000e+02,-1.153000000000000000e+03,-6.220000000000000000e+02,-4.200000000000000000e+01
1.679988670087027550e+09,1.658400000000000000e+04,5.120000000000000000e+02,-7.840000000000000000e+02,-1.153000000000000000e+03,-6.220000000000000000e+02,-4.200000000000000000e+01
1.679988670087534189e+09,1.658400000000000000e+04,5.120000000000000000e+02,-7.840000000000000000e+02,-1.153000000000000000e+03,-6.220000000000000000e+02,-4.200000000000000000e+01
1.679988670088931561e+09,1.658400000000000000e+04,5.120000000000000000e+02,-7.840000000000000000e+02,-1.153000000000000000e+03,-6.220000000000000000e+02,-4.200000000000000000e+01
1.679988670089434862e+09,1.658400000000000000e+04,5.120000000000000000e+02,-7.840000000000000000e+02,-1.153000000000000000e+03,-6.220000000000000000e+02,-4.200000000000000000e+01
1.679988670090837240e+09,1.658400000000000000e+04,5.120000000000000000e+02,-7.840000000000000000e+02,-1.153000000000000000e+03,-6.220000000000000000e+02,-4.200000000000000000e+01
1.679988670091329098e+09,1.658400000000000000e+04,5.120000000000000000e+02,-7.840000000000000000e+02,-1.153000000000000000e+03,-6.220000000000000000e+02,-4.200000000000000000e+01
1.679988670092778921e+09,1.658400000000000000e+04,5.120000000000000000e+02,-7.840000000000000000e+02,-1.153000000000000000e+03,-6.220000000000000000e+02,-4.200000000000000000e+01
1.679988670093290091e+09,1.658400000000000000e+04,5.120000000000000000e+02,-7.840000000000000000e+02,-1.153000000000000000e+03,-6.220000000000000000e+02,-4.200000000000000000e+01
1.679988670094855309e+09,1.658400000000000000e+04,5.120000000000000000e+02,-7.840000000000000000e+02,-1.153000000000000000e+03,-6.220000000000000000e+02,-4.200000000000000000e+01
1.679988670095584631e+09,1.658400000000000000e+04,5.120000000000000000e+02,-7.840000000000000000e+02,-1.153000000000000000e+03,-6.220000000000000000e+02,-4.200000000000000000e+01
1.679988670096907854e+09,1.658400000000000000e+04,5.120000000000000000e+02,-7.840000000000000000e+02,-1.153000000000000000e+03,-6.220000000000000000e+02,-4.200000000000000000e+01
1.679988670097497940e+09,1.658400000000000000e+04,5.120000000000000000e+02,-7.840000000000000000e+02,-1.153000000000000000e+03,-6.220000000000000000e+02,-4.200000000000000000e+01
1.679988670098797798e+09,1.658400000000000000e+04,5.120000000000000000e+02,-7.840000000000000000e+02,-1.153000000000000000e+03,-6.220000000000000000e+02,-4.200000000000000000e+01
1.679988670099388123e+09,1.658400000000000000e+04,5.120000000000000000e+02,-7.840000000000000000e+02,-1.153000000000000000e+03,-6.220000000000000000e+02,-4.200000000000000000e+01
1.679988670100704193e+09,1.658400000000000000e+04,5.120000000000000000e+02,-7.840000000000000000e+02,-1.153000000000000000e+03,-6.220000000000000000e+02,-4.200000000000000000e+01
1.679988670101340532e+09,1.658400000000000000e+04,5.120000000000000000e+02,-7.840000000000000000e+02,-1.153000000000000000e+03,-6.220000000000000000e+02,-4.200000000000000000e+01
1.679988670102664232e+09,1.658400000000000000e+04,5.120000000000000000e+02,-7.840000000000000000e+02,-1.153000000000000000e+03,-6.220000000000000000e+02,-4.200000000000000000e+01
1.679988670103299618e+09,1.658400000000000000e+04,5.120000000000000000e+02,-7.840000000000000000e+02,-1.153000000000000000e+03,-6.220000000000000000e+02,-4.200000000000000000e+01
1.679988670104663849e+09,1.658400000000000000e+04,5.120000000000000000e+02,-7.840000000000000000e+02,-1.153000000000000000e+03,-6.220000000000000000e+02,-4.200000000000000000e+01
1.679988670105272055e+09,1.658400000000000000e+04,5.120000000000000000e+02,-7.840000000000000000e+02,-1.153000000000000000e+03,-6.220000000000000000e+02,-4.200000000000000000e+01
1.679988670106614590e+09,1.658400000000000000e+04,5.120000000000000000e+02,-7.840000000000000000e+02,-1.153000000000000000e+03,-6.220000000000000000e+02,-4.200000000000000000e+01
1.679988670107209444e+09,1.658400000000000000e+04,5.120000000000000000e+02,-7.840000000000000000e+02,-1.153000000000000000e+03,-6.220000000000000000e+02,-4.200000000000000000e+01
1.679988670108528614e+09,1.658400000000000000e+04,5.120000000000000000e+02,-7.840000000000000000e+02,-1.153000000000000000e+03,-6.220000000000000000e+02,-4.200000000000000000e+01
1.679988670109135389e+09,1.658400000000000000e+04,5.120000000000000000e+02,-7.840000000000000000e+02,-1.153000000000000000e+03,-6.220000000000000000e+02,-4.200000000000000000e+01
1.679988670110472679e+09,1.658400000000000000e+04,5.120000000000000000e+02,-7.840000000000000000e+02,-1.153000000000000000e+03,-6.220000000000000000e+02,-4.200000000000000000e+01
1.679988670111098528e+09,1.658400000000000000e+04,5.120000000000000000e+02,-7.840000000000000000e+02,-1.153000000000000000e+03,-6.220000000000000000e+02,-4.200000000000000000e+01
1.679988670112405062e+09,1.658400000000000000e+04,5.120000000000000000e+02,-7.840000000000000000e+02,-1.153000000000000000e+03,-6.220000000000000000e+02,-4.200000000000000000e+01
1.679988670113059044e+09,1.658400000000000000e+04,5.120000000000000000e+02,-7.840000000000000000e+02,-1.153000000000000000e+03,-6.220000000000000000e+02,-4.200000000000000000e+01
1.679988670114388943e+09,1.658400000000000000e+04,5.120000000000000000e+02,-7.840000000000000000e+02,-1.153000000000000000e+03,-6.220000000000000000e+02,-4.200000000000000000e+01
1.679988670115047693e+09,1.658400000000000000e+04,5.120000000000000000e+02,-7.840000000000000000e+02,-1.153000000000000000e+03,-6.220000000000000000e+02,-4.200000000000000000e+01
1.679988670116391420e+09,1.658400000000000000e+04,5.120000000000000000e+02,-7.840000000000000000e+02,-1.153000000000000000e+03,-6.220000000000000000e+02,-4.200000000000000000e+01
1.679988670117021084e+09,1.658400000000000000e+04,5.120000000000000000e+02,-7.840000000000000000e+02,-1.153000000000000000e+03,-6.220000000000000000e+02,-4.200000000000000000e+01
1.679988670118329525e+09,1.658400000000000000e+04,5.120000000000000000e+02,-7.840000000000000000e+02,-1.153000000000000000e+03,-6.220000000000000000e+02,-4.200000000000000000e+01
1.679988670118963480e+09,1.658400000000000000e+04,5.120000000000000000e+02,-7.840000000000000000e+02,-1.153000000000000000e+03,-6.220000000000000000e+02,-4.200000000000000000e+01
1.679988670120292425e+09,1.658400000000000000e+04,5.120000000000000000e+02,-7.840000000000000000e+02,-1.153000000000000000e+03,-6.220000000000000000e+02,-4.200000000000000000e+01
1.679988670120936871e+09,1.658400000000000000e+04,5.120000000000000000e+02,-7.840000000000000000e+02,-1.153000000000000000e+03,-6.220000000000000000e+02,-4.200000000000000000e+01
1.679988670122274160e+09,1.658400000000000000e+04,5.120000000000000000e+02,-7.840000000000000000e+02,-1.153000000000000000e+03,-6.220000000000000000e+02,-4.200000000000000000e+01
1.679988670122896433e+09,1.658400000000000000e+04,5.120000000000000000e+02,-7.840000000000000000e+02,-1.153000000000000000e+03,-6.220000000000000000e+02,-4.200000000000000000e+01
1.679988670124191284e+09,1.658400000000000000e+04,5.120000000000000000e+02,-7.840000000000000000e+02,-1.153000000000000000e+03,-6.220000000000000000e+02,-4.200000000000000000e+01
1.679988670124828339e+09,1.658400000000000000e+04,5.120000000000000000e+02,-7.840000000000000000e+02,-1.153000000000000000e+03,-6.220000000000000000e+02,-4.200000000000000000e+01
1.679988670126200914e+09,1.658400000000000000e+04,5.120000000000000000e+02,-7.840000000000000000e+02,-1.153000000000000000e+03,-6.220000000000000000e+02,-4.200000000000000000e+01
1.679988670126827717e+09,1.658400000000000000e+04,5.120000000000000000e+02,-7.840000000000000000e+02,-1.153000000000000000e+03,-6.220000000000000000e+02,-4.200000000000000000e+01
1.679988670128141880e+09,1.658400000000000000e+04,5.120000000000000000e+02,-7.840000000000000000e+02,-1.153000000000000000e+03,-6.220000000000000000e+02,-4.200000000000000000e+01
1.679988670128738880e+09,1.658400000000000000e+04,5.120000000000000000e+02,-7.840000000000000000e+02,-1.153000000000000000e+03,-6.220000000000000000e+02,-4.200000000000000000e+01
1.679988670130069494e+09,1.658400000000000000e+04,5.120000000000000000e+02,-7.840000000000000000e+02,-1.153000000000000000e+03,-6.220000000000000000e+02,-4.200000000000000000e+01
1.679988670130664349e+09,1.658400000000000000e+04,5.120000000000000000e+02,-7.840000000000000000e+02,-1.153000000000000000e+03,-6.220000000000000000e+02,-4.200000000000000000e+01
1.679988670131989956e+09,1.658400000000000000e+04,5.120000000000000000e+02,-7.840000000000000000e+02,-1.153000000000000000e+03,-6.220000000000000000e+02,-4.200000000000000000e+01
1.679988670132643700e+09,1.658400000000000000e+04,5.120000000000000000e+02,-7.840000000000000000e+02,-1.153000000000000000e+03,-6.220000000000000000e+02,-4.200000000000000000e+01
1.679988670133990049e+09,1.658400000000000000e+04,5.120000000000000000e+02,-7.840000000000000000e+02,-1.153000000000000000e+03,-6.220000000000000000e+02,-4.200000000000000000e+01
1.679988670134624481e+09,1.658400000000000000e+04,5.120000000000000000e+02,-7.840000000000000000e+02,-1.153000000000000000e+03,-6.220000000000000000e+02,-4.200000000000000000e+01
1.679988670135987043e+09,1.658400000000000000e+04,5.120000000000000000e+02,-7.840000000000000000e+02,-1.153000000000000000e+03,-6.220000000000000000e+02,-4.200000000000000000e+01
1.679988670136662006e+09,1.658400000000000000e+04,5.120000000000000000e+02,-7.840000000000000000e+02,-1.153000000000000000e+03,-6.220000000000000000e+02,-4.200000000000000000e+01
1.679988670137971163e+09,1.658400000000000000e+04,5.120000000000000000e+02,-7.840000000000000000e+02,-1.153000000000000000e+03,-6.220000000000000000e+02,-4.200000000000000000e+01
1.679988670138627768e+09,1.658400000000000000e+04,5.120000000000000000e+02,-7.840000000000000000e+02,-1.153000000000000000e+03,-6.220000000000000000e+02,-4.200000000000000000e+01
1.679988670139967680e+09,1.658400000000000000e+04,5.120000000000000000e+02,-7.840000000000000000e+02,-1.153000000000000000e+03,-6.220000000000000000e+02,-4.200000000000000000e+01
1.679988670140630484e+09,1.658400000000000000e+04,5.120000000000000000e+02,-7.840000000000000000e+02,-1.153000000000000000e+03,-6.220000000000000000e+02,-4.200000000000000000e+01
1.679988670141938686e+09,1.658400000000000000e+04,5.120000000000000000e+02,-7.840000000000000000e+02,-1.153000000000000000e+03,-6.220000000000000000e+02,-4.200000000000000000e+01
1.679988670142564058e+09,1.658400000000000000e+04,5.120000000000000000e+02,-7.840000000000000000e+02,-1.153000000000000000e+03,-6.220000000000000000e+02,-4.200000000000000000e+01
1.679988670143878460e+09,1.658400000000000000e+04,5.120000000000000000e+02,-7.840000000000000000e+02,-1.153000000000000000e+03,-6.220000000000000000e+02,-4.200000000000000000e+01
1.679988670144513607e+09,1.658400000000000000e+04,5.120000000000000000e+02,-7.840000000000000000e+02,-1.153000000000000000e+03,-6.220000000000000000e+02,-4.200000000000000000e+01
1.679988670145916939e+09,1.658400000000000000e+04,5.120000000000000000e+02,-7.840000000000000000e+02,-1.153000000000000000e+03,-6.220000000000000000e+02,-4.200000000000000000e+01
1.679988670146553040e+09,1.658400000000000000e+04,5.120000000000000000e+02,-7.840000000000000000e+02,-1.153000000000000000e+03,-6.220000000000000000e+02,-4.200000000000000000e+01
1.679988670147884846e+09,1.658400000000000000e+04,5.120000000000000000e+02,-7.840000000000000000e+02,-1.153000000000000000e+03,-6.220000000000000000e+02,-4.200000000000000000e+01
1.679988670148527145e+09,1.658400000000000000e+04,5.120000000000000000e+02,-7.840000000000000000e+02,-1.153000000000000000e+03,-6.220000000000000000e+02,-4.200000000000000000e+01
1.679988670149857521e+09,1.658400000000000000e+04,5.120000000000000000e+02,-7.840000000000000000e+02,-1.153000000000000000e+03,-6.220000000000000000e+02,-4.200000000000000000e+01
1.679988670150522947e+09,1.658400000000000000e+04,5.120000000000000000e+02,-7.840000000000000000e+02,-1.153000000000000000e+03,-6.220000000000000000e+02,-4.200000000000000000e+01
1.679988670151845694e+09,1.658400000000000000e+04,5.120000000000000000e+02,-7.840000000000000000e+02,-1.153000000000000000e+03,-6.220000000000000000e+02,-4.200000000000000000e+01
1.679988670152439594e+09,1.658400000000000000e+04,5.120000000000000000e+02,-7.840000000000000000e+02,-1.153000000000000000e+03,-6.220000000000000000e+02,-4.200000000000000000e+01
1.679988670153755188e+09,1.658400000000000000e+04,5.120000000000000000e+02,-7.840000000000000000e+02,-1.153000000000000000e+03,-6.220000000000000000e+02,-4.200000000000000000e+01
1.679988670154359818e+09,1.658400000000000000e+04,5.120000000000000000e+02,-7.840000000000000000e+02,-1.153000000000000000e+03,-6.220000000000000000e+02,-4.200000000000000000e+01
1.679988670155732393e+09,1.658400000000000000e+04,5.120000000000000000e+02,-7.840000000000000000e+02,-1.153000000000000000e+03,-6.220000000000000000e+02,-4.200000000000000000e+01
1.679988670156381130e+09,1.658400000000000000e+04,5.120000000000000000e+02,-7.840000000000000000e+02,-1.153000000000000000e+03,-6.220000000000000000e+02,-4.200000000000000000e+01
1.679988670157703876e+09,1.658400000000000000e+04,5.120000000000000000e+02,-7.840000000000000000e+02,-1.153000000000000000e+03,-6.220000000000000000e+02,-4.200000000000000000e+01
1.679988670158307314e+09,1.658400000000000000e+04,5.120000000000000000e+02,-7.840000000000000000e+02,-1.153000000000000000e+03,-6.220000000000000000e+02,-4.200000000000000000e+01
1.679988670159655094e+09,1.658400000000000000e+04,5.120000000000000000e+02,-7.840000000000000000e+02,-1.153000000000000000e+03,-6.220000000000000000e+02,-4.200000000000000000e+01
1.679988670160307646e+09,1.658400000000000000e+04,5.120000000000000000e+02,-7.840000000000000000e+02,-1.153000000000000000e+03,-6.220000000000000000e+02,-4.200000000000000000e+01
1.679988670161628723e+09,1.658400000000000000e+04,5.120000000000000000e+02,-7.840000000000000000e+02,-1.153000000000000000e+03,-6.220000000000000000e+02,-4.200000000000000000e+01
1.679988670162271261e+09,1.658400000000000000e+04,5.120000000000000000e+02,-7.840000000000000000e+02,-1.153000000000000000e+03,-6.220000000000000000e+02,-4.200000000000000000e+01
1.679988670163600922e+09,1.658400000000000000e+04,5.120000000000000000e+02,-7.840000000000000000e+02,-1.153000000000000000e+03,-6.220000000000000000e+02,-4.200000000000000000e+01
1.679988670164246082e+09,1.658400000000000000e+04,5.120000000000000000e+02,-7.840000000000000000e+02,-1.153000000000000000e+03,-6.220000000000000000e+02,-4.200000000000000000e+01
1.679988670165605307e+09,1.658400000000000000e+04,5.120000000000000000e+02,-7.840000000000000000e+02,-1.153000000000000000e+03,-6.220000000000000000e+02,-4.200000000000000000e+01
1.679988670166216373e+09,1.658400000000000000e+04,5.120000000000000000e+02,-7.840000000000000000e+02,-1.153000000000000000e+03,-6.220000000000000000e+02,-4.200000000000000000e+01
1.679988670167527199e+09,1.658400000000000000e+04,5.120000000000000000e+02,-7.840000000000000000e+02,-1.153000000000000000e+03,-6.220000000000000000e+02,-4.200000000000000000e+01
1.679988670168184996e+09,1.658400000000000000e+04,5.120000000000000000e+02,-7.840000000000000000e+02,-1.153000000000000000e+03,-6.220000000000000000e+02,-4.200000000000000000e+01
1.679988670169507980e+09,1.658400000000000000e+04,5.120000000000000000e+02,-7.840000000000000000e+02,-1.153000000000000000e+03,-6.220000000000000000e+02,-4.200000000000000000e+01
1.679988670170110703e+09,1.658400000000000000e+04,5.120000000000000000e+02,-7.840000000000000000e+02,-1.153000000000000000e+03,-6.220000000000000000e+02,-4.200000000000000000e+01
1.679988670171451330e+09,1.658400000000000000e+04,5.120000000000000000e+02,-7.840000000000000000e+02,-1.153000000000000000e+03,-6.220000000000000000e+02,-4.200000000000000000e+01
1.679988670172079802e+09,1.658400000000000000e+04,5.120000000000000000e+02,-7.840000000000000000e+02,-1.153000000000000000e+03,-6.220000000000000000e+02,-4.200000000000000000e+01
1.679988670173410416e+09,1.658400000000000000e+04,5.120000000000000000e+02,-7.840000000000000000e+02,-1.153000000000000000e+03,-6.220000000000000000e+02,-4.200000000000000000e+01
1.679988670174073696e+09,1.658400000000000000e+04,5.120000000000000000e+02,-7.840000000000000000e+02,-1.153000000000000000e+03,-6.220000000000000000e+02,-4.200000000000000000e+01
1.679988670175407410e+09,1.658400000000000000e+04,5.120000000000000000e+02,-7.840000000000000000e+02,-1.153000000000000000e+03,-6.220000000000000000e+02,-4.200000000000000000e+01
1.679988670176109314e+09,1.658400000000000000e+04,5.120000000000000000e+02,-7.840000000000000000e+02,-1.153000000000000000e+03,-6.220000000000000000e+02,-4.200000000000000000e+01
1.679988670177408934e+09,1.658400000000000000e+04,5.120000000000000000e+02,-7.840000000000000000e+02,-1.153000000000000000e+03,-6.220000000000000000e+02,-4.200000000000000000e+01
1.679988670178010702e+09,1.658400000000000000e+04,5.120000000000000000e+02,-7.840000000000000000e+02,-1.153000000000000000e+03,-6.220000000000000000e+02,-4.200000000000000000e+01
1.679988670179347754e+09,1.658400000000000000e+04,5.120000000000000000e+02,-7.840000000000000000e+02,-1.153000000000000000e+03,-6.220000000000000000e+02,-4.200000000000000000e+01
1.679988670180012465e+09,1.658400000000000000e+04,5.120000000000000000e+02,-7.840000000000000000e+02,-1.153000000000000000e+03,-6.220000000000000000e+02,-4.200000000000000000e+01
1.679988670181339741e+09,1.658400000000000000e+04,5.120000000000000000e+02,-7.840000000000000000e+02,-1.153000000000000000e+03,-6.220000000000000000e+02,-4.200000000000000000e+01
1.679988670181970596e+09,1.658400000000000000e+04,5.120000000000000000e+02,-7.840000000000000000e+02,-1.153000000000000000e+03,-6.220000000000000000e+02,-4.200000000000000000e+01
1.679988670183329344e+09,1.658400000000000000e+04,5.120000000000000000e+02,-7.840000000000000000e+02,-1.153000000000000000e+03,-6.220000000000000000e+02,-4.200000000000000000e+01
1.679988670183974504e+09,1.658400000000000000e+04,5.120000000000000000e+02,-7.840000000000000000e+02,-1.153000000000000000e+03,-6.220000000000000000e+02,-4.200000000000000000e+01
1.679988670185282707e+09,1.658400000000000000e+04,5.120000000000000000e+02,-7.840000000000000000e+02,-1.153000000000000000e+03,-6.220000000000000000e+02,-4.200000000000000000e+01
1.679988670185970783e+09,1.658400000000000000e+04,5.120000000000000000e+02,-7.840000000000000000e+02,-1.153000000000000000e+03,-6.220000000000000000e+02,-4.200000000000000000e+01
1.679988670187285423e+09,1.658400000000000000e+04,5.120000000000000000e+02,-7.840000000000000000e+02,-1.153000000000000000e+03,-6.220000000000000000e+02,-4.200000000000000000e+01
1.679988670187896252e+09,1.658400000000000000e+04,5.120000000000000000e+02,-7.840000000000000000e+02,-1.153000000000000000e+03,-6.220000000000000000e+02,-4.200000000000000000e+01
1.679988670189230680e+09,1.658400000000000000e+04,5.120000000000000000e+02,-7.840000000000000000e+02,-1.153000000000000000e+03,-6.220000000000000000e+02,-4.200000000000000000e+01
1.679988670189873457e+09,1.658400000000000000e+04,5.120000000000000000e+02,-7.840000000000000000e+02,-1.153000000000000000e+03,-6.220000000000000000e+02,-4.200000000000000000e+01
1.679988670191181660e+09,1.658400000000000000e+04,5.120000000000000000e+02,-7.840000000000000000e+02,-1.153000000000000000e+03,-6.220000000000000000e+02,-4.200000000000000000e+01
1.679988670191838026e+09,1.658400000000000000e+04,5.120000000000000000e+02,-7.840000000000000000e+02,-1.153000000000000000e+03,-6.220000000000000000e+02,-4.200000000000000000e+01
1.679988670193217516e+09,1.658400000000000000e+04,5.120000000000000000e+02,-7.840000000000000000e+02,-1.153000000000000000e+03,-6.220000000000000000e+02,-4.200000000000000000e+01
1.679988670193835258e+09,1.658400000000000000e+04,5.120000000000000000e+02,-7.840000000000000000e+02,-1.153000000000000000e+03,-6.220000000000000000e+02,-4.200000000000000000e+01
1.679988670195168972e+09,1.658400000000000000e+04,5.120000000000000000e+02,-7.840000000000000000e+02,-1.153000000000000000e+03,-6.220000000000000000e+02,-4.200000000000000000e+01
1.679988670195867300e+09,1.658400000000000000e+04,5.120000000000000000e+02,-7.840000000000000000e+02,-1.153000000000000000e+03,-6.220000000000000000e+02,-4.200000000000000000e+01
1.679988670197194815e+09,1.658400000000000000e+04,5.120000000000000000e+02,-7.840000000000000000e+02,-1.153000000000000000e+03,-6.220000000000000000e+02,-4.200000000000000000e+01
1.679988670197858095e+09,1.658400000000000000e+04,5.120000000000000000e+02,-7.840000000000000000e+02,-1.153000000000000000e+03,-6.220000000000000000e+02,-4.200000000000000000e+01
1.679988670199188232e+09,1.658400000000000000e+04,5.120000000000000000e+02,-7.840000000000000000e+02,-1.153000000000000000e+03,-6.220000000000000000e+02,-4.200000000000000000e+01
1.679988670199820518e+09,1.658400000000000000e+04,5.120000000000000000e+02,-7.840000000000000000e+02,-1.153000000000000000e+03,-6.220000000000000000e+02,-4.200000000000000000e+01
1.679988670201185465e+09,1.658400000000000000e+04,5.120000000000000000e+02,-7.840000000000000000e+02,-1.153000000000000000e+03,-6.220000000000000000e+02,-4.200000000000000000e+01
1.679988670201813698e+09,1.658400000000000000e+04,5.120000000000000000e+02,-7.840000000000000000e+02,-1.153000000000000000e+03,-6.220000000000000000e+02,-4.200000000000000000e+01
1.679988670203134060e+09,1.658400000000000000e+04,5.120000000000000000e+02,-7.840000000000000000e+02,-1.153000000000000000e+03,-6.220000000000000000e+02,-4.200000000000000000e+01
1.679988670203758955e+09,1.658400000000000000e+04,5.120000000000000000e+02,-7.840000000000000000e+02,-1.153000000000000000e+03,-6.220000000000000000e+02,-4.200000000000000000e+01
1.679988670205128193e+09,1.658400000000000000e+04,5.120000000000000000e+02,-7.840000000000000000e+02,-1.153000000000000000e+03,-6.220000000000000000e+02,-4.200000000000000000e+01
1.679988670205777884e+09,1.658400000000000000e+04,5.120000000000000000e+02,-7.840000000000000000e+02,-1.153000000000000000e+03,-6.220000000000000000e+02,-4.200000000000000000e+01
1.679988670207121372e+09,1.658400000000000000e+04,5.120000000000000000e+02,-7.840000000000000000e+02,-1.153000000000000000e+03,-6.220000000000000000e+02,-4.200000000000000000e+01
1.679988670207727909e+09,1.658400000000000000e+04,5.120000000000000000e+02,-7.840000000000000000e+02,-1.153000000000000000e+03,-6.220000000000000000e+02,-4.200000000000000000e+01
1.679988670209064484e+09,1.658400000000000000e+04,5.120000000000000000e+02,-7.840000000000000000e+02,-1.153000000000000000e+03,-6.220000000000000000e+02,-4.200000000000000000e+01
1.679988670209699631e+09,1.658400000000000000e+04,5.120000000000000000e+02,-7.840000000000000000e+02,-1.153000000000000000e+03,-6.220000000000000000e+02,-4.200000000000000000e+01
1.679988670211046457e+09,1.658400000000000000e+04,5.120000000000000000e+02,-7.840000000000000000e+02,-1.153000000000000000e+03,-6.220000000000000000e+02,-4.200000000000000000e+01
1.679988670211707354e+09,1.658400000000000000e+04,5.120000000000000000e+02,-7.840000000000000000e+02,-1.153000000000000000e+03,-6.220000000000000000e+02,-4.200000000000000000e+01
1.679988670213057041e+09,1.658400000000000000e+04,5.120000000000000000e+02,-7.840000000000000000e+02,-1.153000000000000000e+03,-6.220000000000000000e+02,-4.200000000000000000e+01
1.679988670213698149e+09,1.658400000000000000e+04,5.120000000000000000e+02,-7.840000000000000000e+02,-1.153000000000000000e+03,-6.220000000000000000e+02,-4.200000000000000000e+01
1.679988670215050220e+09,1.658400000000000000e+04,5.120000000000000000e+02,-7.840000000000000000e+02,-1.153000000000000000e+03,-6.220000000000000000e+02,-4.200000000000000000e+01
1.679988670215784550e+09,1.658400000000000000e+04,5.120000000000000000e+02,-7.840000000000000000e+02,-1.153000000000000000e+03,-6.220000000000000000e+02,-4.200000000000000000e+01
1.679988670217100859e+09,1.658400000000000000e+04,5.120000000000000000e+02,-7.840000000000000000e+02,-1.153000000000000000e+03,-6.220000000000000000e+02,-4.200000000000000000e+01
1.679988670217715502e+09,1.658400000000000000e+04,5.120000000000000000e+02,-7.840000000000000000e+02,-1.153000000000000000e+03,-6.220000000000000000e+02,-4.200000000000000000e+01
1.679988670219060183e+09,1.658400000000000000e+04,5.120000000000000000e+02,-7.840000000000000000e+02,-1.153000000000000000e+03,-6.220000000000000000e+02,-4.200000000000000000e+01
1.679988670219699621e+09,1.658400000000000000e+04,5.120000000000000000e+02,-7.840000000000000000e+02,-1.153000000000000000e+03,-6.220000000000000000e+02,-4.200000000000000000e+01
1.679988670221035242e+09,1.658400000000000000e+04,5.120000000000000000e+02,-7.840000000000000000e+02,-1.153000000000000000e+03,-6.220000000000000000e+02,-4.200000000000000000e+01
1.679988670221683502e+09,1.658400000000000000e+04,5.120000000000000000e+02,-7.840000000000000000e+02,-1.153000000000000000e+03,-6.220000000000000000e+02,-4.200000000000000000e+01
1.679988670223021984e+09,1.658400000000000000e+04,5.120000000000000000e+02,-7.840000000000000000e+02,-1.153000000000000000e+03,-6.220000000000000000e+02,-4.200000000000000000e+01
1.679988670223652124e+09,1.658400000000000000e+04,5.120000000000000000e+02,-7.840000000000000000e+02,-1.153000000000000000e+03,-6.220000000000000000e+02,-4.200000000000000000e+01
1.679988670225006819e+09,1.658400000000000000e+04,5.120000000000000000e+02,-7.840000000000000000e+02,-1.153000000000000000e+03,-6.220000000000000000e+02,-4.200000000000000000e+01
1.679988670225620508e+09,1.658400000000000000e+04,5.120000000000000000e+02,-7.840000000000000000e+02,-1.153000000000000000e+03,-6.220000000000000000e+02,-4.200000000000000000e+01
1.679988670227020264e+09,1.658400000000000000e+04,5.120000000000000000e+02,-7.840000000000000000e+02,-1.153000000000000000e+03,-6.220000000000000000e+02,-4.200000000000000000e+01
1.679988670227654696e+09,1.658400000000000000e+04,5.120000000000000000e+02,-7.840000000000000000e+02,-1.153000000000000000e+03,-6.220000000000000000e+02,-4.200000000000000000e+01
1.679988670228999138e+09,1.658400000000000000e+04,5.120000000000000000e+02,-7.840000000000000000e+02,-1.153000000000000000e+03,-6.220000000000000000e+02,-4.200000000000000000e+01
1.679988670229651213e+09,1.658400000000000000e+04,5.120000000000000000e+02,-7.840000000000000000e+02,-1.153000000000000000e+03,-6.220000000000000000e+02,-4.200000000000000000e+01
1.679988670231022358e+09,1.658400000000000000e+04,5.120000000000000000e+02,-7.840000000000000000e+02,-1.153000000000000000e+03,-6.220000000000000000e+02,-4.200000000000000000e+01
1.679988670231696844e+09,1.658400000000000000e+04,5.120000000000000000e+02,-7.840000000000000000e+02,-1.153000000000000000e+03,-6.220000000000000000e+02,-4.200000000000000000e+01
1.679988670233003616e+09,1.658400000000000000e+04,5.120000000000000000e+02,-7.840000000000000000e+02,-1.153000000000000000e+03,-6.220000000000000000e+02,-4.200000000000000000e+01
1.679988670233667612e+09,1.658400000000000000e+04,5.120000000000000000e+02,-7.840000000000000000e+02,-1.153000000000000000e+03,-6.220000000000000000e+02,-4.200000000000000000e+01
1.679988670235018015e+09,1.658400000000000000e+04,5.120000000000000000e+02,-7.840000000000000000e+02,-1.153000000000000000e+03,-6.220000000000000000e+02,-4.200000000000000000e+01
1.679988670235737562e+09,1.658400000000000000e+04,5.120000000000000000e+02,-7.840000000000000000e+02,-1.153000000000000000e+03,-6.220000000000000000e+02,-4.200000000000000000e+01
1.679988670237060785e+09,1.658400000000000000e+04,5.120000000000000000e+02,-7.840000000000000000e+02,-1.153000000000000000e+03,-6.220000000000000000e+02,-4.200000000000000000e+01
1.679988670237715960e+09,1.658400000000000000e+04,5.120000000000000000e+02,-7.840000000000000000e+02,-1.153000000000000000e+03,-6.220000000000000000e+02,-4.200000000000000000e+01
1.679988670239043951e+09,1.658400000000000000e+04,5.120000000000000000e+02,-7.840000000000000000e+02,-1.153000000000000000e+03,-6.220000000000000000e+02,-4.200000000000000000e+01
1.679988670239696503e+09,1.658400000000000000e+04,5.120000000000000000e+02,-7.840000000000000000e+02,-1.153000000000000000e+03,-6.220000000000000000e+02,-4.200000000000000000e+01
1.679988670241017580e+09,1.658400000000000000e+04,5.120000000000000000e+02,-7.840000000000000000e+02,-1.153000000000000000e+03,-6.220000000000000000e+02,-4.200000000000000000e+01
1.679988670241633892e+09,1.658400000000000000e+04,5.120000000000000000e+02,-7.840000000000000000e+02,-1.153000000000000000e+03,-6.220000000000000000e+02,-4.200000000000000000e+01
1.679988670242990732e+09,1.658400000000000000e+04,5.120000000000000000e+02,-7.840000000000000000e+02,-1.153000000000000000e+03,-6.220000000000000000e+02,-4.200000000000000000e+01
1.679988670243627071e+09,1.658400000000000000e+04,5.120000000000000000e+02,-7.840000000000000000e+02,-1.153000000000000000e+03,-6.220000000000000000e+02,-4.200000000000000000e+01
1.679988670244963646e+09,1.658400000000000000e+04,5.120000000000000000e+02,-7.840000000000000000e+02,-1.153000000000000000e+03,-6.220000000000000000e+02,-4.200000000000000000e+01
1.679988670245650291e+09,1.658400000000000000e+04,5.120000000000000000e+02,-7.840000000000000000e+02,-1.153000000000000000e+03,-6.220000000000000000e+02,-4.200000000000000000e+01
1.679988670247019768e+09,1.658400000000000000e+04,5.120000000000000000e+02,-7.840000000000000000e+02,-1.153000000000000000e+03,-6.220000000000000000e+02,-4.200000000000000000e+01
1.679988670247634172e+09,1.658400000000000000e+04,5.120000000000000000e+02,-7.840000000000000000e+02,-1.153000000000000000e+03,-6.220000000000000000e+02,-4.200000000000000000e+01
1.679988670248987436e+09,1.658400000000000000e+04,5.120000000000000000e+02,-7.840000000000000000e+02,-1.153000000000000000e+03,-6.220000000000000000e+02,-4.200000000000000000e+01
1.679988670249629259e+09,1.658400000000000000e+04,5.120000000000000000e+02,-7.840000000000000000e+02,-1.153000000000000000e+03,-6.220000000000000000e+02,-4.200000000000000000e+01
1.679988670250959635e+09,1.658400000000000000e+04,5.120000000000000000e+02,-7.840000000000000000e+02,-1.153000000000000000e+03,-6.220000000000000000e+02,-4.200000000000000000e+01
1.679988670251602411e+09,1.658400000000000000e+04,5.120000000000000000e+02,-7.840000000000000000e+02,-1.153000000000000000e+03,-6.220000000000000000e+02,-4.200000000000000000e+01
1.679988670252944469e+09,1.658400000000000000e+04,5.120000000000000000e+02,-7.840000000000000000e+02,-1.153000000000000000e+03,-6.220000000000000000e+02,-4.200000000000000000e+01
1.679988670253567934e+09,1.658400000000000000e+04,5.120000000000000000e+02,-7.840000000000000000e+02,-1.153000000000000000e+03,-6.220000000000000000e+02,-4.200000000000000000e+01
1.679988670254945755e+09,1.658400000000000000e+04,5.120000000000000000e+02,-7.840000000000000000e+02,-1.153000000000000000e+03,-6.220000000000000000e+02,-4.200000000000000000e+01
1.679988670255593538e+09,1.658400000000000000e+04,5.120000000000000000e+02,-7.840000000000000000e+02,-1.153000000000000000e+03,-6.220000000000000000e+02,-4.200000000000000000e+01
1.679988670256952763e+09,1.658400000000000000e+04,5.120000000000000000e+02,-7.840000000000000000e+02,-1.153000000000000000e+03,-6.220000000000000000e+02,-4.200000000000000000e+01
1.679988670257624865e+09,1.658400000000000000e+04,5.120000000000000000e+02,-7.840000000000000000e+02,-1.153000000000000000e+03,-6.220000000000000000e+02,-4.200000000000000000e+01
1.679988670258958578e+09,1.658400000000000000e+04,5.120000000000000000e+02,-7.840000000000000000e+02,-1.153000000000000000e+03,-6.220000000000000000e+02,-4.200000000000000000e+01
1.679988670259598017e+09,1.658400000000000000e+04,5.120000000000000000e+02,-7.840000000000000000e+02,-1.153000000000000000e+03,-6.220000000000000000e+02,-4.200000000000000000e+01
1.679988670260931015e+09,1.658400000000000000e+04,5.120000000000000000e+02,-7.840000000000000000e+02,-1.153000000000000000e+03,-6.220000000000000000e+02,-4.200000000000000000e+01
1.679988670261529684e+09,1.658400000000000000e+04,5.120000000000000000e+02,-7.840000000000000000e+02,-1.153000000000000000e+03,-6.220000000000000000e+02,-4.200000000000000000e+01
1.679988670262872934e+09,1.658400000000000000e+04,5.120000000000000000e+02,-7.840000000000000000e+02,-1.153000000000000000e+03,-6.220000000000000000e+02,-4.200000000000000000e+01
1.679988670263508320e+09,1.658400000000000000e+04,5.120000000000000000e+02,-7.840000000000000000e+02,-1.153000000000000000e+03,-6.220000000000000000e+02,-4.200000000000000000e+01
1.679988670264858484e+09,1.658400000000000000e+04,5.120000000000000000e+02,-7.840000000000000000e+02,-1.153000000000000000e+03,-6.220000000000000000e+02,-4.200000000000000000e+01
1.679988670265526295e+09,1.658400000000000000e+04,5.120000000000000000e+02,-7.840000000000000000e+02,-1.153000000000000000e+03,-6.220000000000000000e+02,-4.200000000000000000e+01
1.679988670266960144e+09,1.658400000000000000e+04,5.120000000000000000e+02,-7.840000000000000000e+02,-1.153000000000000000e+03,-6.220000000000000000e+02,-4.200000000000000000e+01
1.679988670267655373e+09,1.658400000000000000e+04,5.120000000000000000e+02,-7.840000000000000000e+02,-1.153000000000000000e+03,-6.220000000000000000e+02,-4.200000000000000000e+01
1.679988670268954515e+09,1.658400000000000000e+04,5.120000000000000000e+02,-7.840000000000000000e+02,-1.153000000000000000e+03,-6.220000000000000000e+02,-4.200000000000000000e+01
1.679988670269594193e+09,1.658400000000000000e+04,5.120000000000000000e+02,-7.840000000000000000e+02,-1.153000000000000000e+03,-6.220000000000000000e+02,-4.200000000000000000e+01
1.679988670270965338e+09,1.658400000000000000e+04,5.120000000000000000e+02,-7.840000000000000000e+02,-1.153000000000000000e+03,-6.220000000000000000e+02,-4.200000000000000000e+01
1.679988670271604776e+09,1.658400000000000000e+04,5.120000000000000000e+02,-7.840000000000000000e+02,-1.153000000000000000e+03,-6.220000000000000000e+02,-4.200000000000000000e+01
1.679988670272951603e+09,1.658400000000000000e+04,5.120000000000000000e+02,-7.840000000000000000e+02,-1.153000000000000000e+03,-6.220000000000000000e+02,-4.200000000000000000e+01
1.679988670273558617e+09,1.658400000000000000e+04,5.120000000000000000e+02,-7.840000000000000000e+02,-1.153000000000000000e+03,-6.220000000000000000e+02,-4.200000000000000000e+01
1.679988670274921656e+09,1.658400000000000000e+04,5.120000000000000000e+02,-7.840000000000000000e+02,-1.153000000000000000e+03,-6.220000000000000000e+02,-4.200000000000000000e+01
1.679988670275581837e+09,1.658400000000000000e+04,5.120000000000000000e+02,-7.840000000000000000e+02,-1.153000000000000000e+03,-6.220000000000000000e+02,-4.200000000000000000e+01
1.679988670276929855e+09,1.658400000000000000e+04,5.120000000000000000e+02,-7.840000000000000000e+02,-1.153000000000000000e+03,-6.220000000000000000e+02,-4.200000000000000000e+01
1.679988670277538300e+09,1.658400000000000000e+04,5.120000000000000000e+02,-7.840000000000000000e+02,-1.153000000000000000e+03,-6.220000000000000000e+02,-4.200000000000000000e+01
1.679988670278900146e+09,1.658400000000000000e+04,5.120000000000000000e+02,-7.840000000000000000e+02,-1.153000000000000000e+03,-6.220000000000000000e+02,-4.200000000000000000e+01
1.679988670279670715e+09,1.658400000000000000e+04,5.120000000000000000e+02,-7.840000000000000000e+02,-1.153000000000000000e+03,-6.220000000000000000e+02,-4.200000000000000000e+01
1.679988670281127214e+09,1.658400000000000000e+04,5.120000000000000000e+02,-7.840000000000000000e+02,-1.153000000000000000e+03,-6.220000000000000000e+02,-4.200000000000000000e+01
1.679988670281745672e+09,1.658400000000000000e+04,5.120000000000000000e+02,-7.840000000000000000e+02,-1.153000000000000000e+03,-6.220000000000000000e+02,-4.200000000000000000e+01
1.679988670283080101e+09,1.658400000000000000e+04,5.120000000000000000e+02,-7.840000000000000000e+02,-1.153000000000000000e+03,-6.220000000000000000e+02,-4.200000000000000000e+01
1.679988670283727646e+09,1.658400000000000000e+04,5.120000000000000000e+02,-7.840000000000000000e+02,-1.153000000000000000e+03,-6.220000000000000000e+02,-4.200000000000000000e+01
1.679988670285057306e+09,1.658400000000000000e+04,5.120000000000000000e+02,-7.840000000000000000e+02,-1.153000000000000000e+03,-6.220000000000000000e+02,-4.200000000000000000e+01
1.679988670285753250e+09,1.658400000000000000e+04,5.120000000000000000e+02,-7.840000000000000000e+02,-1.153000000000000000e+03,-6.220000000000000000e+02,-4.200000000000000000e+01
1.679988670287106752e+09,1.658400000000000000e+04,5.120000000000000000e+02,-7.840000000000000000e+02,-1.153000000000000000e+03,-6.220000000000000000e+02,-4.200000000000000000e+01
1.679988670287756205e+09,1.658400000000000000e+04,5.120000000000000000e+02,-7.840000000000000000e+02,-1.153000000000000000e+03,-6.220000000000000000e+02,-4.200000000000000000e+01
1.679988670289097548e+09,1.658400000000000000e+04,5.120000000000000000e+02,-7.840000000000000000e+02,-1.153000000000000000e+03,-6.220000000000000000e+02,-4.200000000000000000e+01
1.679988670289750576e+09,1.658400000000000000e+04,5.120000000000000000e+02,-7.840000000000000000e+02,-1.153000000000000000e+03,-6.220000000000000000e+02,-4.200000000000000000e+01
1.679988670291087866e+09,1.658400000000000000e+04,5.120000000000000000e+02,-7.840000000000000000e+02,-1.153000000000000000e+03,-6.220000000000000000e+02,-4.200000000000000000e+01
1.679988670291773558e+09,1.658400000000000000e+04,5.120000000000000000e+02,-7.840000000000000000e+02,-1.153000000000000000e+03,-6.220000000000000000e+02,-4.200000000000000000e+01
1.679988670293114424e+09,1.658400000000000000e+04,5.120000000000000000e+02,-7.840000000000000000e+02,-1.153000000000000000e+03,-6.220000000000000000e+02,-4.200000000000000000e+01
1.679988670293772697e+09,1.658400000000000000e+04,5.120000000000000000e+02,-7.840000000000000000e+02,-1.153000000000000000e+03,-6.220000000000000000e+02,-4.200000000000000000e+01
1.679988670295125961e+09,1.658400000000000000e+04,5.120000000000000000e+02,-7.840000000000000000e+02,-1.153000000000000000e+03,-6.220000000000000000e+02,-4.200000000000000000e+01
1.679988670295845747e+09,1.658400000000000000e+04,5.120000000000000000e+02,-7.840000000000000000e+02,-1.153000000000000000e+03,-6.220000000000000000e+02,-4.200000000000000000e+01
1.679988670297162533e+09,1.658400000000000000e+04,5.120000000000000000e+02,-7.840000000000000000e+02,-1.153000000000000000e+03,-6.220000000000000000e+02,-4.200000000000000000e+01
1.679988670297782183e+09,1.658400000000000000e+04,5.120000000000000000e+02,-7.840000000000000000e+02,-1.153000000000000000e+03,-6.220000000000000000e+02,-4.200000000000000000e+01
1.679988670299142599e+09,1.658400000000000000e+04,5.120000000000000000e+02,-7.840000000000000000e+02,-1.153000000000000000e+03,-6.220000000000000000e+02,-4.200000000000000000e+01
1.679988670299760580e+09,1.658400000000000000e+04,5.120000000000000000e+02,-7.840000000000000000e+02,-1.153000000000000000e+03,-6.220000000000000000e+02,-4.200000000000000000e+01
1.679988670301121950e+09,1.658400000000000000e+04,5.120000000000000000e+02,-7.840000000000000000e+02,-1.153000000000000000e+03,-6.220000000000000000e+02,-4.200000000000000000e+01
1.679988670301772833e+09,1.658400000000000000e+04,5.120000000000000000e+02,-7.840000000000000000e+02,-1.153000000000000000e+03,-6.220000000000000000e+02,-4.200000000000000000e+01
1.679988670303145647e+09,1.658400000000000000e+04,5.120000000000000000e+02,-7.840000000000000000e+02,-1.153000000000000000e+03,-6.220000000000000000e+02,-4.200000000000000000e+01
1.679988670303806782e+09,1.658400000000000000e+04,5.120000000000000000e+02,-7.840000000000000000e+02,-1.153000000000000000e+03,-6.220000000000000000e+02,-4.200000000000000000e+01
1.679988670305166245e+09,1.658400000000000000e+04,5.120000000000000000e+02,-7.840000000000000000e+02,-1.153000000000000000e+03,-6.220000000000000000e+02,-4.200000000000000000e+01
1.679988670305880547e+09,1.658400000000000000e+04,5.120000000000000000e+02,-7.840000000000000000e+02,-1.153000000000000000e+03,-6.220000000000000000e+02,-4.200000000000000000e+01
1.679988670307226658e+09,1.658400000000000000e+04,5.120000000000000000e+02,-7.840000000000000000e+02,-1.153000000000000000e+03,-6.220000000000000000e+02,-4.200000000000000000e+01
1.679988670307900906e+09,1.658400000000000000e+04,5.120000000000000000e+02,-7.840000000000000000e+02,-1.153000000000000000e+03,-6.220000000000000000e+02,-4.200000000000000000e+01
1.679988670309225559e+09,1.658400000000000000e+04,5.120000000000000000e+02,-7.840000000000000000e+02,-1.153000000000000000e+03,-6.220000000000000000e+02,-4.200000000000000000e+01
1.679988670309847832e+09,1.658400000000000000e+04,5.120000000000000000e+02,-7.840000000000000000e+02,-1.153000000000000000e+03,-6.220000000000000000e+02,-4.200000000000000000e+01
1.679988670311230421e+09,1.658400000000000000e+04,5.120000000000000000e+02,-7.840000000000000000e+02,-1.153000000000000000e+03,-6.220000000000000000e+02,-4.200000000000000000e+01
1.679988670311920404e+09,1.658400000000000000e+04,5.120000000000000000e+02,-7.840000000000000000e+02,-1.153000000000000000e+03,-6.220000000000000000e+02,-4.200000000000000000e+01
1.679988670313279390e+09,1.658400000000000000e+04,5.120000000000000000e+02,-7.840000000000000000e+02,-1.153000000000000000e+03,-6.220000000000000000e+02,-4.200000000000000000e+01
1.679988670313942194e+09,1.658400000000000000e+04,5.120000000000000000e+02,-7.840000000000000000e+02,-1.153000000000000000e+03,-6.220000000000000000e+02,-4.200000000000000000e+01
1.679988670315276861e+09,1.658400000000000000e+04,5.120000000000000000e+02,-7.840000000000000000e+02,-1.153000000000000000e+03,-6.220000000000000000e+02,-4.200000000000000000e+01
1.679988670315989494e+09,1.658400000000000000e+04,5.120000000000000000e+02,-7.840000000000000000e+02,-1.153000000000000000e+03,-6.220000000000000000e+02,-4.200000000000000000e+01
1.679988670317313910e+09,1.658400000000000000e+04,5.120000000000000000e+02,-7.840000000000000000e+02,-1.153000000000000000e+03,-6.220000000000000000e+02,-4.200000000000000000e+01
1.679988670317934513e+09,1.658400000000000000e+04,5.120000000000000000e+02,-7.840000000000000000e+02,-1.153000000000000000e+03,-6.220000000000000000e+02,-4.200000000000000000e+01
1.679988670319295883e+09,1.658400000000000000e+04,5.120000000000000000e+02,-7.840000000000000000e+02,-1.153000000000000000e+03,-6.220000000000000000e+02,-4.200000000000000000e+01
1.679988670319956064e+09,1.658400000000000000e+04,5.120000000000000000e+02,-7.840000000000000000e+02,-1.153000000000000000e+03,-6.220000000000000000e+02,-4.200000000000000000e+01
1.679988670321316957e+09,1.658400000000000000e+04,5.120000000000000000e+02,-7.840000000000000000e+02,-1.153000000000000000e+03,-6.220000000000000000e+02,-4.200000000000000000e+01
1.679988670321956635e+09,1.658400000000000000e+04,5.120000000000000000e+02,-7.840000000000000000e+02,-1.153000000000000000e+03,-6.220000000000000000e+02,-4.200000000000000000e+01
1.679988670323310375e+09,1.658400000000000000e+04,5.120000000000000000e+02,-7.840000000000000000e+02,-1.153000000000000000e+03,-6.220000000000000000e+02,-4.200000000000000000e+01
1.679988670323931456e+09,1.658400000000000000e+04,5.120000000000000000e+02,-7.840000000000000000e+02,-1.153000000000000000e+03,-6.220000000000000000e+02,-4.200000000000000000e+01
1.679988670325299978e+09,1.658400000000000000e+04,5.120000000000000000e+02,-7.840000000000000000e+02,-1.153000000000000000e+03,-6.220000000000000000e+02,-4.200000000000000000e+01
1.679988670326015711e+09,1.658400000000000000e+04,5.120000000000000000e+02,-7.840000000000000000e+02,-1.153000000000000000e+03,-6.220000000000000000e+02,-4.200000000000000000e+01
1.679988670327353716e+09,1.658400000000000000e+04,5.120000000000000000e+02,-7.840000000000000000e+02,-1.153000000000000000e+03,-6.220000000000000000e+02,-4.200000000000000000e+01
1.679988670328008652e+09,1.658400000000000000e+04,5.120000000000000000e+02,-7.840000000000000000e+02,-1.153000000000000000e+03,-6.220000000000000000e+02,-4.200000000000000000e+01
1.679988670329366684e+09,1.658400000000000000e+04,5.120000000000000000e+02,-7.840000000000000000e+02,-1.153000000000000000e+03,-6.220000000000000000e+02,-4.200000000000000000e+01
1.679988670330015898e+09,1.658400000000000000e+04,5.120000000000000000e+02,-7.840000000000000000e+02,-1.153000000000000000e+03,-6.220000000000000000e+02,-4.200000000000000000e+01
1.679988670331378698e+09,1.658400000000000000e+04,5.120000000000000000e+02,-7.840000000000000000e+02,-1.153000000000000000e+03,-6.220000000000000000e+02,-4.200000000000000000e+01
1.679988670332054377e+09,1.658400000000000000e+04,5.120000000000000000e+02,-7.840000000000000000e+02,-1.153000000000000000e+03,-6.220000000000000000e+02,-4.200000000000000000e+01
1.679988670333384991e+09,1.658400000000000000e+04,5.120000000000000000e+02,-7.840000000000000000e+02,-1.153000000000000000e+03,-6.220000000000000000e+02,-4.200000000000000000e+01
1.679988670333997965e+09,1.658400000000000000e+04,5.120000000000000000e+02,-7.840000000000000000e+02,-1.153000000000000000e+03,-6.220000000000000000e+02,-4.200000000000000000e+01
1.679988670335366964e+09,1.658400000000000000e+04,5.120000000000000000e+02,-7.840000000000000000e+02,-1.153000000000000000e+03,-6.220000000000000000e+02,-4.200000000000000000e+01
1.679988670336017132e+09,1.658400000000000000e+04,5.120000000000000000e+02,-7.840000000000000000e+02,-1.153000000000000000e+03,-6.220000000000000000e+02,-4.200000000000000000e+01
1.679988670337362528e+09,1.658400000000000000e+04,5.120000000000000000e+02,-7.840000000000000000e+02,-1.153000000000000000e+03,-6.220000000000000000e+02,-4.200000000000000000e+01
1.679988670338014364e+09,1.658400000000000000e+04,5.120000000000000000e+02,-7.840000000000000000e+02,-1.153000000000000000e+03,-6.220000000000000000e+02,-4.200000000000000000e+01
1.679988670339375734e+09,1.658400000000000000e+04,5.120000000000000000e+02,-7.840000000000000000e+02,-1.153000000000000000e+03,-6.220000000000000000e+02,-4.200000000000000000e+01
1.679988670340000868e+09,1.658400000000000000e+04,5.120000000000000000e+02,-7.840000000000000000e+02,-1.153000000000000000e+03,-6.220000000000000000e+02,-4.200000000000000000e+01
1.679988670341419458e+09,1.658400000000000000e+04,5.120000000000000000e+02,-7.840000000000000000e+02,-1.153000000000000000e+03,-6.220000000000000000e+02,-4.200000000000000000e+01
1.679988670342070103e+09,1.658400000000000000e+04,5.120000000000000000e+02,-7.840000000000000000e+02,-1.153000000000000000e+03,-6.220000000000000000e+02,-4.200000000000000000e+01
1.679988670343431711e+09,1.658400000000000000e+04,5.120000000000000000e+02,-7.840000000000000000e+02,-1.153000000000000000e+03,-6.220000000000000000e+02,-4.200000000000000000e+01
1.679988670344545364e+09,1.658400000000000000e+04,5.120000000000000000e+02,-7.840000000000000000e+02,-1.153000000000000000e+03,-6.220000000000000000e+02,-4.200000000000000000e+01
1.679988670345938444e+09,1.658400000000000000e+04,5.120000000000000000e+02,-7.840000000000000000e+02,-1.153000000000000000e+03,-6.220000000000000000e+02,-4.200000000000000000e+01
1.679988670346632242e+09,1.658400000000000000e+04,5.120000000000000000e+02,-7.840000000000000000e+02,-1.153000000000000000e+03,-6.220000000000000000e+02,-4.200000000000000000e+01
1.679988670347967386e+09,1.658400000000000000e+04,5.120000000000000000e+02,-7.840000000000000000e+02,-1.153000000000000000e+03,-6.220000000000000000e+02,-4.200000000000000000e+01
1.679988670348639011e+09,1.658400000000000000e+04,5.120000000000000000e+02,-7.840000000000000000e+02,-1.153000000000000000e+03,-6.220000000000000000e+02,-4.200000000000000000e+01
1.679988670349914312e+09,1.658400000000000000e+04,5.120000000000000000e+02,-7.840000000000000000e+02,-1.153000000000000000e+03,-6.220000000000000000e+02,-4.200000000000000000e+01
1.679988670350603580e+09,1.658400000000000000e+04,5.120000000000000000e+02,-7.840000000000000000e+02,-1.153000000000000000e+03,-6.220000000000000000e+02,-4.200000000000000000e+01
1.679988670351937771e+09,1.658400000000000000e+04,5.120000000000000000e+02,-7.840000000000000000e+02,-1.153000000000000000e+03,-6.220000000000000000e+02,-4.200000000000000000e+01
1.679988670352644682e+09,1.658400000000000000e+04,5.120000000000000000e+02,-7.840000000000000000e+02,-1.153000000000000000e+03,-6.220000000000000000e+02,-4.200000000000000000e+01
1.679988670353968143e+09,1.658400000000000000e+04,5.120000000000000000e+02,-7.840000000000000000e+02,-1.153000000000000000e+03,-6.220000000000000000e+02,-4.200000000000000000e+01
1.679988670354671478e+09,1.658400000000000000e+04,5.120000000000000000e+02,-7.840000000000000000e+02,-1.153000000000000000e+03,-6.220000000000000000e+02,-4.200000000000000000e+01
1.679988670356048584e+09,1.658400000000000000e+04,5.120000000000000000e+02,-7.840000000000000000e+02,-1.153000000000000000e+03,-6.220000000000000000e+02,-4.200000000000000000e+01
1.679988670356736422e+09,1.658400000000000000e+04,5.120000000000000000e+02,-7.840000000000000000e+02,-1.153000000000000000e+03,-6.220000000000000000e+02,-4.200000000000000000e+01
1.679988670358086824e+09,1.658400000000000000e+04,5.120000000000000000e+02,-7.840000000000000000e+02,-1.153000000000000000e+03,-6.220000000000000000e+02,-4.200000000000000000e+01
1.679988670358739376e+09,1.658400000000000000e+04,5.120000000000000000e+02,-7.840000000000000000e+02,-1.153000000000000000e+03,-6.220000000000000000e+02,-4.200000000000000000e+01
1.679988670360067368e+09,1.658400000000000000e+04,5.120000000000000000e+02,-7.840000000000000000e+02,-1.153000000000000000e+03,-6.220000000000000000e+02,-4.200000000000000000e+01
1.679988670360727072e+09,1.658400000000000000e+04,5.120000000000000000e+02,-7.840000000000000000e+02,-1.153000000000000000e+03,-6.220000000000000000e+02,-4.200000000000000000e+01
1.679988670362015724e+09,1.658400000000000000e+04,5.120000000000000000e+02,-7.840000000000000000e+02,-1.153000000000000000e+03,-6.220000000000000000e+02,-4.200000000000000000e+01
1.679988670362741232e+09,1.658400000000000000e+04,5.120000000000000000e+02,-7.840000000000000000e+02,-1.153000000000000000e+03,-6.220000000000000000e+02,-4.200000000000000000e+01
1.679988670364077806e+09,1.658400000000000000e+04,5.120000000000000000e+02,-7.840000000000000000e+02,-1.153000000000000000e+03,-6.220000000000000000e+02,-4.200000000000000000e+01
1.679988670364766836e+09,1.658400000000000000e+04,5.120000000000000000e+02,-7.840000000000000000e+02,-1.153000000000000000e+03,-6.220000000000000000e+02,-4.200000000000000000e+01
1.679988670366164207e+09,1.658400000000000000e+04,5.120000000000000000e+02,-7.840000000000000000e+02,-1.153000000000000000e+03,-6.220000000000000000e+02,-4.200000000000000000e+01
1.679988670366845608e+09,1.658400000000000000e+04,5.120000000000000000e+02,-7.840000000000000000e+02,-1.153000000000000000e+03,-6.220000000000000000e+02,-4.200000000000000000e+01
1.679988670368158817e+09,1.658400000000000000e+04,5.120000000000000000e+02,-7.840000000000000000e+02,-1.153000000000000000e+03,-6.220000000000000000e+02,-4.200000000000000000e+01
1.679988670368860960e+09,1.658400000000000000e+04,5.120000000000000000e+02,-7.840000000000000000e+02,-1.153000000000000000e+03,-6.220000000000000000e+02,-4.200000000000000000e+01
1.679988670370181799e+09,1.658400000000000000e+04,5.120000000000000000e+02,-7.840000000000000000e+02,-1.153000000000000000e+03,-6.220000000000000000e+02,-4.200000000000000000e+01
1.679988670370892286e+09,1.658400000000000000e+04,5.120000000000000000e+02,-7.840000000000000000e+02,-1.153000000000000000e+03,-6.220000000000000000e+02,-4.200000000000000000e+01
1.679988670372210026e+09,1.658400000000000000e+04,5.120000000000000000e+02,-7.840000000000000000e+02,-1.153000000000000000e+03,-6.220000000000000000e+02,-4.200000000000000000e+01
1.679988670372902632e+09,1.658400000000000000e+04,5.120000000000000000e+02,-7.840000000000000000e+02,-1.153000000000000000e+03,-6.220000000000000000e+02,-4.200000000000000000e+01
1.679988670374185562e+09,1.658400000000000000e+04,5.120000000000000000e+02,-7.840000000000000000e+02,-1.153000000000000000e+03,-6.220000000000000000e+02,-4.200000000000000000e+01
1.679988670374905348e+09,1.658400000000000000e+04,5.120000000000000000e+02,-7.840000000000000000e+02,-1.153000000000000000e+03,-6.220000000000000000e+02,-4.200000000000000000e+01
1.679988670376298428e+09,1.658400000000000000e+04,5.120000000000000000e+02,-7.840000000000000000e+02,-1.153000000000000000e+03,-6.220000000000000000e+02,-4.200000000000000000e+01
1.679988670376958370e+09,1.658400000000000000e+04,5.120000000000000000e+02,-7.840000000000000000e+02,-1.153000000000000000e+03,-6.220000000000000000e+02,-4.200000000000000000e+01
1.679988670378290176e+09,1.658400000000000000e+04,5.120000000000000000e+02,-7.840000000000000000e+02,-1.153000000000000000e+03,-6.220000000000000000e+02,-4.200000000000000000e+01
1.679988670378942013e+09,1.658400000000000000e+04,5.120000000000000000e+02,-7.840000000000000000e+02,-1.153000000000000000e+03,-6.220000000000000000e+02,-4.200000000000000000e+01
1.679988670380235672e+09,1.658400000000000000e+04,5.120000000000000000e+02,-7.840000000000000000e+02,-1.153000000000000000e+03,-6.220000000000000000e+02,-4.200000000000000000e+01
1.679988670380931854e+09,1.658400000000000000e+04,5.120000000000000000e+02,-7.840000000000000000e+02,-1.153000000000000000e+03,-6.220000000000000000e+02,-4.200000000000000000e+01
1.679988670382250786e+09,1.658400000000000000e+04,5.120000000000000000e+02,-7.840000000000000000e+02,-1.153000000000000000e+03,-6.220000000000000000e+02,-4.200000000000000000e+01
1.679988670382920027e+09,1.658400000000000000e+04,5.120000000000000000e+02,-7.840000000000000000e+02,-1.153000000000000000e+03,-6.220000000000000000e+02,-4.200000000000000000e+01
1.679988670384268045e+09,1.658400000000000000e+04,5.120000000000000000e+02,-7.840000000000000000e+02,-1.153000000000000000e+03,-6.220000000000000000e+02,-4.200000000000000000e+01
1.679988670384978533e+09,1.658400000000000000e+04,5.120000000000000000e+02,-7.840000000000000000e+02,-1.153000000000000000e+03,-6.220000000000000000e+02,-4.200000000000000000e+01
1.679988670386296749e+09,1.658400000000000000e+04,5.120000000000000000e+02,-7.840000000000000000e+02,-1.153000000000000000e+03,-6.220000000000000000e+02,-4.200000000000000000e+01
1.679988670387197495e+09,1.658400000000000000e+04,5.120000000000000000e+02,-7.840000000000000000e+02,-1.153000000000000000e+03,-6.220000000000000000e+02,-4.200000000000000000e+01
1.679988670388646603e+09,1.658400000000000000e+04,5.120000000000000000e+02,-7.840000000000000000e+02,-1.153000000000000000e+03,-6.220000000000000000e+02,-4.200000000000000000e+01
1.679988670389262676e+09,1.658400000000000000e+04,5.120000000000000000e+02,-7.840000000000000000e+02,-1.153000000000000000e+03,-6.220000000000000000e+02,-4.200000000000000000e+01
1.679988670390602350e+09,1.658400000000000000e+04,5.120000000000000000e+02,-7.840000000000000000e+02,-1.153000000000000000e+03,-6.220000000000000000e+02,-4.200000000000000000e+01
1.679988670391262054e+09,1.658400000000000000e+04,5.120000000000000000e+02,-7.840000000000000000e+02,-1.153000000000000000e+03,-6.220000000000000000e+02,-4.200000000000000000e+01
1.679988670392565012e+09,1.658400000000000000e+04,5.120000000000000000e+02,-7.840000000000000000e+02,-1.153000000000000000e+03,-6.220000000000000000e+02,-4.200000000000000000e+01
1.679988670393247604e+09,1.658400000000000000e+04,5.120000000000000000e+02,-7.840000000000000000e+02,-1.153000000000000000e+03,-6.220000000000000000e+02,-4.200000000000000000e+01
1.679988670394578695e+09,1.658400000000000000e+04,5.120000000000000000e+02,-7.840000000000000000e+02,-1.153000000000000000e+03,-6.220000000000000000e+02,-4.200000000000000000e+01
1.679988670395236969e+09,1.658400000000000000e+04,5.120000000000000000e+02,-7.840000000000000000e+02,-1.153000000000000000e+03,-6.220000000000000000e+02,-4.200000000000000000e+01
1.679988670396581888e+09,1.658400000000000000e+04,5.120000000000000000e+02,-7.840000000000000000e+02,-1.153000000000000000e+03,-6.220000000000000000e+02,-4.200000000000000000e+01
1.679988670397269011e+09,1.658400000000000000e+04,5.120000000000000000e+02,-7.840000000000000000e+02,-1.153000000000000000e+03,-6.220000000000000000e+02,-4.200000000000000000e+01
1.679988670398565054e+09,1.658400000000000000e+04,5.120000000000000000e+02,-7.840000000000000000e+02,-1.153000000000000000e+03,-6.220000000000000000e+02,-4.200000000000000000e+01
1.679988670399234056e+09,1.658400000000000000e+04,5.120000000000000000e+02,-7.840000000000000000e+02,-1.153000000000000000e+03,-6.220000000000000000e+02,-4.200000000000000000e+01
1.679988670400544405e+09,1.658400000000000000e+04,5.120000000000000000e+02,-7.840000000000000000e+02,-1.153000000000000000e+03,-6.220000000000000000e+02,-4.200000000000000000e+01
1.679988670401227474e+09,1.658400000000000000e+04,5.120000000000000000e+02,-7.840000000000000000e+02,-1.153000000000000000e+03,-6.220000000000000000e+02,-4.200000000000000000e+01
1.679988670402543068e+09,1.658400000000000000e+04,5.120000000000000000e+02,-7.840000000000000000e+02,-1.153000000000000000e+03,-6.220000000000000000e+02,-4.200000000000000000e+01
1.679988670403212309e+09,1.658400000000000000e+04,5.120000000000000000e+02,-7.840000000000000000e+02,-1.153000000000000000e+03,-6.220000000000000000e+02,-4.200000000000000000e+01
1.679988670404510260e+09,1.658400000000000000e+04,5.120000000000000000e+02,-7.840000000000000000e+02,-1.153000000000000000e+03,-6.220000000000000000e+02,-4.200000000000000000e+01
1.679988670405185938e+09,1.658400000000000000e+04,5.120000000000000000e+02,-7.840000000000000000e+02,-1.153000000000000000e+03,-6.220000000000000000e+02,-4.200000000000000000e+01
1.679988670406611204e+09,1.658400000000000000e+04,5.120000000000000000e+02,-7.840000000000000000e+02,-1.153000000000000000e+03,-6.220000000000000000e+02,-4.200000000000000000e+01
1.679988670407253981e+09,1.658400000000000000e+04,5.120000000000000000e+02,-7.840000000000000000e+02,-1.153000000000000000e+03,-6.220000000000000000e+02,-4.200000000000000000e+01
1.679988670408556461e+09,1.658400000000000000e+04,5.120000000000000000e+02,-7.840000000000000000e+02,-1.153000000000000000e+03,-6.220000000000000000e+02,-4.200000000000000000e+01
1.679988670409224749e+09,1.658400000000000000e+04,5.120000000000000000e+02,-7.840000000000000000e+02,-1.153000000000000000e+03,-6.220000000000000000e+02,-4.200000000000000000e+01
1.679988670410528183e+09,1.658400000000000000e+04,5.120000000000000000e+02,-7.840000000000000000e+02,-1.153000000000000000e+03,-6.220000000000000000e+02,-4.200000000000000000e+01
1.679988670411215544e+09,1.658400000000000000e+04,5.120000000000000000e+02,-7.840000000000000000e+02,-1.153000000000000000e+03,-6.220000000000000000e+02,-4.200000000000000000e+01
1.679988670412534475e+09,1.658400000000000000e+04,5.120000000000000000e+02,-7.840000000000000000e+02,-1.153000000000000000e+03,-6.220000000000000000e+02,-4.200000000000000000e+01
1.679988670413185835e+09,1.658400000000000000e+04,5.120000000000000000e+02,-7.840000000000000000e+02,-1.153000000000000000e+03,-6.220000000000000000e+02,-4.200000000000000000e+01
1.679988670414547443e+09,1.658400000000000000e+04,5.120000000000000000e+02,-7.840000000000000000e+02,-1.153000000000000000e+03,-6.220000000000000000e+02,-4.200000000000000000e+01
1.679988670415290594e+09,1.658400000000000000e+04,5.120000000000000000e+02,-7.840000000000000000e+02,-1.153000000000000000e+03,-6.220000000000000000e+02,-4.200000000000000000e+01
1.679988670416603327e+09,1.658400000000000000e+04,5.120000000000000000e+02,-7.840000000000000000e+02,-1.153000000000000000e+03,-6.220000000000000000e+02,-4.200000000000000000e+01
1.679988670417224884e+09,1.658400000000000000e+04,5.120000000000000000e+02,-7.840000000000000000e+02,-1.153000000000000000e+03,-6.220000000000000000e+02,-4.200000000000000000e+01
1.679988670418600082e+09,1.658400000000000000e+04,5.120000000000000000e+02,-7.840000000000000000e+02,-1.153000000000000000e+03,-6.220000000000000000e+02,-4.200000000000000000e+01
1.679988670419245005e+09,1.658400000000000000e+04,5.120000000000000000e+02,-7.840000000000000000e+02,-1.153000000000000000e+03,-6.220000000000000000e+02,-4.200000000000000000e+01
1.679988670420633554e+09,1.658400000000000000e+04,5.120000000000000000e+02,-7.840000000000000000e+02,-1.153000000000000000e+03,-6.220000000000000000e+02,-4.200000000000000000e+01
1.679988670421244860e+09,1.658400000000000000e+04,5.120000000000000000e+02,-7.840000000000000000e+02,-1.153000000000000000e+03,-6.220000000000000000e+02,-4.200000000000000000e+01
1.679988670422618628e+09,1.658400000000000000e+04,5.120000000000000000e+02,-7.840000000000000000e+02,-1.153000000000000000e+03,-6.220000000000000000e+02,-4.200000000000000000e+01
1.679988670423237801e+09,1.658400000000000000e+04,5.120000000000000000e+02,-7.840000000000000000e+02,-1.153000000000000000e+03,-6.220000000000000000e+02,-4.200000000000000000e+01
1.679988670424618006e+09,1.658400000000000000e+04,5.120000000000000000e+02,-7.840000000000000000e+02,-1.153000000000000000e+03,-6.220000000000000000e+02,-4.200000000000000000e+01
1.679988670425321102e+09,1.658400000000000000e+04,5.120000000000000000e+02,-7.840000000000000000e+02,-1.153000000000000000e+03,-6.220000000000000000e+02,-4.200000000000000000e+01
1.679988670426703453e+09,1.658400000000000000e+04,5.120000000000000000e+02,-7.840000000000000000e+02,-1.153000000000000000e+03,-6.220000000000000000e+02,-4.200000000000000000e+01
1.679988670427329063e+09,1.658400000000000000e+04,5.120000000000000000e+02,-7.840000000000000000e+02,-1.153000000000000000e+03,-6.220000000000000000e+02,-4.200000000000000000e+01
1.679988670428712130e+09,1.658400000000000000e+04,5.120000000000000000e+02,-7.840000000000000000e+02,-1.153000000000000000e+03,-6.220000000000000000e+02,-4.200000000000000000e+01
1.679988670429397345e+09,1.658400000000000000e+04,5.120000000000000000e+02,-7.840000000000000000e+02,-1.153000000000000000e+03,-6.220000000000000000e+02,-4.200000000000000000e+01
1.679988670430772066e+09,1.658400000000000000e+04,5.120000000000000000e+02,-7.840000000000000000e+02,-1.153000000000000000e+03,-6.220000000000000000e+02,-4.200000000000000000e+01
1.679988670431413412e+09,1.658400000000000000e+04,5.120000000000000000e+02,-7.840000000000000000e+02,-1.153000000000000000e+03,-6.220000000000000000e+02,-4.200000000000000000e+01
1.679988670432807207e+09,1.658400000000000000e+04,5.120000000000000000e+02,-7.840000000000000000e+02,-1.153000000000000000e+03,-6.220000000000000000e+02,-4.200000000000000000e+01
1.679988670433444023e+09,1.658400000000000000e+04,5.120000000000000000e+02,-7.840000000000000000e+02,-1.153000000000000000e+03,-6.220000000000000000e+02,-4.200000000000000000e+01
1.679988670434817553e+09,1.658400000000000000e+04,5.120000000000000000e+02,-7.840000000000000000e+02,-1.153000000000000000e+03,-6.220000000000000000e+02,-4.200000000000000000e+01
1.679988670435466290e+09,1.658400000000000000e+04,5.120000000000000000e+02,-7.840000000000000000e+02,-1.153000000000000000e+03,-6.220000000000000000e+02,-4.200000000000000000e+01
1.679988670436906576e+09,1.658400000000000000e+04,5.120000000000000000e+02,-7.840000000000000000e+02,-1.153000000000000000e+03,-6.220000000000000000e+02,-4.200000000000000000e+01
1.679988670437564135e+09,1.658400000000000000e+04,5.120000000000000000e+02,-7.840000000000000000e+02,-1.153000000000000000e+03,-6.220000000000000000e+02,-4.200000000000000000e+01
1.679988670438950539e+09,1.658400000000000000e+04,5.120000000000000000e+02,-7.840000000000000000e+02,-1.153000000000000000e+03,-6.220000000000000000e+02,-4.200000000000000000e+01
1.679988670439583540e+09,1.658400000000000000e+04,5.120000000000000000e+02,-7.840000000000000000e+02,-1.153000000000000000e+03,-6.220000000000000000e+02,-4.200000000000000000e+01
1.679988670440966129e+09,1.658400000000000000e+04,5.120000000000000000e+02,-7.840000000000000000e+02,-1.153000000000000000e+03,-6.220000000000000000e+02,-4.200000000000000000e+01
1.679988670441617012e+09,1.658400000000000000e+04,5.120000000000000000e+02,-7.840000000000000000e+02,-1.153000000000000000e+03,-6.220000000000000000e+02,-4.200000000000000000e+01
1.679988670443006992e+09,1.658400000000000000e+04,5.120000000000000000e+02,-7.840000000000000000e+02,-1.153000000000000000e+03,-6.220000000000000000e+02,-4.200000000000000000e+01
1.679988670443659544e+09,1.658400000000000000e+04,5.120000000000000000e+02,-7.840000000000000000e+02,-1.153000000000000000e+03,-6.220000000000000000e+02,-4.200000000000000000e+01
1.679988670445028782e+09,1.658400000000000000e+04,5.120000000000000000e+02,-7.840000000000000000e+02,-1.153000000000000000e+03,-6.220000000000000000e+02,-4.200000000000000000e+01
1.679988670445730448e+09,1.658400000000000000e+04,5.120000000000000000e+02,-7.840000000000000000e+02,-1.153000000000000000e+03,-6.220000000000000000e+02,-4.200000000000000000e+01
1.679988670447117090e+09,1.658400000000000000e+04,5.120000000000000000e+02,-7.840000000000000000e+02,-1.153000000000000000e+03,-6.220000000000000000e+02,-4.200000000000000000e+01
1.679988670447784185e+09,1.658400000000000000e+04,5.120000000000000000e+02,-7.840000000000000000e+02,-1.153000000000000000e+03,-6.220000000000000000e+02,-4.200000000000000000e+01
1.679988670449155092e+09,1.658400000000000000e+04,5.120000000000000000e+02,-7.840000000000000000e+02,-1.153000000000000000e+03,-6.220000000000000000e+02,-4.200000000000000000e+01
1.679988670449794769e+09,1.658400000000000000e+04,5.120000000000000000e+02,-7.840000000000000000e+02,-1.153000000000000000e+03,-6.220000000000000000e+02,-4.200000000000000000e+01
1.679988670451175690e+09,1.658400000000000000e+04,5.120000000000000000e+02,-7.840000000000000000e+02,-1.153000000000000000e+03,-6.220000000000000000e+02,-4.200000000000000000e+01
1.679988670451774120e+09,1.658400000000000000e+04,5.120000000000000000e+02,-7.840000000000000000e+02,-1.153000000000000000e+03,-6.220000000000000000e+02,-4.200000000000000000e+01
1.679988670453158617e+09,1.658400000000000000e+04,5.120000000000000000e+02,-7.840000000000000000e+02,-1.153000000000000000e+03,-6.220000000000000000e+02,-4.200000000000000000e+01
1.679988670453793049e+09,1.658400000000000000e+04,5.120000000000000000e+02,-7.840000000000000000e+02,-1.153000000000000000e+03,-6.220000000000000000e+02,-4.200000000000000000e+01
1.679988670455195904e+09,1.658400000000000000e+04,5.120000000000000000e+02,-7.840000000000000000e+02,-1.153000000000000000e+03,-6.220000000000000000e+02,-4.200000000000000000e+01
1.679988670455908775e+09,1.658400000000000000e+04,5.120000000000000000e+02,-7.840000000000000000e+02,-1.153000000000000000e+03,-6.220000000000000000e+02,-4.200000000000000000e+01
1.679988670457303762e+09,1.658400000000000000e+04,5.120000000000000000e+02,-7.840000000000000000e+02,-1.153000000000000000e+03,-6.220000000000000000e+02,-4.200000000000000000e+01
1.679988670457991600e+09,1.658400000000000000e+04,5.120000000000000000e+02,-7.840000000000000000e+02,-1.153000000000000000e+03,-6.220000000000000000e+02,-4.200000000000000000e+01
1.679988670459365845e+09,1.658400000000000000e+04,5.120000000000000000e+02,-7.840000000000000000e+02,-1.153000000000000000e+03,-6.220000000000000000e+02,-4.200000000000000000e+01
1.679988670460050106e+09,1.658400000000000000e+04,5.120000000000000000e+02,-7.840000000000000000e+02,-1.153000000000000000e+03,-6.220000000000000000e+02,-4.200000000000000000e+01
1.679988670461423397e+09,1.658400000000000000e+04,5.120000000000000000e+02,-7.840000000000000000e+02,-1.153000000000000000e+03,-6.220000000000000000e+02,-4.200000000000000000e+01
1.679988670462083101e+09,1.658400000000000000e+04,5.120000000000000000e+02,-7.840000000000000000e+02,-1.153000000000000000e+03,-6.220000000000000000e+02,-4.200000000000000000e+01
1.679988670463477850e+09,1.658400000000000000e+04,5.120000000000000000e+02,-7.840000000000000000e+02,-1.153000000000000000e+03,-6.220000000000000000e+02,-4.200000000000000000e+01
1.679988670464155674e+09,1.658400000000000000e+04,5.120000000000000000e+02,-7.840000000000000000e+02,-1.153000000000000000e+03,-6.220000000000000000e+02,-4.200000000000000000e+01
1.679988670465600491e+09,1.658400000000000000e+04,5.120000000000000000e+02,-7.840000000000000000e+02,-1.153000000000000000e+03,-6.220000000000000000e+02,-4.200000000000000000e+01
1.679988670466277599e+09,1.658400000000000000e+04,5.120000000000000000e+02,-7.840000000000000000e+02,-1.153000000000000000e+03,-6.220000000000000000e+02,-4.200000000000000000e+01
1.679988670467704058e+09,1.658400000000000000e+04,5.120000000000000000e+02,-7.840000000000000000e+02,-1.153000000000000000e+03,-6.220000000000000000e+02,-4.200000000000000000e+01
1.679988670468304873e+09,1.658400000000000000e+04,5.120000000000000000e+02,-7.840000000000000000e+02,-1.153000000000000000e+03,-6.220000000000000000e+02,-4.200000000000000000e+01
1.679988670469708443e+09,1.658400000000000000e+04,5.120000000000000000e+02,-7.840000000000000000e+02,-1.153000000000000000e+03,-6.220000000000000000e+02,-4.200000000000000000e+01
1.679988670470376015e+09,1.658400000000000000e+04,5.120000000000000000e+02,-7.840000000000000000e+02,-1.153000000000000000e+03,-6.220000000000000000e+02,-4.200000000000000000e+01
1.679988670471745968e+09,1.658400000000000000e+04,5.120000000000000000e+02,-7.840000000000000000e+02,-1.153000000000000000e+03,-6.220000000000000000e+02,-4.200000000000000000e+01
1.679988670472408056e+09,1.658400000000000000e+04,5.120000000000000000e+02,-7.840000000000000000e+02,-1.153000000000000000e+03,-6.220000000000000000e+02,-4.200000000000000000e+01
1.679988670473768711e+09,1.658400000000000000e+04,5.120000000000000000e+02,-7.840000000000000000e+02,-1.153000000000000000e+03,-6.220000000000000000e+02,-4.200000000000000000e+01
1.679988670474415779e+09,1.658400000000000000e+04,5.120000000000000000e+02,-7.840000000000000000e+02,-1.153000000000000000e+03,-6.220000000000000000e+02,-4.200000000000000000e+01
1.679988670475867987e+09,1.658400000000000000e+04,5.120000000000000000e+02,-7.840000000000000000e+02,-1.153000000000000000e+03,-6.220000000000000000e+02,-4.200000000000000000e+01
1.679988670476542473e+09,1.658400000000000000e+04,5.120000000000000000e+02,-7.840000000000000000e+02,-1.153000000000000000e+03,-6.220000000000000000e+02,-4.200000000000000000e+01
1.679988670477897406e+09,1.658400000000000000e+04,5.120000000000000000e+02,-7.840000000000000000e+02,-1.153000000000000000e+03,-6.220000000000000000e+02,-4.200000000000000000e+01
1.679988670478546381e+09,1.658400000000000000e+04,5.120000000000000000e+02,-7.840000000000000000e+02,-1.153000000000000000e+03,-6.220000000000000000e+02,-4.200000000000000000e+01
1.679988670479927301e+09,1.658400000000000000e+04,5.120000000000000000e+02,-7.840000000000000000e+02,-1.153000000000000000e+03,-6.220000000000000000e+02,-4.200000000000000000e+01
1.679988670480577230e+09,1.658400000000000000e+04,5.120000000000000000e+02,-7.840000000000000000e+02,-1.153000000000000000e+03,-6.220000000000000000e+02,-4.200000000000000000e+01
1.679988670481979370e+09,1.658400000000000000e+04,5.120000000000000000e+02,-7.840000000000000000e+02,-1.153000000000000000e+03,-6.220000000000000000e+02,-4.200000000000000000e+01
1.679988670482671261e+09,1.658400000000000000e+04,5.120000000000000000e+02,-7.840000000000000000e+02,-1.153000000000000000e+03,-6.220000000000000000e+02,-4.200000000000000000e+01
1.679988670484058619e+09,1.658400000000000000e+04,5.120000000000000000e+02,-7.840000000000000000e+02,-1.153000000000000000e+03,-6.220000000000000000e+02,-4.200000000000000000e+01
1.679988670484752178e+09,1.658400000000000000e+04,5.120000000000000000e+02,-7.840000000000000000e+02,-1.153000000000000000e+03,-6.220000000000000000e+02,-4.200000000000000000e+01
1.679988670486174345e+09,1.658400000000000000e+04,5.120000000000000000e+02,-7.840000000000000000e+02,-1.153000000000000000e+03,-6.220000000000000000e+02,-4.200000000000000000e+01
1.679988670486842632e+09,1.658400000000000000e+04,5.120000000000000000e+02,-7.840000000000000000e+02,-1.153000000000000000e+03,-6.220000000000000000e+02,-4.200000000000000000e+01
1.679988670488224030e+09,1.658400000000000000e+04,5.120000000000000000e+02,-7.840000000000000000e+02,-1.153000000000000000e+03,-6.220000000000000000e+02,-4.200000000000000000e+01
1.679988670488862276e+09,1.658400000000000000e+04,5.120000000000000000e+02,-7.840000000000000000e+02,-1.153000000000000000e+03,-6.220000000000000000e+02,-4.200000000000000000e+01
1.679988670490287781e+09,1.658400000000000000e+04,5.120000000000000000e+02,-7.840000000000000000e+02,-1.153000000000000000e+03,-6.220000000000000000e+02,-4.200000000000000000e+01
1.679988670490978241e+09,1.658400000000000000e+04,5.120000000000000000e+02,-7.840000000000000000e+02,-1.153000000000000000e+03,-6.220000000000000000e+02,-4.200000000000000000e+01
1.679988670492371082e+09,1.658400000000000000e+04,5.120000000000000000e+02,-7.840000000000000000e+02,-1.153000000000000000e+03,-6.220000000000000000e+02,-4.200000000000000000e+01
1.679988670493050575e+09,1.658400000000000000e+04,5.120000000000000000e+02,-7.840000000000000000e+02,-1.153000000000000000e+03,-6.220000000000000000e+02,-4.200000000000000000e+01
1.679988670494432211e+09,1.658400000000000000e+04,5.120000000000000000e+02,-7.840000000000000000e+02,-1.153000000000000000e+03,-6.220000000000000000e+02,-4.200000000000000000e+01
1.679988670495137691e+09,1.658400000000000000e+04,5.120000000000000000e+02,-7.840000000000000000e+02,-1.153000000000000000e+03,-6.220000000000000000e+02,-4.200000000000000000e+01
1.679988670496564388e+09,1.658400000000000000e+04,5.120000000000000000e+02,-7.840000000000000000e+02,-1.153000000000000000e+03,-6.220000000000000000e+02,-4.200000000000000000e+01
1.679988670497230291e+09,1.658400000000000000e+04,5.120000000000000000e+02,-7.840000000000000000e+02,-1.153000000000000000e+03,-6.220000000000000000e+02,-4.200000000000000000e+01
1.679988670498659134e+09,1.658400000000000000e+04,5.120000000000000000e+02,-7.840000000000000000e+02,-1.153000000000000000e+03,-6.220000000000000000e+02,-4.200000000000000000e+01
1.679988670499349594e+09,1.658400000000000000e+04,5.120000000000000000e+02,-7.840000000000000000e+02,-1.153000000000000000e+03,-6.220000000000000000e+02,-4.200000000000000000e+01
1.679988670500708103e+09,1.658400000000000000e+04,5.120000000000000000e+02,-7.840000000000000000e+02,-1.153000000000000000e+03,-6.220000000000000000e+02,-4.200000000000000000e+01
1.679988670501381159e+09,1.658400000000000000e+04,5.120000000000000000e+02,-7.840000000000000000e+02,-1.153000000000000000e+03,-6.220000000000000000e+02,-4.200000000000000000e+01
1.679988670502763271e+09,1.658400000000000000e+04,5.120000000000000000e+02,-7.840000000000000000e+02,-1.153000000000000000e+03,-6.220000000000000000e+02,-4.200000000000000000e+01
1.679988670503381729e+09,1.658400000000000000e+04,5.120000000000000000e+02,-7.840000000000000000e+02,-1.153000000000000000e+03,-6.220000000000000000e+02,-4.200000000000000000e+01
1.679988670504783392e+09,1.658400000000000000e+04,5.120000000000000000e+02,-7.840000000000000000e+02,-1.153000000000000000e+03,-6.220000000000000000e+02,-4.200000000000000000e+01
1.679988670505415678e+09,1.658400000000000000e+04,5.120000000000000000e+02,-7.840000000000000000e+02,-1.153000000000000000e+03,-6.220000000000000000e+02,-4.200000000000000000e+01
1.679988670506847382e+09,1.658400000000000000e+04,5.120000000000000000e+02,-7.840000000000000000e+02,-1.153000000000000000e+03,-6.220000000000000000e+02,-4.200000000000000000e+01
1.679988670507488489e+09,1.658400000000000000e+04,5.120000000000000000e+02,-7.840000000000000000e+02,-1.153000000000000000e+03,-6.220000000000000000e+02,-4.200000000000000000e+01
1.679988670508883476e+09,1.658400000000000000e+04,5.120000000000000000e+02,-7.840000000000000000e+02,-1.153000000000000000e+03,-6.220000000000000000e+02,-4.200000000000000000e+01
1.679988670509523153e+09,1.658400000000000000e+04,5.120000000000000000e+02,-7.840000000000000000e+02,-1.153000000000000000e+03,-6.220000000000000000e+02,-4.200000000000000000e+01
1.679988670510916948e+09,1.658400000000000000e+04,5.120000000000000000e+02,-7.840000000000000000e+02,-1.153000000000000000e+03,-6.220000000000000000e+02,-4.200000000000000000e+01
1.679988670511565208e+09,1.658400000000000000e+04,5.120000000000000000e+02,-7.840000000000000000e+02,-1.153000000000000000e+03,-6.220000000000000000e+02,-4.200000000000000000e+01
1.679988670512981176e+09,1.658400000000000000e+04,5.120000000000000000e+02,-7.840000000000000000e+02,-1.153000000000000000e+03,-6.220000000000000000e+02,-4.200000000000000000e+01
1.679988670513668299e+09,1.658400000000000000e+04,5.120000000000000000e+02,-7.840000000000000000e+02,-1.153000000000000000e+03,-6.220000000000000000e+02,-4.200000000000000000e+01
1.679988670515076160e+09,1.658400000000000000e+04,5.120000000000000000e+02,-7.840000000000000000e+02,-1.153000000000000000e+03,-6.220000000000000000e+02,-4.200000000000000000e+01
1.679988670515766621e+09,1.658400000000000000e+04,5.120000000000000000e+02,-7.840000000000000000e+02,-1.153000000000000000e+03,-6.220000000000000000e+02,-4.200000000000000000e+01
1.679988670517176867e+09,1.658400000000000000e+04,5.120000000000000000e+02,-7.840000000000000000e+02,-1.153000000000000000e+03,-6.220000000000000000e+02,-4.200000000000000000e+01
1.679988670517808676e+09,1.658400000000000000e+04,5.120000000000000000e+02,-7.840000000000000000e+02,-1.153000000000000000e+03,-6.220000000000000000e+02,-4.200000000000000000e+01
1.679988670519184828e+09,1.658400000000000000e+04,5.120000000000000000e+02,-7.840000000000000000e+02,-1.153000000000000000e+03,-6.220000000000000000e+02,-4.200000000000000000e+01
1.679988670519831181e+09,1.658400000000000000e+04,5.120000000000000000e+02,-7.840000000000000000e+02,-1.153000000000000000e+03,-6.220000000000000000e+02,-4.200000000000000000e+01
1.679988670521243095e+09,1.658400000000000000e+04,5.120000000000000000e+02,-7.840000000000000000e+02,-1.153000000000000000e+03,-6.220000000000000000e+02,-4.200000000000000000e+01
1.679988670521925688e+09,1.658400000000000000e+04,5.120000000000000000e+02,-7.840000000000000000e+02,-1.153000000000000000e+03,-6.220000000000000000e+02,-4.200000000000000000e+01
1.679988670523290396e+09,1.658400000000000000e+04,5.120000000000000000e+02,-7.840000000000000000e+02,-1.153000000000000000e+03,-6.220000000000000000e+02,-4.200000000000000000e+01
1.679988670523990154e+09,1.658400000000000000e+04,5.120000000000000000e+02,-7.840000000000000000e+02,-1.153000000000000000e+03,-6.220000000000000000e+02,-4.200000000000000000e+01
1.679988670525376797e+09,1.658400000000000000e+04,5.120000000000000000e+02,-7.840000000000000000e+02,-1.153000000000000000e+03,-6.220000000000000000e+02,-4.200000000000000000e+01
1.679988670525950432e+09,1.658400000000000000e+04,5.120000000000000000e+02,-7.840000000000000000e+02,-1.153000000000000000e+03,-6.220000000000000000e+02,-4.200000000000000000e+01
1.679988670527341604e+09,1.658400000000000000e+04,5.120000000000000000e+02,-7.840000000000000000e+02,-1.153000000000000000e+03,-6.220000000000000000e+02,-4.200000000000000000e+01
1.679988670527868986e+09,1.658400000000000000e+04,5.120000000000000000e+02,-7.840000000000000000e+02,-1.153000000000000000e+03,-6.220000000000000000e+02,-4.200000000000000000e+01
1.679988670529350996e+09,1.658400000000000000e+04,5.120000000000000000e+02,-7.840000000000000000e+02,-1.153000000000000000e+03,-6.220000000000000000e+02,-4.200000000000000000e+01
1.679988670529884100e+09,1.658400000000000000e+04,5.120000000000000000e+02,-7.840000000000000000e+02,-1.153000000000000000e+03,-6.220000000000000000e+02,-4.200000000000000000e+01
1.679988670531390429e+09,1.658400000000000000e+04,5.120000000000000000e+02,-7.840000000000000000e+02,-1.153000000000000000e+03,-6.220000000000000000e+02,-4.200000000000000000e+01
1.679988670531930447e+09,1.658400000000000000e+04,5.120000000000000000e+02,-7.840000000000000000e+02,-1.153000000000000000e+03,-6.220000000000000000e+02,-4.200000000000000000e+01
1.679988670533423185e+09,1.658400000000000000e+04,5.120000000000000000e+02,-7.840000000000000000e+02,-1.153000000000000000e+03,-6.220000000000000000e+02,-4.200000000000000000e+01
1.679988670533964396e+09,1.658400000000000000e+04,5.120000000000000000e+02,-7.840000000000000000e+02,-1.153000000000000000e+03,-6.220000000000000000e+02,-4.200000000000000000e+01
1.679988670535471916e+09,1.658400000000000000e+04,5.120000000000000000e+02,-7.840000000000000000e+02,-1.153000000000000000e+03,-6.220000000000000000e+02,-4.200000000000000000e+01
1.679988670536042690e+09,1.658400000000000000e+04,5.120000000000000000e+02,-7.840000000000000000e+02,-1.153000000000000000e+03,-6.220000000000000000e+02,-4.200000000000000000e+01
1.679988670537529945e+09,1.658400000000000000e+04,5.120000000000000000e+02,-7.840000000000000000e+02,-1.153000000000000000e+03,-6.220000000000000000e+02,-4.200000000000000000e+01
1.679988670538076878e+09,1.658400000000000000e+04,5.120000000000000000e+02,-7.840000000000000000e+02,-1.153000000000000000e+03,-6.220000000000000000e+02,-4.200000000000000000e+01
1.679988670539741039e+09,1.658400000000000000e+04,5.120000000000000000e+02,-7.840000000000000000e+02,-1.153000000000000000e+03,-6.220000000000000000e+02,-4.200000000000000000e+01
1.679988670540526390e+09,1.658400000000000000e+04,5.120000000000000000e+02,-7.840000000000000000e+02,-1.153000000000000000e+03,-6.220000000000000000e+02,-4.200000000000000000e+01
1.679988670541914463e+09,1.658400000000000000e+04,5.120000000000000000e+02,-7.840000000000000000e+02,-1.153000000000000000e+03,-6.220000000000000000e+02,-4.200000000000000000e+01
1.679988670542606831e+09,1.658400000000000000e+04,5.120000000000000000e+02,-7.840000000000000000e+02,-1.153000000000000000e+03,-6.220000000000000000e+02,-4.200000000000000000e+01
1.679988670543978691e+09,1.658400000000000000e+04,5.120000000000000000e+02,-7.840000000000000000e+02,-1.153000000000000000e+03,-6.220000000000000000e+02,-4.200000000000000000e+01
1.679988670544636488e+09,1.658400000000000000e+04,5.120000000000000000e+02,-7.840000000000000000e+02,-1.153000000000000000e+03,-6.220000000000000000e+02,-4.200000000000000000e+01
1.679988670546107292e+09,1.658400000000000000e+04,5.120000000000000000e+02,-7.840000000000000000e+02,-1.153000000000000000e+03,-6.220000000000000000e+02,-4.200000000000000000e+01
1.679988670546720266e+09,1.658400000000000000e+04,5.120000000000000000e+02,-7.840000000000000000e+02,-1.153000000000000000e+03,-6.220000000000000000e+02,-4.200000000000000000e+01
1.679988670548113823e+09,1.658400000000000000e+04,5.120000000000000000e+02,-7.840000000000000000e+02,-1.153000000000000000e+03,-6.220000000000000000e+02,-4.200000000000000000e+01
1.679988670548738956e+09,1.658400000000000000e+04,5.120000000000000000e+02,-7.840000000000000000e+02,-1.153000000000000000e+03,-6.220000000000000000e+02,-4.200000000000000000e+01
1.679988670550134897e+09,1.658400000000000000e+04,5.120000000000000000e+02,-7.840000000000000000e+02,-1.153000000000000000e+03,-6.220000000000000000e+02,-4.200000000000000000e+01
1.679988670550801039e+09,1.658400000000000000e+04,5.120000000000000000e+02,-7.840000000000000000e+02,-1.153000000000000000e+03,-6.220000000000000000e+02,-4.200000000000000000e+01
1.679988670552216530e+09,1.658400000000000000e+04,5.120000000000000000e+02,-7.840000000000000000e+02,-1.153000000000000000e+03,-6.220000000000000000e+02,-4.200000000000000000e+01
1.679988670552885771e+09,1.658400000000000000e+04,5.120000000000000000e+02,-7.840000000000000000e+02,-1.153000000000000000e+03,-6.220000000000000000e+02,-4.200000000000000000e+01
1.679988670554298162e+09,1.658400000000000000e+04,5.120000000000000000e+02,-7.840000000000000000e+02,-1.153000000000000000e+03,-6.220000000000000000e+02,-4.200000000000000000e+01
1.679988670554990530e+09,1.658400000000000000e+04,5.120000000000000000e+02,-7.840000000000000000e+02,-1.153000000000000000e+03,-6.220000000000000000e+02,-4.200000000000000000e+01
1.679988670556398869e+09,1.658400000000000000e+04,5.120000000000000000e+02,-7.840000000000000000e+02,-1.153000000000000000e+03,-6.220000000000000000e+02,-4.200000000000000000e+01
1.679988670557086229e+09,1.658400000000000000e+04,5.120000000000000000e+02,-7.840000000000000000e+02,-1.153000000000000000e+03,-6.220000000000000000e+02,-4.200000000000000000e+01
1.679988670558480024e+09,1.658400000000000000e+04,5.120000000000000000e+02,-7.840000000000000000e+02,-1.153000000000000000e+03,-6.220000000000000000e+02,-4.200000000000000000e+01
1.679988670559168339e+09,1.658400000000000000e+04,5.120000000000000000e+02,-7.840000000000000000e+02,-1.153000000000000000e+03,-6.220000000000000000e+02,-4.200000000000000000e+01
1.679988670560578346e+09,1.658400000000000000e+04,5.120000000000000000e+02,-7.840000000000000000e+02,-1.153000000000000000e+03,-6.220000000000000000e+02,-4.200000000000000000e+01
1.679988670561282635e+09,1.658400000000000000e+04,5.120000000000000000e+02,-7.840000000000000000e+02,-1.153000000000000000e+03,-6.220000000000000000e+02,-4.200000000000000000e+01
1.679988670562678099e+09,1.658400000000000000e+04,5.120000000000000000e+02,-7.840000000000000000e+02,-1.153000000000000000e+03,-6.220000000000000000e+02,-4.200000000000000000e+01
1.679988670563378096e+09,1.658400000000000000e+04,5.120000000000000000e+02,-7.840000000000000000e+02,-1.153000000000000000e+03,-6.220000000000000000e+02,-4.200000000000000000e+01
1.679988670564807653e+09,1.658400000000000000e+04,5.120000000000000000e+02,-7.840000000000000000e+02,-1.153000000000000000e+03,-6.220000000000000000e+02,-4.200000000000000000e+01
1.679988670565538883e+09,1.658400000000000000e+04,5.120000000000000000e+02,-7.840000000000000000e+02,-1.153000000000000000e+03,-6.220000000000000000e+02,-4.200000000000000000e+01
1.679988670566945314e+09,1.658400000000000000e+04,5.120000000000000000e+02,-7.840000000000000000e+02,-1.153000000000000000e+03,-6.220000000000000000e+02,-4.200000000000000000e+01
1.679988670568078041e+09,1.658400000000000000e+04,5.120000000000000000e+02,-7.840000000000000000e+02,-1.153000000000000000e+03,-6.220000000000000000e+02,-4.200000000000000000e+01
1.679988670569439650e+09,1.658400000000000000e+04,5.120000000000000000e+02,-7.840000000000000000e+02,-1.153000000000000000e+03,-6.220000000000000000e+02,-4.200000000000000000e+01
1.679988670570152283e+09,1.658400000000000000e+04,5.120000000000000000e+02,-7.840000000000000000e+02,-1.153000000000000000e+03,-6.220000000000000000e+02,-4.200000000000000000e+01
1.679988670571507454e+09,1.658400000000000000e+04,5.120000000000000000e+02,-7.840000000000000000e+02,-1.153000000000000000e+03,-6.220000000000000000e+02,-4.200000000000000000e+01
1.679988670572182417e+09,1.658400000000000000e+04,5.120000000000000000e+02,-7.840000000000000000e+02,-1.153000000000000000e+03,-6.220000000000000000e+02,-4.200000000000000000e+01
1.679988670573507309e+09,1.658400000000000000e+04,5.120000000000000000e+02,-7.840000000000000000e+02,-1.153000000000000000e+03,-6.220000000000000000e+02,-4.200000000000000000e+01
1.679988670574234009e+09,1.658400000000000000e+04,5.120000000000000000e+02,-7.840000000000000000e+02,-1.153000000000000000e+03,-6.220000000000000000e+02,-4.200000000000000000e+01
1.679988670575682640e+09,1.658400000000000000e+04,5.120000000000000000e+02,-7.840000000000000000e+02,-1.153000000000000000e+03,-6.220000000000000000e+02,-4.200000000000000000e+01
1.679988670576353788e+09,1.658400000000000000e+04,5.120000000000000000e+02,-7.840000000000000000e+02,-1.153000000000000000e+03,-6.220000000000000000e+02,-4.200000000000000000e+01
1.679988670577745676e+09,1.658400000000000000e+04,5.120000000000000000e+02,-7.840000000000000000e+02,-1.153000000000000000e+03,-6.220000000000000000e+02,-4.200000000000000000e+01
1.679988670578421593e+09,1.658400000000000000e+04,5.120000000000000000e+02,-7.840000000000000000e+02,-1.153000000000000000e+03,-6.220000000000000000e+02,-4.200000000000000000e+01
1.679988670579747677e+09,1.658400000000000000e+04,5.120000000000000000e+02,-7.840000000000000000e+02,-1.153000000000000000e+03,-6.220000000000000000e+02,-4.200000000000000000e+01
1.679988670580457211e+09,1.658400000000000000e+04,5.120000000000000000e+02,-7.840000000000000000e+02,-1.153000000000000000e+03,-6.220000000000000000e+02,-4.200000000000000000e+01
1.679988670581839800e+09,1.658400000000000000e+04,5.120000000000000000e+02,-7.840000000000000000e+02,-1.153000000000000000e+03,-6.220000000000000000e+02,-4.200000000000000000e+01
1.679988670582569122e+09,1.658400000000000000e+04,5.120000000000000000e+02,-7.840000000000000000e+02,-1.153000000000000000e+03,-6.220000000000000000e+02,-4.200000000000000000e+01
1.679988670583930016e+09,1.658400000000000000e+04,5.120000000000000000e+02,-7.840000000000000000e+02,-1.153000000000000000e+03,-6.220000000000000000e+02,-4.200000000000000000e+01
1.679988670584590673e+09,1.658400000000000000e+04,5.120000000000000000e+02,-7.840000000000000000e+02,-1.153000000000000000e+03,-6.220000000000000000e+02,-4.200000000000000000e+01
1.679988670586011648e+09,1.658400000000000000e+04,5.120000000000000000e+02,-7.840000000000000000e+02,-1.153000000000000000e+03,-6.220000000000000000e+02,-4.200000000000000000e+01
1.679988670586710930e+09,1.658400000000000000e+04,5.120000000000000000e+02,-7.840000000000000000e+02,-1.153000000000000000e+03,-6.220000000000000000e+02,-4.200000000000000000e+01
1.679988670588095188e+09,1.658400000000000000e+04,5.120000000000000000e+02,-7.840000000000000000e+02,-1.153000000000000000e+03,-6.220000000000000000e+02,-4.200000000000000000e+01
1.679988670588770866e+09,1.658400000000000000e+04,5.120000000000000000e+02,-7.840000000000000000e+02,-1.153000000000000000e+03,-6.220000000000000000e+02,-4.200000000000000000e+01
1.679988670590149164e+09,1.658400000000000000e+04,5.120000000000000000e+02,-7.840000000000000000e+02,-1.153000000000000000e+03,-6.220000000000000000e+02,-4.200000000000000000e+01
1.679988670590818405e+09,1.658400000000000000e+04,5.120000000000000000e+02,-7.840000000000000000e+02,-1.153000000000000000e+03,-6.220000000000000000e+02,-4.200000000000000000e+01
1.679988670592150927e+09,1.658400000000000000e+04,5.120000000000000000e+02,-7.840000000000000000e+02,-1.153000000000000000e+03,-6.220000000000000000e+02,-4.200000000000000000e+01
1.679988670592840195e+09,1.658400000000000000e+04,5.120000000000000000e+02,-7.840000000000000000e+02,-1.153000000000000000e+03,-6.220000000000000000e+02,-4.200000000000000000e+01
1.679988670594209909e+09,1.658400000000000000e+04,5.120000000000000000e+02,-7.840000000000000000e+02,-1.153000000000000000e+03,-6.220000000000000000e+02,-4.200000000000000000e+01
1.679988670594862700e+09,1.658400000000000000e+04,5.120000000000000000e+02,-7.840000000000000000e+02,-1.153000000000000000e+03,-6.220000000000000000e+02,-4.200000000000000000e+01
1.679988670596322775e+09,1.658400000000000000e+04,5.120000000000000000e+02,-7.840000000000000000e+02,-1.153000000000000000e+03,-6.220000000000000000e+02,-4.200000000000000000e+01
1.679988670596977472e+09,1.658400000000000000e+04,5.120000000000000000e+02,-7.840000000000000000e+02,-1.153000000000000000e+03,-6.220000000000000000e+02,-4.200000000000000000e+01
1.679988670598317385e+09,1.658400000000000000e+04,5.120000000000000000e+02,-7.840000000000000000e+02,-1.153000000000000000e+03,-6.220000000000000000e+02,-4.200000000000000000e+01
1.679988670598984957e+09,1.658400000000000000e+04,5.120000000000000000e+02,-7.840000000000000000e+02,-1.153000000000000000e+03,-6.220000000000000000e+02,-4.200000000000000000e+01
1.679988670600384235e+09,1.658400000000000000e+04,5.120000000000000000e+02,-7.840000000000000000e+02,-1.153000000000000000e+03,-6.220000000000000000e+02,-4.200000000000000000e+01
1.679988670601052046e+09,1.658400000000000000e+04,5.120000000000000000e+02,-7.840000000000000000e+02,-1.153000000000000000e+03,-6.220000000000000000e+02,-4.200000000000000000e+01
1.679988670602407694e+09,1.658400000000000000e+04,5.120000000000000000e+02,-7.840000000000000000e+02,-1.153000000000000000e+03,-6.220000000000000000e+02,-4.200000000000000000e+01
1.679988670603074551e+09,1.658400000000000000e+04,5.120000000000000000e+02,-7.840000000000000000e+02,-1.153000000000000000e+03,-6.220000000000000000e+02,-4.200000000000000000e+01
1.679988670604436874e+09,1.658400000000000000e+04,5.120000000000000000e+02,-7.840000000000000000e+02,-1.153000000000000000e+03,-6.220000000000000000e+02,-4.200000000000000000e+01
1.679988670605109930e+09,1.658400000000000000e+04,5.120000000000000000e+02,-7.840000000000000000e+02,-1.153000000000000000e+03,-6.220000000000000000e+02,-4.200000000000000000e+01
1.679988670606555462e+09,1.658400000000000000e+04,5.120000000000000000e+02,-7.840000000000000000e+02,-1.153000000000000000e+03,-6.220000000000000000e+02,-4.200000000000000000e+01
1.679988670607319832e+09,1.658400000000000000e+04,5.120000000000000000e+02,-7.840000000000000000e+02,-1.153000000000000000e+03,-6.220000000000000000e+02,-4.200000000000000000e+01
1.679988670608675480e+09,1.658400000000000000e+04,5.120000000000000000e+02,-7.840000000000000000e+02,-1.153000000000000000e+03,-6.220000000000000000e+02,-4.200000000000000000e+01
1.679988670609402180e+09,1.658400000000000000e+04,5.120000000000000000e+02,-7.840000000000000000e+02,-1.153000000000000000e+03,-6.220000000000000000e+02,-4.200000000000000000e+01
1.679988670610741138e+09,1.658400000000000000e+04,5.120000000000000000e+02,-7.840000000000000000e+02,-1.153000000000000000e+03,-6.220000000000000000e+02,-4.200000000000000000e+01
1.679988670611417294e+09,1.658400000000000000e+04,5.120000000000000000e+02,-7.840000000000000000e+02,-1.153000000000000000e+03,-6.220000000000000000e+02,-4.200000000000000000e+01
1.679988670612771511e+09,1.658400000000000000e+04,5.120000000000000000e+02,-7.840000000000000000e+02,-1.153000000000000000e+03,-6.220000000000000000e+02,-4.200000000000000000e+01
1.679988670613424778e+09,1.658400000000000000e+04,5.120000000000000000e+02,-7.840000000000000000e+02,-1.153000000000000000e+03,-6.220000000000000000e+02,-4.200000000000000000e+01
1.679988670614788294e+09,1.658400000000000000e+04,5.120000000000000000e+02,-7.840000000000000000e+02,-1.153000000000000000e+03,-6.220000000000000000e+02,-4.200000000000000000e+01
1.679988670615446568e+09,1.658400000000000000e+04,5.120000000000000000e+02,-7.840000000000000000e+02,-1.153000000000000000e+03,-6.220000000000000000e+02,-4.200000000000000000e+01
1.679988670616825342e+09,1.658400000000000000e+04,5.120000000000000000e+02,-7.840000000000000000e+02,-1.153000000000000000e+03,-6.220000000000000000e+02,-4.200000000000000000e+01
1.679988670617527485e+09,1.658400000000000000e+04,5.120000000000000000e+02,-7.840000000000000000e+02,-1.153000000000000000e+03,-6.220000000000000000e+02,-4.200000000000000000e+01
1.679988670618883848e+09,1.658400000000000000e+04,5.120000000000000000e+02,-7.840000000000000000e+02,-1.153000000000000000e+03,-6.220000000000000000e+02,-4.200000000000000000e+01
1.679988670619555235e+09,1.658400000000000000e+04,5.120000000000000000e+02,-7.840000000000000000e+02,-1.153000000000000000e+03,-6.220000000000000000e+02,-4.200000000000000000e+01
1.679988670620939016e+09,1.658400000000000000e+04,5.120000000000000000e+02,-7.840000000000000000e+02,-1.153000000000000000e+03,-6.220000000000000000e+02,-4.200000000000000000e+01
1.679988670621641874e+09,1.658400000000000000e+04,5.120000000000000000e+02,-7.840000000000000000e+02,-1.153000000000000000e+03,-6.220000000000000000e+02,-4.200000000000000000e+01
1.679988670622983694e+09,1.658400000000000000e+04,5.120000000000000000e+02,-7.840000000000000000e+02,-1.153000000000000000e+03,-6.220000000000000000e+02,-4.200000000000000000e+01
1.679988670623689651e+09,1.658400000000000000e+04,5.120000000000000000e+02,-7.840000000000000000e+02,-1.153000000000000000e+03,-6.220000000000000000e+02,-4.200000000000000000e+01
1.679988670625075340e+09,1.658400000000000000e+04,5.120000000000000000e+02,-7.840000000000000000e+02,-1.153000000000000000e+03,-6.220000000000000000e+02,-4.200000000000000000e+01
1.679988670625837564e+09,1.658400000000000000e+04,5.120000000000000000e+02,-7.840000000000000000e+02,-1.153000000000000000e+03,-6.220000000000000000e+02,-4.200000000000000000e+01
1.679988670627198696e+09,1.658400000000000000e+04,5.120000000000000000e+02,-7.840000000000000000e+02,-1.153000000000000000e+03,-6.220000000000000000e+02,-4.200000000000000000e+01
1.679988670627872229e+09,1.658400000000000000e+04,5.120000000000000000e+02,-7.840000000000000000e+02,-1.153000000000000000e+03,-6.220000000000000000e+02,-4.200000000000000000e+01
1.679988670629187822e+09,1.658400000000000000e+04,5.120000000000000000e+02,-7.840000000000000000e+02,-1.153000000000000000e+03,-6.220000000000000000e+02,-4.200000000000000000e+01
1.679988670629931688e+09,1.658400000000000000e+04,5.120000000000000000e+02,-7.840000000000000000e+02,-1.153000000000000000e+03,-6.220000000000000000e+02,-4.200000000000000000e+01
1.679988670631290674e+09,1.658400000000000000e+04,5.120000000000000000e+02,-7.840000000000000000e+02,-1.153000000000000000e+03,-6.220000000000000000e+02,-4.200000000000000000e+01
1.679988670631961584e+09,1.658400000000000000e+04,5.120000000000000000e+02,-7.840000000000000000e+02,-1.153000000000000000e+03,-6.220000000000000000e+02,-4.200000000000000000e+01
1.679988670633299828e+09,1.658400000000000000e+04,5.120000000000000000e+02,-7.840000000000000000e+02,-1.153000000000000000e+03,-6.220000000000000000e+02,-4.200000000000000000e+01
1.679988670634007215e+09,1.658400000000000000e+04,5.120000000000000000e+02,-7.840000000000000000e+02,-1.153000000000000000e+03,-6.220000000000000000e+02,-4.200000000000000000e+01
1.679988670635365009e+09,1.658400000000000000e+04,5.120000000000000000e+02,-7.840000000000000000e+02,-1.153000000000000000e+03,-6.220000000000000000e+02,-4.200000000000000000e+01
1.679988670636162758e+09,1.658400000000000000e+04,5.120000000000000000e+02,-7.840000000000000000e+02,-1.153000000000000000e+03,-6.220000000000000000e+02,-4.200000000000000000e+01
1.679988670637519360e+09,1.658400000000000000e+04,5.120000000000000000e+02,-7.840000000000000000e+02,-1.153000000000000000e+03,-6.220000000000000000e+02,-4.200000000000000000e+01
1.679988670638246059e+09,1.658400000000000000e+04,5.120000000000000000e+02,-7.840000000000000000e+02,-1.153000000000000000e+03,-6.220000000000000000e+02,-4.200000000000000000e+01
1.679988670639621019e+09,1.658400000000000000e+04,5.120000000000000000e+02,-7.840000000000000000e+02,-1.153000000000000000e+03,-6.220000000000000000e+02,-4.200000000000000000e+01
1.679988670640297174e+09,1.658400000000000000e+04,5.120000000000000000e+02,-7.840000000000000000e+02,-1.153000000000000000e+03,-6.220000000000000000e+02,-4.200000000000000000e+01
1.679988670641683817e+09,1.658400000000000000e+04,5.120000000000000000e+02,-7.840000000000000000e+02,-1.153000000000000000e+03,-6.220000000000000000e+02,-4.200000000000000000e+01
1.679988670642439604e+09,1.658400000000000000e+04,5.120000000000000000e+02,-7.840000000000000000e+02,-1.153000000000000000e+03,-6.220000000000000000e+02,-4.200000000000000000e+01
1.679988670643782616e+09,1.658400000000000000e+04,5.120000000000000000e+02,-7.840000000000000000e+02,-1.153000000000000000e+03,-6.220000000000000000e+02,-4.200000000000000000e+01
1.679988670644490004e+09,1.658400000000000000e+04,5.120000000000000000e+02,-7.840000000000000000e+02,-1.153000000000000000e+03,-6.220000000000000000e+02,-4.200000000000000000e+01
1.679988670645897388e+09,1.658400000000000000e+04,5.120000000000000000e+02,-7.840000000000000000e+02,-1.153000000000000000e+03,-6.220000000000000000e+02,-4.200000000000000000e+01
1.679988670646613359e+09,1.658400000000000000e+04,5.120000000000000000e+02,-7.840000000000000000e+02,-1.153000000000000000e+03,-6.220000000000000000e+02,-4.200000000000000000e+01
1.679988670647985697e+09,1.658400000000000000e+04,5.120000000000000000e+02,-7.840000000000000000e+02,-1.153000000000000000e+03,-6.220000000000000000e+02,-4.200000000000000000e+01
1.679988670648645163e+09,1.658400000000000000e+04,5.120000000000000000e+02,-7.840000000000000000e+02,-1.153000000000000000e+03,-6.220000000000000000e+02,-4.200000000000000000e+01
1.679988670650035620e+09,1.658400000000000000e+04,5.120000000000000000e+02,-7.840000000000000000e+02,-1.153000000000000000e+03,-6.220000000000000000e+02,-4.200000000000000000e+01
1.679988670650749445e+09,1.658400000000000000e+04,5.120000000000000000e+02,-7.840000000000000000e+02,-1.153000000000000000e+03,-6.220000000000000000e+02,-4.200000000000000000e+01
1.679988670652070761e+09,1.658400000000000000e+04,5.120000000000000000e+02,-7.840000000000000000e+02,-1.153000000000000000e+03,-6.220000000000000000e+02,-4.200000000000000000e+01
1.679988670652821064e+09,1.658400000000000000e+04,5.120000000000000000e+02,-7.840000000000000000e+02,-1.153000000000000000e+03,-6.220000000000000000e+02,-4.200000000000000000e+01
1.679988670654190779e+09,1.658400000000000000e+04,5.120000000000000000e+02,-7.840000000000000000e+02,-1.153000000000000000e+03,-6.220000000000000000e+02,-4.200000000000000000e+01
1.679988670654861212e+09,1.658400000000000000e+04,5.120000000000000000e+02,-7.840000000000000000e+02,-1.153000000000000000e+03,-6.220000000000000000e+02,-4.200000000000000000e+01
1.679988670656303406e+09,1.658400000000000000e+04,5.120000000000000000e+02,-7.840000000000000000e+02,-1.153000000000000000e+03,-6.220000000000000000e+02,-4.200000000000000000e+01
1.679988670657013655e+09,1.658400000000000000e+04,5.120000000000000000e+02,-7.840000000000000000e+02,-1.153000000000000000e+03,-6.220000000000000000e+02,-4.200000000000000000e+01
1.679988670658376217e+09,1.658400000000000000e+04,5.120000000000000000e+02,-7.840000000000000000e+02,-1.153000000000000000e+03,-6.220000000000000000e+02,-4.200000000000000000e+01
1.679988670659106016e+09,1.658400000000000000e+04,5.120000000000000000e+02,-7.840000000000000000e+02,-1.153000000000000000e+03,-6.220000000000000000e+02,-4.200000000000000000e+01
1.679988670660467148e+09,1.658400000000000000e+04,5.120000000000000000e+02,-7.840000000000000000e+02,-1.153000000000000000e+03,-6.220000000000000000e+02,-4.200000000000000000e+01
1.679988670661155701e+09,1.658400000000000000e+04,5.120000000000000000e+02,-7.840000000000000000e+02,-1.153000000000000000e+03,-6.220000000000000000e+02,-4.200000000000000000e+01
1.679988670662543058e+09,1.658400000000000000e+04,5.120000000000000000e+02,-7.840000000000000000e+02,-1.153000000000000000e+03,-6.220000000000000000e+02,-4.200000000000000000e+01
1.679988670663268328e+09,1.658400000000000000e+04,5.120000000000000000e+02,-7.840000000000000000e+02,-1.153000000000000000e+03,-6.220000000000000000e+02,-4.200000000000000000e+01
1.679988670664592981e+09,1.658400000000000000e+04,5.120000000000000000e+02,-7.840000000000000000e+02,-1.153000000000000000e+03,-6.220000000000000000e+02,-4.200000000000000000e+01
1.679988670665377617e+09,1.658400000000000000e+04,5.120000000000000000e+02,-7.840000000000000000e+02,-1.153000000000000000e+03,-6.220000000000000000e+02,-4.200000000000000000e+01
1.679988670666793823e+09,1.658400000000000000e+04,5.120000000000000000e+02,-7.840000000000000000e+02,-1.153000000000000000e+03,-6.220000000000000000e+02,-4.200000000000000000e+01
1.679988670667610645e+09,1.658400000000000000e+04,5.120000000000000000e+02,-7.840000000000000000e+02,-1.153000000000000000e+03,-6.220000000000000000e+02,-4.200000000000000000e+01
1.679988670669009447e+09,1.658400000000000000e+04,5.120000000000000000e+02,-7.840000000000000000e+02,-1.153000000000000000e+03,-6.220000000000000000e+02,-4.200000000000000000e+01
1.679988670669660330e+09,1.658400000000000000e+04,5.120000000000000000e+02,-7.840000000000000000e+02,-1.153000000000000000e+03,-6.220000000000000000e+02,-4.200000000000000000e+01
1.679988670671002388e+09,1.658400000000000000e+04,5.120000000000000000e+02,-7.840000000000000000e+02,-1.153000000000000000e+03,-6.220000000000000000e+02,-4.200000000000000000e+01
1.679988670671702385e+09,1.658400000000000000e+04,5.120000000000000000e+02,-7.840000000000000000e+02,-1.153000000000000000e+03,-6.220000000000000000e+02,-4.200000000000000000e+01
1.679988670673100233e+09,1.658400000000000000e+04,5.120000000000000000e+02,-7.840000000000000000e+02,-1.153000000000000000e+03,-6.220000000000000000e+02,-4.200000000000000000e+01
1.679988670673803091e+09,1.658400000000000000e+04,5.120000000000000000e+02,-7.840000000000000000e+02,-1.153000000000000000e+03,-6.220000000000000000e+02,-4.200000000000000000e+01
1.679988670675162315e+09,1.658400000000000000e+04,5.120000000000000000e+02,-7.840000000000000000e+02,-1.153000000000000000e+03,-6.220000000000000000e+02,-4.200000000000000000e+01
1.679988670675899982e+09,1.658400000000000000e+04,5.120000000000000000e+02,-7.840000000000000000e+02,-1.153000000000000000e+03,-6.220000000000000000e+02,-4.200000000000000000e+01
1.679988670677217245e+09,1.658400000000000000e+04,5.120000000000000000e+02,-7.840000000000000000e+02,-1.153000000000000000e+03,-6.220000000000000000e+02,-4.200000000000000000e+01
1.679988670677984953e+09,1.658400000000000000e+04,5.120000000000000000e+02,-7.840000000000000000e+02,-1.153000000000000000e+03,-6.220000000000000000e+02,-4.200000000000000000e+01
1.679988670682343245e+09,1.658400000000000000e+04,5.120000000000000000e+02,-7.840000000000000000e+02,-1.153000000000000000e+03,-6.220000000000000000e+02,-4.200000000000000000e+01
1.679988670686454058e+09,1.658400000000000000e+04,5.120000000000000000e+02,-7.840000000000000000e+02,-1.153000000000000000e+03,-6.220000000000000000e+02,-4.200000000000000000e+01
1.679988670687848330e+09,1.658400000000000000e+04,5.120000000000000000e+02,-7.840000000000000000e+02,-1.153000000000000000e+03,-6.220000000000000000e+02,-4.200000000000000000e+01
1.679988670688540936e+09,1.658400000000000000e+04,5.120000000000000000e+02,-7.840000000000000000e+02,-1.153000000000000000e+03,-6.220000000000000000e+02,-4.200000000000000000e+01
1.679988670689953804e+09,1.658400000000000000e+04,5.120000000000000000e+02,-7.840000000000000000e+02,-1.153000000000000000e+03,-6.220000000000000000e+02,-4.200000000000000000e+01
1.679988670690595627e+09,1.658400000000000000e+04,5.120000000000000000e+02,-7.840000000000000000e+02,-1.153000000000000000e+03,-6.220000000000000000e+02,-4.200000000000000000e+01
1.679988670692042351e+09,1.658400000000000000e+04,5.120000000000000000e+02,-7.840000000000000000e+02,-1.153000000000000000e+03,-6.220000000000000000e+02,-4.200000000000000000e+01
1.679988670692757845e+09,1.658400000000000000e+04,5.120000000000000000e+02,-7.840000000000000000e+02,-1.153000000000000000e+03,-6.220000000000000000e+02,-4.200000000000000000e+01
1.679988670694191933e+09,1.658400000000000000e+04,5.120000000000000000e+02,-7.840000000000000000e+02,-1.153000000000000000e+03,-6.220000000000000000e+02,-4.200000000000000000e+01
1.679988670695009947e+09,1.658400000000000000e+04,5.120000000000000000e+02,-7.840000000000000000e+02,-1.153000000000000000e+03,-6.220000000000000000e+02,-4.200000000000000000e+01
1.679988670696480513e+09,1.658400000000000000e+04,5.120000000000000000e+02,-7.840000000000000000e+02,-1.153000000000000000e+03,-6.220000000000000000e+02,-4.200000000000000000e+01
1.679988670697104216e+09,1.658400000000000000e+04,5.120000000000000000e+02,-7.840000000000000000e+02,-1.153000000000000000e+03,-6.220000000000000000e+02,-4.200000000000000000e+01
1.679988670698531866e+09,1.658400000000000000e+04,5.120000000000000000e+02,-7.840000000000000000e+02,-1.153000000000000000e+03,-6.220000000000000000e+02,-4.200000000000000000e+01
1.679988670699212313e+09,1.658400000000000000e+04,5.120000000000000000e+02,-7.840000000000000000e+02,-1.153000000000000000e+03,-6.220000000000000000e+02,-4.200000000000000000e+01
1.679988670700642109e+09,1.658400000000000000e+04,5.120000000000000000e+02,-7.840000000000000000e+02,-1.153000000000000000e+03,-6.220000000000000000e+02,-4.200000000000000000e+01
1.679988670701338291e+09,1.658400000000000000e+04,5.120000000000000000e+02,-7.840000000000000000e+02,-1.153000000000000000e+03,-6.220000000000000000e+02,-4.200000000000000000e+01
1.679988670702749491e+09,1.658400000000000000e+04,5.120000000000000000e+02,-7.840000000000000000e+02,-1.153000000000000000e+03,-6.220000000000000000e+02,-4.200000000000000000e+01
1.679988670703559875e+09,1.658400000000000000e+04,5.120000000000000000e+02,-7.840000000000000000e+02,-1.153000000000000000e+03,-6.220000000000000000e+02,-4.200000000000000000e+01
1.679988670704942226e+09,1.658400000000000000e+04,5.120000000000000000e+02,-7.840000000000000000e+02,-1.153000000000000000e+03,-6.220000000000000000e+02,-4.200000000000000000e+01
1.679988670705671310e+09,1.658400000000000000e+04,5.120000000000000000e+02,-7.840000000000000000e+02,-1.153000000000000000e+03,-6.220000000000000000e+02,-4.200000000000000000e+01
1.679988670707083941e+09,1.658400000000000000e+04,5.120000000000000000e+02,-7.840000000000000000e+02,-1.153000000000000000e+03,-6.220000000000000000e+02,-4.200000000000000000e+01
1.679988670707763195e+09,1.658400000000000000e+04,5.120000000000000000e+02,-7.840000000000000000e+02,-1.153000000000000000e+03,-6.220000000000000000e+02,-4.200000000000000000e+01
1.679988670709187746e+09,1.658400000000000000e+04,5.120000000000000000e+02,-7.840000000000000000e+02,-1.153000000000000000e+03,-6.220000000000000000e+02,-4.200000000000000000e+01
1.679988670709871292e+09,1.658400000000000000e+04,5.120000000000000000e+02,-7.840000000000000000e+02,-1.153000000000000000e+03,-6.220000000000000000e+02,-4.200000000000000000e+01
1.679988670711303473e+09,1.658400000000000000e+04,5.120000000000000000e+02,-7.840000000000000000e+02,-1.153000000000000000e+03,-6.220000000000000000e+02,-4.200000000000000000e+01
1.679988670712179184e+09,1.658400000000000000e+04,5.120000000000000000e+02,-7.840000000000000000e+02,-1.153000000000000000e+03,-6.220000000000000000e+02,-4.200000000000000000e+01
1.679988670713596344e+09,1.658400000000000000e+04,5.120000000000000000e+02,-7.840000000000000000e+02,-1.153000000000000000e+03,-6.220000000000000000e+02,-4.200000000000000000e+01
1.679988670714276791e+09,1.658400000000000000e+04,5.120000000000000000e+02,-7.840000000000000000e+02,-1.153000000000000000e+03,-6.220000000000000000e+02,-4.200000000000000000e+01
1.679988670715788841e+09,1.658400000000000000e+04,5.120000000000000000e+02,-7.840000000000000000e+02,-1.153000000000000000e+03,-6.220000000000000000e+02,-4.200000000000000000e+01
1.679988670716497898e+09,1.658400000000000000e+04,5.120000000000000000e+02,-7.840000000000000000e+02,-1.153000000000000000e+03,-6.220000000000000000e+02,-4.200000000000000000e+01
1.679988670717912674e+09,1.658400000000000000e+04,5.120000000000000000e+02,-7.840000000000000000e+02,-1.153000000000000000e+03,-6.220000000000000000e+02,-4.200000000000000000e+01
1.679988670718639851e+09,1.658400000000000000e+04,5.120000000000000000e+02,-7.840000000000000000e+02,-1.153000000000000000e+03,-6.220000000000000000e+02,-4.200000000000000000e+01
1.679988670720027208e+09,1.658400000000000000e+04,5.120000000000000000e+02,-7.840000000000000000e+02,-1.153000000000000000e+03,-6.220000000000000000e+02,-4.200000000000000000e+01
1.679988670720698595e+09,1.658400000000000000e+04,5.120000000000000000e+02,-7.840000000000000000e+02,-1.153000000000000000e+03,-6.220000000000000000e+02,-4.200000000000000000e+01
1.679988670722153902e+09,1.658400000000000000e+04,5.120000000000000000e+02,-7.840000000000000000e+02,-1.153000000000000000e+03,-6.220000000000000000e+02,-4.200000000000000000e+01
1.679988670722690821e+09,1.658400000000000000e+04,5.120000000000000000e+02,-7.840000000000000000e+02,-1.153000000000000000e+03,-6.220000000000000000e+02,-4.200000000000000000e+01
1.679988670724160194e+09,1.658400000000000000e+04,5.120000000000000000e+02,-7.840000000000000000e+02,-1.153000000000000000e+03,-6.220000000000000000e+02,-4.200000000000000000e+01
1.679988670724720716e+09,1.658400000000000000e+04,5.120000000000000000e+02,-7.840000000000000000e+02,-1.153000000000000000e+03,-6.220000000000000000e+02,-4.200000000000000000e+01
1.679988670726283312e+09,1.658400000000000000e+04,5.120000000000000000e+02,-7.840000000000000000e+02,-1.153000000000000000e+03,-6.220000000000000000e+02,-4.200000000000000000e+01
1.679988670726798773e+09,1.658400000000000000e+04,5.120000000000000000e+02,-7.840000000000000000e+02,-1.153000000000000000e+03,-6.220000000000000000e+02,-4.200000000000000000e+01
1.679988670728354931e+09,1.658400000000000000e+04,5.120000000000000000e+02,-7.840000000000000000e+02,-1.153000000000000000e+03,-6.220000000000000000e+02,-4.200000000000000000e+01
1.679988670728901863e+09,1.658400000000000000e+04,5.120000000000000000e+02,-7.840000000000000000e+02,-1.153000000000000000e+03,-6.220000000000000000e+02,-4.200000000000000000e+01
1.679988670730474949e+09,1.658400000000000000e+04,5.120000000000000000e+02,-7.840000000000000000e+02,-1.153000000000000000e+03,-6.220000000000000000e+02,-4.200000000000000000e+01
1.679988670731013060e+09,1.658400000000000000e+04,5.120000000000000000e+02,-7.840000000000000000e+02,-1.153000000000000000e+03,-6.220000000000000000e+02,-4.200000000000000000e+01
1.679988670732556343e+09,1.658400000000000000e+04,5.120000000000000000e+02,-7.840000000000000000e+02,-1.153000000000000000e+03,-6.220000000000000000e+02,-4.200000000000000000e+01
1.679988670733098269e+09,1.658400000000000000e+04,5.120000000000000000e+02,-7.840000000000000000e+02,-1.153000000000000000e+03,-6.220000000000000000e+02,-4.200000000000000000e+01
1.679988670734660149e+09,1.658400000000000000e+04,5.120000000000000000e+02,-7.840000000000000000e+02,-1.153000000000000000e+03,-6.220000000000000000e+02,-4.200000000000000000e+01
1.679988670735215187e+09,1.658400000000000000e+04,5.120000000000000000e+02,-7.840000000000000000e+02,-1.153000000000000000e+03,-6.220000000000000000e+02,-4.200000000000000000e+01
1.679988670736747503e+09,1.658400000000000000e+04,5.120000000000000000e+02,-7.840000000000000000e+02,-1.153000000000000000e+03,-6.220000000000000000e+02,-4.200000000000000000e+01
1.679988670737283945e+09,1.658400000000000000e+04,5.120000000000000000e+02,-7.840000000000000000e+02,-1.153000000000000000e+03,-6.220000000000000000e+02,-4.200000000000000000e+01
1.679988670738889456e+09,1.658400000000000000e+04,5.120000000000000000e+02,-7.840000000000000000e+02,-1.153000000000000000e+03,-6.220000000000000000e+02,-4.200000000000000000e+01
1.679988670739432096e+09,1.658400000000000000e+04,5.120000000000000000e+02,-7.840000000000000000e+02,-1.153000000000000000e+03,-6.220000000000000000e+02,-4.200000000000000000e+01
1.679988670740960360e+09,1.658400000000000000e+04,5.120000000000000000e+02,-7.840000000000000000e+02,-1.153000000000000000e+03,-6.220000000000000000e+02,-4.200000000000000000e+01
1.679988670741501808e+09,1.658400000000000000e+04,5.120000000000000000e+02,-7.840000000000000000e+02,-1.153000000000000000e+03,-6.220000000000000000e+02,-4.200000000000000000e+01
1.679988670743048668e+09,1.658400000000000000e+04,5.120000000000000000e+02,-7.840000000000000000e+02,-1.153000000000000000e+03,-6.220000000000000000e+02,-4.200000000000000000e+01
1.679988670743586540e+09,1.658400000000000000e+04,5.120000000000000000e+02,-7.840000000000000000e+02,-1.153000000000000000e+03,-6.220000000000000000e+02,-4.200000000000000000e+01
1.679988670745122671e+09,1.658400000000000000e+04,5.120000000000000000e+02,-7.840000000000000000e+02,-1.153000000000000000e+03,-6.220000000000000000e+02,-4.200000000000000000e+01
1.679988670745771885e+09,1.658400000000000000e+04,5.120000000000000000e+02,-7.840000000000000000e+02,-1.153000000000000000e+03,-6.220000000000000000e+02,-4.200000000000000000e+01
1.679988670747333050e+09,1.658400000000000000e+04,5.120000000000000000e+02,-7.840000000000000000e+02,-1.153000000000000000e+03,-6.220000000000000000e+02,-4.200000000000000000e+01
1.679988670747891665e+09,1.658400000000000000e+04,5.120000000000000000e+02,-7.840000000000000000e+02,-1.153000000000000000e+03,-6.220000000000000000e+02,-4.200000000000000000e+01
1.679988670749397755e+09,1.658400000000000000e+04,5.120000000000000000e+02,-7.840000000000000000e+02,-1.153000000000000000e+03,-6.220000000000000000e+02,-4.200000000000000000e+01
1.679988670749934912e+09,1.658400000000000000e+04,5.120000000000000000e+02,-7.840000000000000000e+02,-1.153000000000000000e+03,-6.220000000000000000e+02,-4.200000000000000000e+01
1.679988670751467943e+09,1.658400000000000000e+04,5.120000000000000000e+02,-7.840000000000000000e+02,-1.153000000000000000e+03,-6.220000000000000000e+02,-4.200000000000000000e+01
1.679988670752010345e+09,1.658400000000000000e+04,5.120000000000000000e+02,-7.840000000000000000e+02,-1.153000000000000000e+03,-6.220000000000000000e+02,-4.200000000000000000e+01
1.679988670753562212e+09,1.658400000000000000e+04,5.120000000000000000e+02,-7.840000000000000000e+02,-1.153000000000000000e+03,-6.220000000000000000e+02,-4.200000000000000000e+01
1.679988670754116774e+09,1.658400000000000000e+04,5.120000000000000000e+02,-7.840000000000000000e+02,-1.153000000000000000e+03,-6.220000000000000000e+02,-4.200000000000000000e+01
1.679988670755854607e+09,1.658400000000000000e+04,5.120000000000000000e+02,-7.840000000000000000e+02,-1.153000000000000000e+03,-6.220000000000000000e+02,-4.200000000000000000e+01
1.679988670756433249e+09,1.658400000000000000e+04,5.120000000000000000e+02,-7.840000000000000000e+02,-1.153000000000000000e+03,-6.220000000000000000e+02,-4.200000000000000000e+01
1.679988670757881880e+09,1.658400000000000000e+04,5.120000000000000000e+02,-7.840000000000000000e+02,-1.153000000000000000e+03,-6.220000000000000000e+02,-4.200000000000000000e+01
1.679988670758421183e+09,1.658400000000000000e+04,5.120000000000000000e+02,-7.840000000000000000e+02,-1.153000000000000000e+03,-6.220000000000000000e+02,-4.200000000000000000e+01
1.679988670759968758e+09,1.658400000000000000e+04,5.120000000000000000e+02,-7.840000000000000000e+02,-1.153000000000000000e+03,-6.220000000000000000e+02,-4.200000000000000000e+01
1.679988670760513783e+09,1.658400000000000000e+04,5.120000000000000000e+02,-7.840000000000000000e+02,-1.153000000000000000e+03,-6.220000000000000000e+02,-4.200000000000000000e+01
1.679988670762056112e+09,1.658400000000000000e+04,5.120000000000000000e+02,-7.840000000000000000e+02,-1.153000000000000000e+03,-6.220000000000000000e+02,-4.200000000000000000e+01
1.679988670762594223e+09,1.658400000000000000e+04,5.120000000000000000e+02,-7.840000000000000000e+02,-1.153000000000000000e+03,-6.220000000000000000e+02,-4.200000000000000000e+01
1.679988670764158964e+09,1.658400000000000000e+04,5.120000000000000000e+02,-7.840000000000000000e+02,-1.153000000000000000e+03,-6.220000000000000000e+02,-4.200000000000000000e+01
1.679988670764767885e+09,1.658400000000000000e+04,5.120000000000000000e+02,-7.840000000000000000e+02,-1.153000000000000000e+03,-6.220000000000000000e+02,-4.200000000000000000e+01
1.679988670766353846e+09,1.658400000000000000e+04,5.120000000000000000e+02,-7.840000000000000000e+02,-1.153000000000000000e+03,-6.220000000000000000e+02,-4.200000000000000000e+01
1.679988670766898632e+09,1.658400000000000000e+04,5.120000000000000000e+02,-7.840000000000000000e+02,-1.153000000000000000e+03,-6.220000000000000000e+02,-4.200000000000000000e+01
1.679988670768407822e+09,1.658400000000000000e+04,5.120000000000000000e+02,-7.840000000000000000e+02,-1.153000000000000000e+03,-6.220000000000000000e+02,-4.200000000000000000e+01
1.679988670768957853e+09,1.658400000000000000e+04,5.120000000000000000e+02,-7.840000000000000000e+02,-1.153000000000000000e+03,-6.220000000000000000e+02,-4.200000000000000000e+01
1.679988670770518780e+09,1.658400000000000000e+04,5.120000000000000000e+02,-7.840000000000000000e+02,-1.153000000000000000e+03,-6.220000000000000000e+02,-4.200000000000000000e+01
1.679988670771063328e+09,1.658400000000000000e+04,5.120000000000000000e+02,-7.840000000000000000e+02,-1.153000000000000000e+03,-6.220000000000000000e+02,-4.200000000000000000e+01
1.679988670772632360e+09,1.658400000000000000e+04,5.120000000000000000e+02,-7.840000000000000000e+02,-1.153000000000000000e+03,-6.220000000000000000e+02,-4.200000000000000000e+01
1.679988670773274899e+09,1.658400000000000000e+04,5.120000000000000000e+02,-7.840000000000000000e+02,-1.153000000000000000e+03,-6.220000000000000000e+02,-4.200000000000000000e+01
1.679988670774853945e+09,1.658400000000000000e+04,5.120000000000000000e+02,-7.840000000000000000e+02,-1.153000000000000000e+03,-6.220000000000000000e+02,-4.200000000000000000e+01
1.679988670775317669e+09,1.658400000000000000e+04,5.120000000000000000e+02,-7.840000000000000000e+02,-1.153000000000000000e+03,-6.220000000000000000e+02,-4.200000000000000000e+01
1.679988670776952267e+09,1.658400000000000000e+04,5.120000000000000000e+02,-7.840000000000000000e+02,-1.153000000000000000e+03,-6.220000000000000000e+02,-4.200000000000000000e+01
1.679988670777461767e+09,1.658400000000000000e+04,5.120000000000000000e+02,-7.840000000000000000e+02,-1.153000000000000000e+03,-6.220000000000000000e+02,-4.200000000000000000e+01
1.679988670779025316e+09,1.658400000000000000e+04,5.120000000000000000e+02,-7.840000000000000000e+02,-1.153000000000000000e+03,-6.220000000000000000e+02,-4.200000000000000000e+01
1.679988670779546261e+09,1.658400000000000000e+04,5.120000000000000000e+02,-7.840000000000000000e+02,-1.153000000000000000e+03,-6.220000000000000000e+02,-4.200000000000000000e+01
1.679988670781124830e+09,1.658400000000000000e+04,5.120000000000000000e+02,-7.840000000000000000e+02,-1.153000000000000000e+03,-6.220000000000000000e+02,-4.200000000000000000e+01
1.679988670781639099e+09,1.658400000000000000e+04,5.120000000000000000e+02,-7.840000000000000000e+02,-1.153000000000000000e+03,-6.220000000000000000e+02,-4.200000000000000000e+01
1.679988670783277512e+09,1.658400000000000000e+04,5.120000000000000000e+02,-7.840000000000000000e+02,-1.153000000000000000e+03,-6.220000000000000000e+02,-4.200000000000000000e+01
1.679988670783785582e+09,1.658400000000000000e+04,5.120000000000000000e+02,-7.840000000000000000e+02,-1.153000000000000000e+03,-6.220000000000000000e+02,-4.200000000000000000e+01
1.679988670785355568e+09,1.658400000000000000e+04,5.120000000000000000e+02,-7.840000000000000000e+02,-1.153000000000000000e+03,-6.220000000000000000e+02,-4.200000000000000000e+01
1.679988670785970926e+09,1.658400000000000000e+04,5.120000000000000000e+02,-7.840000000000000000e+02,-1.153000000000000000e+03,-6.220000000000000000e+02,-4.200000000000000000e+01
1.679988670787526608e+09,1.658400000000000000e+04,5.120000000000000000e+02,-7.840000000000000000e+02,-1.153000000000000000e+03,-6.220000000000000000e+02,-4.200000000000000000e+01
1.679988670788052797e+09,1.658400000000000000e+04,5.120000000000000000e+02,-7.840000000000000000e+02,-1.153000000000000000e+03,-6.220000000000000000e+02,-4.200000000000000000e+01
1.679988670789623737e+09,1.658400000000000000e+04,5.120000000000000000e+02,-7.840000000000000000e+02,-1.153000000000000000e+03,-6.220000000000000000e+02,-4.200000000000000000e+01
1.679988670790144205e+09,1.658400000000000000e+04,5.120000000000000000e+02,-7.840000000000000000e+02,-1.153000000000000000e+03,-6.220000000000000000e+02,-4.200000000000000000e+01
1.679988670791698456e+09,1.658400000000000000e+04,5.120000000000000000e+02,-7.840000000000000000e+02,-1.153000000000000000e+03,-6.220000000000000000e+02,-4.200000000000000000e+01
1.679988670792232037e+09,1.658400000000000000e+04,5.120000000000000000e+02,-7.840000000000000000e+02,-1.153000000000000000e+03,-6.220000000000000000e+02,-4.200000000000000000e+01
1.679988670793788671e+09,1.658400000000000000e+04,5.120000000000000000e+02,-7.840000000000000000e+02,-1.153000000000000000e+03,-6.220000000000000000e+02,-4.200000000000000000e+01
1.679988670794309378e+09,1.658400000000000000e+04,5.120000000000000000e+02,-7.840000000000000000e+02,-1.153000000000000000e+03,-6.220000000000000000e+02,-4.200000000000000000e+01
1.679988670795912266e+09,1.658400000000000000e+04,5.120000000000000000e+02,-7.840000000000000000e+02,-1.153000000000000000e+03,-6.220000000000000000e+02,-4.200000000000000000e+01
1.679988670796468735e+09,1.658400000000000000e+04,5.120000000000000000e+02,-7.840000000000000000e+02,-1.153000000000000000e+03,-6.220000000000000000e+02,-4.200000000000000000e+01
1.679988670798020840e+09,1.658400000000000000e+04,5.120000000000000000e+02,-7.840000000000000000e+02,-1.153000000000000000e+03,-6.220000000000000000e+02,-4.200000000000000000e+01
1.679988670798543215e+09,1.658400000000000000e+04,5.120000000000000000e+02,-7.840000000000000000e+02,-1.153000000000000000e+03,-6.220000000000000000e+02,-4.200000000000000000e+01
1.679988670800134659e+09,1.658400000000000000e+04,5.120000000000000000e+02,-7.840000000000000000e+02,-1.153000000000000000e+03,-6.220000000000000000e+02,-4.200000000000000000e+01
1.679988670800695181e+09,1.658400000000000000e+04,5.120000000000000000e+02,-7.840000000000000000e+02,-1.153000000000000000e+03,-6.220000000000000000e+02,-4.200000000000000000e+01
1.679988670802267551e+09,1.658400000000000000e+04,5.120000000000000000e+02,-7.840000000000000000e+02,-1.153000000000000000e+03,-6.220000000000000000e+02,-4.200000000000000000e+01
1.679988670802820444e+09,1.658400000000000000e+04,5.120000000000000000e+02,-7.840000000000000000e+02,-1.153000000000000000e+03,-6.220000000000000000e+02,-4.200000000000000000e+01
1.679988670804373264e+09,1.658400000000000000e+04,5.120000000000000000e+02,-7.840000000000000000e+02,-1.153000000000000000e+03,-6.220000000000000000e+02,-4.200000000000000000e+01
1.679988670804915905e+09,1.658400000000000000e+04,5.120000000000000000e+02,-7.840000000000000000e+02,-1.153000000000000000e+03,-6.220000000000000000e+02,-4.200000000000000000e+01
1.679988670806556940e+09,1.658400000000000000e+04,5.120000000000000000e+02,-7.840000000000000000e+02,-1.153000000000000000e+03,-6.220000000000000000e+02,-4.200000000000000000e+01
1.679988670807107210e+09,1.658400000000000000e+04,5.120000000000000000e+02,-7.840000000000000000e+02,-1.153000000000000000e+03,-6.220000000000000000e+02,-4.200000000000000000e+01
1.679988670808649063e+09,1.658400000000000000e+04,5.120000000000000000e+02,-7.840000000000000000e+02,-1.153000000000000000e+03,-6.220000000000000000e+02,-4.200000000000000000e+01
1.679988670809180737e+09,1.658400000000000000e+04,5.120000000000000000e+02,-7.840000000000000000e+02,-1.153000000000000000e+03,-6.220000000000000000e+02,-4.200000000000000000e+01
1.679988670810759783e+09,1.658400000000000000e+04,5.120000000000000000e+02,-7.840000000000000000e+02,-1.153000000000000000e+03,-6.220000000000000000e+02,-4.200000000000000000e+01
1.679988670811305761e+09,1.658400000000000000e+04,5.120000000000000000e+02,-7.840000000000000000e+02,-1.153000000000000000e+03,-6.220000000000000000e+02,-4.200000000000000000e+01
1.679988670812870979e+09,1.658400000000000000e+04,5.120000000000000000e+02,-7.840000000000000000e+02,-1.153000000000000000e+03,-6.220000000000000000e+02,-4.200000000000000000e+01
1.679988670813419342e+09,1.658400000000000000e+04,5.120000000000000000e+02,-7.840000000000000000e+02,-1.153000000000000000e+03,-6.220000000000000000e+02,-4.200000000000000000e+01
1.679988670814951658e+09,1.658400000000000000e+04,5.120000000000000000e+02,-7.840000000000000000e+02,-1.153000000000000000e+03,-6.220000000000000000e+02,-4.200000000000000000e+01
1.679988670815532446e+09,1.658400000000000000e+04,5.120000000000000000e+02,-7.840000000000000000e+02,-1.153000000000000000e+03,-6.220000000000000000e+02,-4.200000000000000000e+01
1.679988670817104340e+09,1.658400000000000000e+04,5.120000000000000000e+02,-7.840000000000000000e+02,-1.153000000000000000e+03,-6.220000000000000000e+02,-4.200000000000000000e+01
1.679988670817650318e+09,1.658400000000000000e+04,5.120000000000000000e+02,-7.840000000000000000e+02,-1.153000000000000000e+03,-6.220000000000000000e+02,-4.200000000000000000e+01
1.679988670819179296e+09,1.658400000000000000e+04,5.120000000000000000e+02,-7.840000000000000000e+02,-1.153000000000000000e+03,-6.220000000000000000e+02,-4.200000000000000000e+01
1.679988670819718838e+09,1.658400000000000000e+04,5.120000000000000000e+02,-7.840000000000000000e+02,-1.153000000000000000e+03,-6.220000000000000000e+02,-4.200000000000000000e+01
1.679988670821251154e+09,1.658400000000000000e+04,5.120000000000000000e+02,-7.840000000000000000e+02,-1.153000000000000000e+03,-6.220000000000000000e+02,-4.200000000000000000e+01
1.679988670821798563e+09,1.658400000000000000e+04,5.120000000000000000e+02,-7.840000000000000000e+02,-1.153000000000000000e+03,-6.220000000000000000e+02,-4.200000000000000000e+01
1.679988670823370218e+09,1.658400000000000000e+04,5.120000000000000000e+02,-7.840000000000000000e+02,-1.153000000000000000e+03,-6.220000000000000000e+02,-4.200000000000000000e+01
1.679988670823913574e+09,1.658400000000000000e+04,5.120000000000000000e+02,-7.840000000000000000e+02,-1.153000000000000000e+03,-6.220000000000000000e+02,-4.200000000000000000e+01
1.679988670825472593e+09,1.658400000000000000e+04,5.120000000000000000e+02,-7.840000000000000000e+02,-1.153000000000000000e+03,-6.220000000000000000e+02,-4.200000000000000000e+01
1.679988670826138258e+09,1.658400000000000000e+04,5.120000000000000000e+02,-7.840000000000000000e+02,-1.153000000000000000e+03,-6.220000000000000000e+02,-4.200000000000000000e+01
1.679988670827670336e+09,1.658400000000000000e+04,5.120000000000000000e+02,-7.840000000000000000e+02,-1.153000000000000000e+03,-6.220000000000000000e+02,-4.200000000000000000e+01
1.679988670828221083e+09,1.658400000000000000e+04,5.120000000000000000e+02,-7.840000000000000000e+02,-1.153000000000000000e+03,-6.220000000000000000e+02,-4.200000000000000000e+01
1.679988670829916477e+09,1.658400000000000000e+04,5.120000000000000000e+02,-7.840000000000000000e+02,-1.153000000000000000e+03,-6.220000000000000000e+02,-4.200000000000000000e+01
1.679988670830481291e+09,1.658400000000000000e+04,5.120000000000000000e+02,-7.840000000000000000e+02,-1.153000000000000000e+03,-6.220000000000000000e+02,-4.200000000000000000e+01
1.679988670831981659e+09,1.658400000000000000e+04,5.120000000000000000e+02,-7.840000000000000000e+02,-1.153000000000000000e+03,-6.220000000000000000e+02,-4.200000000000000000e+01
1.679988670832533360e+09,1.658400000000000000e+04,5.120000000000000000e+02,-7.840000000000000000e+02,-1.153000000000000000e+03,-6.220000000000000000e+02,-4.200000000000000000e+01
1.679988670834061384e+09,1.658400000000000000e+04,5.120000000000000000e+02,-7.840000000000000000e+02,-1.153000000000000000e+03,-6.220000000000000000e+02,-4.200000000000000000e+01
1.679988670834594488e+09,1.658400000000000000e+04,5.120000000000000000e+02,-7.840000000000000000e+02,-1.153000000000000000e+03,-6.220000000000000000e+02,-4.200000000000000000e+01
1.679988670836222172e+09,1.658400000000000000e+04,5.120000000000000000e+02,-7.840000000000000000e+02,-1.153000000000000000e+03,-6.220000000000000000e+02,-4.200000000000000000e+01
1.679988670836760759e+09,1.658400000000000000e+04,5.120000000000000000e+02,-7.840000000000000000e+02,-1.153000000000000000e+03,-6.220000000000000000e+02,-4.200000000000000000e+01
1.679988670838342667e+09,1.658400000000000000e+04,5.120000000000000000e+02,-7.840000000000000000e+02,-1.153000000000000000e+03,-6.220000000000000000e+02,-4.200000000000000000e+01
1.679988670838897228e+09,1.658400000000000000e+04,5.120000000000000000e+02,-7.840000000000000000e+02,-1.153000000000000000e+03,-6.220000000000000000e+02,-4.200000000000000000e+01
1.679988670840432167e+09,1.658400000000000000e+04,5.120000000000000000e+02,-7.840000000000000000e+02,-1.153000000000000000e+03,-6.220000000000000000e+02,-4.200000000000000000e+01
1.679988670840960264e+09,1.658400000000000000e+04,5.120000000000000000e+02,-7.840000000000000000e+02,-1.153000000000000000e+03,-6.220000000000000000e+02,-4.200000000000000000e+01
1.679988670842529774e+09,1.658400000000000000e+04,5.120000000000000000e+02,-7.840000000000000000e+02,-1.153000000000000000e+03,-6.220000000000000000e+02,-4.200000000000000000e+01
1.679988670843064547e+09,1.658400000000000000e+04,5.120000000000000000e+02,-7.840000000000000000e+02,-1.153000000000000000e+03,-6.220000000000000000e+02,-4.200000000000000000e+01
1.679988670844635725e+09,1.658400000000000000e+04,5.120000000000000000e+02,-7.840000000000000000e+02,-1.153000000000000000e+03,-6.220000000000000000e+02,-4.200000000000000000e+01
1.679988670845194578e+09,1.658400000000000000e+04,5.120000000000000000e+02,-7.840000000000000000e+02,-1.153000000000000000e+03,-6.220000000000000000e+02,-4.200000000000000000e+01
1.679988670846788168e+09,1.658400000000000000e+04,5.120000000000000000e+02,-7.840000000000000000e+02,-1.153000000000000000e+03,-6.220000000000000000e+02,-4.200000000000000000e+01
1.679988670847349405e+09,1.658400000000000000e+04,5.120000000000000000e+02,-7.840000000000000000e+02,-1.153000000000000000e+03,-6.220000000000000000e+02,-4.200000000000000000e+01
1.679988670848899364e+09,1.658400000000000000e+04,5.120000000000000000e+02,-7.840000000000000000e+02,-1.153000000000000000e+03,-6.220000000000000000e+02,-4.200000000000000000e+01
1.679988670849458933e+09,1.658400000000000000e+04,5.120000000000000000e+02,-7.840000000000000000e+02,-1.153000000000000000e+03,-6.220000000000000000e+02,-4.200000000000000000e+01
1.679988670851022482e+09,1.658400000000000000e+04,5.120000000000000000e+02,-7.840000000000000000e+02,-1.153000000000000000e+03,-6.220000000000000000e+02,-4.200000000000000000e+01
1.679988670851586580e+09,1.658400000000000000e+04,5.120000000000000000e+02,-7.840000000000000000e+02,-1.153000000000000000e+03,-6.220000000000000000e+02,-4.200000000000000000e+01
1.679988670853144646e+09,1.658400000000000000e+04,5.120000000000000000e+02,-7.840000000000000000e+02,-1.153000000000000000e+03,-6.220000000000000000e+02,-4.200000000000000000e+01
1.679988670853691101e+09,1.658400000000000000e+04,5.120000000000000000e+02,-7.840000000000000000e+02,-1.153000000000000000e+03,-6.220000000000000000e+02,-4.200000000000000000e+01
1.679988670855260134e+09,1.658400000000000000e+04,5.120000000000000000e+02,-7.840000000000000000e+02,-1.153000000000000000e+03,-6.220000000000000000e+02,-4.200000000000000000e+01
1.679988670855848074e+09,1.658400000000000000e+04,5.120000000000000000e+02,-7.840000000000000000e+02,-1.153000000000000000e+03,-6.220000000000000000e+02,-4.200000000000000000e+01
1.679988670857407093e+09,1.658400000000000000e+04,5.120000000000000000e+02,-7.840000000000000000e+02,-1.153000000000000000e+03,-6.220000000000000000e+02,-4.200000000000000000e+01
1.679988670857959509e+09,1.658400000000000000e+04,5.120000000000000000e+02,-7.840000000000000000e+02,-1.153000000000000000e+03,-6.220000000000000000e+02,-4.200000000000000000e+01
1.679988670859499693e+09,1.658400000000000000e+04,5.120000000000000000e+02,-7.840000000000000000e+02,-1.153000000000000000e+03,-6.220000000000000000e+02,-4.200000000000000000e+01
1.679988670860025644e+09,1.658400000000000000e+04,5.120000000000000000e+02,-7.840000000000000000e+02,-1.153000000000000000e+03,-6.220000000000000000e+02,-4.200000000000000000e+01
1.679988670861591101e+09,1.658400000000000000e+04,5.120000000000000000e+02,-7.840000000000000000e+02,-1.153000000000000000e+03,-6.220000000000000000e+02,-4.200000000000000000e+01
1.679988670862138033e+09,1.658400000000000000e+04,5.120000000000000000e+02,-7.840000000000000000e+02,-1.153000000000000000e+03,-6.220000000000000000e+02,-4.200000000000000000e+01
1.679988670863713741e+09,1.658400000000000000e+04,5.120000000000000000e+02,-7.840000000000000000e+02,-1.153000000000000000e+03,-6.220000000000000000e+02,-4.200000000000000000e+01
1.679988670864268303e+09,1.658400000000000000e+04,5.120000000000000000e+02,-7.840000000000000000e+02,-1.153000000000000000e+03,-6.220000000000000000e+02,-4.200000000000000000e+01
1.679988670865946770e+09,1.658400000000000000e+04,5.120000000000000000e+02,-7.840000000000000000e+02,-1.153000000000000000e+03,-6.220000000000000000e+02,-4.200000000000000000e+01
1.679988670866502047e+09,1.658400000000000000e+04,5.120000000000000000e+02,-7.840000000000000000e+02,-1.153000000000000000e+03,-6.220000000000000000e+02,-4.200000000000000000e+01
1.679988670868082762e+09,1.658400000000000000e+04,5.120000000000000000e+02,-7.840000000000000000e+02,-1.153000000000000000e+03,-6.220000000000000000e+02,-4.200000000000000000e+01
1.679988670868625402e+09,1.658400000000000000e+04,5.120000000000000000e+02,-7.840000000000000000e+02,-1.153000000000000000e+03,-6.220000000000000000e+02,-4.200000000000000000e+01
1.679988670870142221e+09,1.658400000000000000e+04,5.120000000000000000e+02,-7.840000000000000000e+02,-1.153000000000000000e+03,-6.220000000000000000e+02,-4.200000000000000000e+01
1.679988670870704651e+09,1.658400000000000000e+04,5.120000000000000000e+02,-7.840000000000000000e+02,-1.153000000000000000e+03,-6.220000000000000000e+02,-4.200000000000000000e+01
1.679988670872403622e+09,1.658400000000000000e+04,5.120000000000000000e+02,-7.840000000000000000e+02,-1.153000000000000000e+03,-6.220000000000000000e+02,-4.200000000000000000e+01
1.679988670873208523e+09,1.658400000000000000e+04,5.120000000000000000e+02,-7.840000000000000000e+02,-1.153000000000000000e+03,-6.220000000000000000e+02,-4.200000000000000000e+01
1.679988670874644518e+09,1.658400000000000000e+04,5.120000000000000000e+02,-7.840000000000000000e+02,-1.153000000000000000e+03,-6.220000000000000000e+02,-4.200000000000000000e+01
1.679988670875365734e+09,1.658400000000000000e+04,5.120000000000000000e+02,-7.840000000000000000e+02,-1.153000000000000000e+03,-6.220000000000000000e+02,-4.200000000000000000e+01
1.679988670876856327e+09,1.658400000000000000e+04,5.120000000000000000e+02,-7.840000000000000000e+02,-1.153000000000000000e+03,-6.220000000000000000e+02,-4.200000000000000000e+01
1.679988670877479792e+09,1.658400000000000000e+04,5.120000000000000000e+02,-7.840000000000000000e+02,-1.153000000000000000e+03,-6.220000000000000000e+02,-4.200000000000000000e+01
1.679988670878949642e+09,1.658400000000000000e+04,5.120000000000000000e+02,-7.840000000000000000e+02,-1.153000000000000000e+03,-6.220000000000000000e+02,-4.200000000000000000e+01
1.679988670879626513e+09,1.658400000000000000e+04,5.120000000000000000e+02,-7.840000000000000000e+02,-1.153000000000000000e+03,-6.220000000000000000e+02,-4.200000000000000000e+01
1.679988670881108284e+09,1.658400000000000000e+04,5.120000000000000000e+02,-7.840000000000000000e+02,-1.153000000000000000e+03,-6.220000000000000000e+02,-4.200000000000000000e+01
1.679988670881799221e+09,1.658400000000000000e+04,5.120000000000000000e+02,-7.840000000000000000e+02,-1.153000000000000000e+03,-6.220000000000000000e+02,-4.200000000000000000e+01
1.679988670883239746e+09,1.658400000000000000e+04,5.120000000000000000e+02,-7.840000000000000000e+02,-1.153000000000000000e+03,-6.220000000000000000e+02,-4.200000000000000000e+01
1.679988670883892775e+09,1.658400000000000000e+04,5.120000000000000000e+02,-7.840000000000000000e+02,-1.153000000000000000e+03,-6.220000000000000000e+02,-4.200000000000000000e+01
1.679988670885377169e+09,1.658400000000000000e+04,5.120000000000000000e+02,-7.840000000000000000e+02,-1.153000000000000000e+03,-6.220000000000000000e+02,-4.200000000000000000e+01
1.679988670886125088e+09,1.658400000000000000e+04,5.120000000000000000e+02,-7.840000000000000000e+02,-1.153000000000000000e+03,-6.220000000000000000e+02,-4.200000000000000000e+01
1.679988670887577295e+09,1.658400000000000000e+04,5.120000000000000000e+02,-7.840000000000000000e+02,-1.153000000000000000e+03,-6.220000000000000000e+02,-4.200000000000000000e+01
1.679988670888295650e+09,1.658400000000000000e+04,5.120000000000000000e+02,-7.840000000000000000e+02,-1.153000000000000000e+03,-6.220000000000000000e+02,-4.200000000000000000e+01
1.679988670889722586e+09,1.658400000000000000e+04,5.120000000000000000e+02,-7.840000000000000000e+02,-1.153000000000000000e+03,-6.220000000000000000e+02,-4.200000000000000000e+01
1.679988670890374184e+09,1.658400000000000000e+04,5.120000000000000000e+02,-7.840000000000000000e+02,-1.153000000000000000e+03,-6.220000000000000000e+02,-4.200000000000000000e+01
1.679988670891846657e+09,1.658400000000000000e+04,5.120000000000000000e+02,-7.840000000000000000e+02,-1.153000000000000000e+03,-6.220000000000000000e+02,-4.200000000000000000e+01
1.679988670892529964e+09,1.658400000000000000e+04,5.120000000000000000e+02,-7.840000000000000000e+02,-1.153000000000000000e+03,-6.220000000000000000e+02,-4.200000000000000000e+01
1.679988670893983603e+09,1.658400000000000000e+04,5.120000000000000000e+02,-7.840000000000000000e+02,-1.153000000000000000e+03,-6.220000000000000000e+02,-4.200000000000000000e+01
1.679988670894605637e+09,1.658400000000000000e+04,5.120000000000000000e+02,-7.840000000000000000e+02,-1.153000000000000000e+03,-6.220000000000000000e+02,-4.200000000000000000e+01
1.679988670896167755e+09,1.658400000000000000e+04,5.120000000000000000e+02,-7.840000000000000000e+02,-1.153000000000000000e+03,-6.220000000000000000e+02,-4.200000000000000000e+01
1.679988670896790266e+09,1.658400000000000000e+04,5.120000000000000000e+02,-7.840000000000000000e+02,-1.153000000000000000e+03,-6.220000000000000000e+02,-4.200000000000000000e+01
1.679988670898241282e+09,1.658400000000000000e+04,5.120000000000000000e+02,-7.840000000000000000e+02,-1.153000000000000000e+03,-6.220000000000000000e+02,-4.200000000000000000e+01
1.679988670898895025e+09,1.658400000000000000e+04,5.120000000000000000e+02,-7.840000000000000000e+02,-1.153000000000000000e+03,-6.220000000000000000e+02,-4.200000000000000000e+01
1.679988670900357008e+09,1.658400000000000000e+04,5.120000000000000000e+02,-7.840000000000000000e+02,-1.153000000000000000e+03,-6.220000000000000000e+02,-4.200000000000000000e+01
1.679988670901150227e+09,1.658400000000000000e+04,5.120000000000000000e+02,-7.840000000000000000e+02,-1.153000000000000000e+03,-6.220000000000000000e+02,-4.200000000000000000e+01
1.679988670902582169e+09,1.658400000000000000e+04,5.120000000000000000e+02,-7.840000000000000000e+02,-1.153000000000000000e+03,-6.220000000000000000e+02,-4.200000000000000000e+01
1.679988670903306484e+09,1.658400000000000000e+04,5.120000000000000000e+02,-7.840000000000000000e+02,-1.153000000000000000e+03,-6.220000000000000000e+02,-4.200000000000000000e+01
1.679988670904761314e+09,1.658400000000000000e+04,5.120000000000000000e+02,-7.840000000000000000e+02,-1.153000000000000000e+03,-6.220000000000000000e+02,-4.200000000000000000e+01
1.679988670905445337e+09,1.658400000000000000e+04,5.120000000000000000e+02,-7.840000000000000000e+02,-1.153000000000000000e+03,-6.220000000000000000e+02,-4.200000000000000000e+01
1.679988670906969786e+09,1.658400000000000000e+04,5.120000000000000000e+02,-7.840000000000000000e+02,-1.153000000000000000e+03,-6.220000000000000000e+02,-4.200000000000000000e+01
1.679988670907643557e+09,1.658400000000000000e+04,5.120000000000000000e+02,-7.840000000000000000e+02,-1.153000000000000000e+03,-6.220000000000000000e+02,-4.200000000000000000e+01
1.679988670909137249e+09,1.658400000000000000e+04,5.120000000000000000e+02,-7.840000000000000000e+02,-1.153000000000000000e+03,-6.220000000000000000e+02,-4.200000000000000000e+01
1.679988670909827471e+09,1.658400000000000000e+04,5.120000000000000000e+02,-7.840000000000000000e+02,-1.153000000000000000e+03,-6.220000000000000000e+02,-4.200000000000000000e+01
1.679988670911297798e+09,1.658400000000000000e+04,5.120000000000000000e+02,-7.840000000000000000e+02,-1.153000000000000000e+03,-6.220000000000000000e+02,-4.200000000000000000e+01
1.679988670911997795e+09,1.658400000000000000e+04,5.120000000000000000e+02,-7.840000000000000000e+02,-1.153000000000000000e+03,-6.220000000000000000e+02,-4.200000000000000000e+01
1.679988670913476467e+09,1.658400000000000000e+04,5.120000000000000000e+02,-7.840000000000000000e+02,-1.153000000000000000e+03,-6.220000000000000000e+02,-4.200000000000000000e+01
1.679988670914163828e+09,1.658400000000000000e+04,5.120000000000000000e+02,-7.840000000000000000e+02,-1.153000000000000000e+03,-6.220000000000000000e+02,-4.200000000000000000e+01
1.679988670915734768e+09,1.658400000000000000e+04,5.120000000000000000e+02,-7.840000000000000000e+02,-1.153000000000000000e+03,-6.220000000000000000e+02,-4.200000000000000000e+01
1.679988670916907549e+09,1.658400000000000000e+04,5.120000000000000000e+02,-7.840000000000000000e+02,-1.153000000000000000e+03,-6.220000000000000000e+02,-4.200000000000000000e+01
1.679988670918339491e+09,1.658400000000000000e+04,5.120000000000000000e+02,-7.840000000000000000e+02,-1.153000000000000000e+03,-6.220000000000000000e+02,-4.200000000000000000e+01
1.679988670919030190e+09,1.658400000000000000e+04,5.120000000000000000e+02,-7.840000000000000000e+02,-1.153000000000000000e+03,-6.220000000000000000e+02,-4.200000000000000000e+01
1.679988670920437574e+09,1.658400000000000000e+04,5.120000000000000000e+02,-7.840000000000000000e+02,-1.153000000000000000e+03,-6.220000000000000000e+02,-4.200000000000000000e+01
1.679988670921170473e+09,1.658400000000000000e+04,5.120000000000000000e+02,-7.840000000000000000e+02,-1.153000000000000000e+03,-6.220000000000000000e+02,-4.200000000000000000e+01
1.679988670922565699e+09,1.658400000000000000e+04,5.120000000000000000e+02,-7.840000000000000000e+02,-1.153000000000000000e+03,-6.220000000000000000e+02,-4.200000000000000000e+01
1.679988670923268557e+09,1.658400000000000000e+04,5.120000000000000000e+02,-7.840000000000000000e+02,-1.153000000000000000e+03,-6.220000000000000000e+02,-4.200000000000000000e+01
1.679988670924666882e+09,1.658400000000000000e+04,5.120000000000000000e+02,-7.840000000000000000e+02,-1.153000000000000000e+03,-6.220000000000000000e+02,-4.200000000000000000e+01
1.679988670925419807e+09,1.658400000000000000e+04,5.120000000000000000e+02,-7.840000000000000000e+02,-1.153000000000000000e+03,-6.220000000000000000e+02,-4.200000000000000000e+01
1.679988670926858187e+09,1.658400000000000000e+04,5.120000000000000000e+02,-7.840000000000000000e+02,-1.153000000000000000e+03,-6.220000000000000000e+02,-4.200000000000000000e+01
1.679988670927606344e+09,1.658400000000000000e+04,5.120000000000000000e+02,-7.840000000000000000e+02,-1.153000000000000000e+03,-6.220000000000000000e+02,-4.200000000000000000e+01
1.679988670928992748e+09,1.658400000000000000e+04,5.120000000000000000e+02,-7.840000000000000000e+02,-1.153000000000000000e+03,-6.220000000000000000e+02,-4.200000000000000000e+01
1.679988670929711819e+09,1.658400000000000000e+04,5.120000000000000000e+02,-7.840000000000000000e+02,-1.153000000000000000e+03,-6.220000000000000000e+02,-4.200000000000000000e+01
1.679988670931128740e+09,1.658400000000000000e+04,5.120000000000000000e+02,-7.840000000000000000e+02,-1.153000000000000000e+03,-6.220000000000000000e+02,-4.200000000000000000e+01
1.679988670931855917e+09,1.658400000000000000e+04,5.120000000000000000e+02,-7.840000000000000000e+02,-1.153000000000000000e+03,-6.220000000000000000e+02,-4.200000000000000000e+01
1.679988670933289051e+09,1.658400000000000000e+04,5.120000000000000000e+02,-7.840000000000000000e+02,-1.153000000000000000e+03,-6.220000000000000000e+02,-4.200000000000000000e+01
1.679988670934040785e+09,1.658400000000000000e+04,5.120000000000000000e+02,-7.840000000000000000e+02,-1.153000000000000000e+03,-6.220000000000000000e+02,-4.200000000000000000e+01
1.679988670935627460e+09,1.658400000000000000e+04,5.120000000000000000e+02,-7.840000000000000000e+02,-1.153000000000000000e+03,-6.220000000000000000e+02,-4.200000000000000000e+01
1.679988670936472893e+09,1.658400000000000000e+04,5.120000000000000000e+02,-7.840000000000000000e+02,-1.153000000000000000e+03,-6.220000000000000000e+02,-4.200000000000000000e+01
1.679988670937928200e+09,1.658400000000000000e+04,5.120000000000000000e+02,-7.840000000000000000e+02,-1.153000000000000000e+03,-6.220000000000000000e+02,-4.200000000000000000e+01
1.679988670938612938e+09,1.658400000000000000e+04,5.120000000000000000e+02,-7.840000000000000000e+02,-1.153000000000000000e+03,-6.220000000000000000e+02,-4.200000000000000000e+01
1.679988670940038681e+09,1.658400000000000000e+04,5.120000000000000000e+02,-7.840000000000000000e+02,-1.153000000000000000e+03,-6.220000000000000000e+02,-4.200000000000000000e+01
1.679988670940755606e+09,1.658400000000000000e+04,5.120000000000000000e+02,-7.840000000000000000e+02,-1.153000000000000000e+03,-6.220000000000000000e+02,-4.200000000000000000e+01
1.679988670942131758e+09,1.658400000000000000e+04,5.120000000000000000e+02,-7.840000000000000000e+02,-1.153000000000000000e+03,-6.220000000000000000e+02,-4.200000000000000000e+01
1.679988670942867517e+09,1.658400000000000000e+04,5.120000000000000000e+02,-7.840000000000000000e+02,-1.153000000000000000e+03,-6.220000000000000000e+02,-4.200000000000000000e+01
1.679988670944302082e+09,1.658400000000000000e+04,5.120000000000000000e+02,-7.840000000000000000e+02,-1.153000000000000000e+03,-6.220000000000000000e+02,-4.200000000000000000e+01
1.679988670944990635e+09,1.658400000000000000e+04,5.120000000000000000e+02,-7.840000000000000000e+02,-1.153000000000000000e+03,-6.220000000000000000e+02,-4.200000000000000000e+01
1.679988670946448803e+09,1.658400000000000000e+04,5.120000000000000000e+02,-7.840000000000000000e+02,-1.153000000000000000e+03,-6.220000000000000000e+02,-4.200000000000000000e+01
1.679988670947209120e+09,1.658400000000000000e+04,5.120000000000000000e+02,-7.840000000000000000e+02,-1.153000000000000000e+03,-6.220000000000000000e+02,-4.200000000000000000e+01
1.679988670948642492e+09,1.658400000000000000e+04,5.120000000000000000e+02,-7.840000000000000000e+02,-1.153000000000000000e+03,-6.220000000000000000e+02,-4.200000000000000000e+01
1.679988670949358702e+09,1.658400000000000000e+04,5.120000000000000000e+02,-7.840000000000000000e+02,-1.153000000000000000e+03,-6.220000000000000000e+02,-4.200000000000000000e+01
1.679988670950788260e+09,1.658400000000000000e+04,5.120000000000000000e+02,-7.840000000000000000e+02,-1.153000000000000000e+03,-6.220000000000000000e+02,-4.200000000000000000e+01
1.679988670951508045e+09,1.658400000000000000e+04,5.120000000000000000e+02,-7.840000000000000000e+02,-1.153000000000000000e+03,-6.220000000000000000e+02,-4.200000000000000000e+01
1.679988670952910900e+09,1.658400000000000000e+04,5.120000000000000000e+02,-7.840000000000000000e+02,-1.153000000000000000e+03,-6.220000000000000000e+02,-4.200000000000000000e+01
1.679988670953666449e+09,1.658400000000000000e+04,5.120000000000000000e+02,-7.840000000000000000e+02,-1.153000000000000000e+03,-6.220000000000000000e+02,-4.200000000000000000e+01
1.679988670955042362e+09,1.658400000000000000e+04,5.120000000000000000e+02,-7.840000000000000000e+02,-1.153000000000000000e+03,-6.220000000000000000e+02,-4.200000000000000000e+01
1.679988670955862999e+09,1.658400000000000000e+04,5.120000000000000000e+02,-7.840000000000000000e+02,-1.153000000000000000e+03,-6.220000000000000000e+02,-4.200000000000000000e+01
1.679988670957277536e+09,1.658400000000000000e+04,5.120000000000000000e+02,-7.840000000000000000e+02,-1.153000000000000000e+03,-6.220000000000000000e+02,-4.200000000000000000e+01
1.679988670958036661e+09,1.658400000000000000e+04,5.120000000000000000e+02,-7.840000000000000000e+02,-1.153000000000000000e+03,-6.220000000000000000e+02,-4.200000000000000000e+01
1.679988670959451437e+09,1.658400000000000000e+04,5.120000000000000000e+02,-7.840000000000000000e+02,-1.153000000000000000e+03,-6.220000000000000000e+02,-4.200000000000000000e+01
1.679988670960143566e+09,1.658400000000000000e+04,5.120000000000000000e+02,-7.840000000000000000e+02,-1.153000000000000000e+03,-6.220000000000000000e+02,-4.200000000000000000e+01
1.679988670961557865e+09,1.658400000000000000e+04,5.120000000000000000e+02,-7.840000000000000000e+02,-1.153000000000000000e+03,-6.220000000000000000e+02,-4.200000000000000000e+01
1.679988670962315083e+09,1.658400000000000000e+04,5.120000000000000000e+02,-7.840000000000000000e+02,-1.153000000000000000e+03,-6.220000000000000000e+02,-4.200000000000000000e+01
1.679988670963722467e+09,1.658400000000000000e+04,5.120000000000000000e+02,-7.840000000000000000e+02,-1.153000000000000000e+03,-6.220000000000000000e+02,-4.200000000000000000e+01
1.679988670964422703e+09,1.658400000000000000e+04,5.120000000000000000e+02,-7.840000000000000000e+02,-1.153000000000000000e+03,-6.220000000000000000e+02,-4.200000000000000000e+01
1.679988670965917587e+09,1.658400000000000000e+04,5.120000000000000000e+02,-7.840000000000000000e+02,-1.153000000000000000e+03,-6.220000000000000000e+02,-4.200000000000000000e+01
1.679988670966629744e+09,1.658400000000000000e+04,5.120000000000000000e+02,-7.840000000000000000e+02,-1.153000000000000000e+03,-6.220000000000000000e+02,-4.200000000000000000e+01
1.679988670968049526e+09,1.658400000000000000e+04,5.120000000000000000e+02,-7.840000000000000000e+02,-1.153000000000000000e+03,-6.220000000000000000e+02,-4.200000000000000000e+01
1.679988670968758821e+09,1.658400000000000000e+04,5.120000000000000000e+02,-7.840000000000000000e+02,-1.153000000000000000e+03,-6.220000000000000000e+02,-4.200000000000000000e+01
1.679988670970155954e+09,1.658400000000000000e+04,5.120000000000000000e+02,-7.840000000000000000e+02,-1.153000000000000000e+03,-6.220000000000000000e+02,-4.200000000000000000e+01
1.679988670970864534e+09,1.658400000000000000e+04,5.120000000000000000e+02,-7.840000000000000000e+02,-1.153000000000000000e+03,-6.220000000000000000e+02,-4.200000000000000000e+01
1.679988670972253084e+09,1.658400000000000000e+04,5.120000000000000000e+02,-7.840000000000000000e+02,-1.153000000000000000e+03,-6.220000000000000000e+02,-4.200000000000000000e+01
1.679988670973061562e+09,1.658400000000000000e+04,5.120000000000000000e+02,-7.840000000000000000e+02,-1.153000000000000000e+03,-6.220000000000000000e+02,-4.200000000000000000e+01
1.679988670974447727e+09,1.658400000000000000e+04,5.120000000000000000e+02,-7.840000000000000000e+02,-1.153000000000000000e+03,-6.220000000000000000e+02,-4.200000000000000000e+01
1.679988670975265741e+09,1.658400000000000000e+04,5.120000000000000000e+02,-7.840000000000000000e+02,-1.153000000000000000e+03,-6.220000000000000000e+02,-4.200000000000000000e+01
1.679988670976723909e+09,1.658400000000000000e+04,5.120000000000000000e+02,-7.840000000000000000e+02,-1.153000000000000000e+03,-6.220000000000000000e+02,-4.200000000000000000e+01
1.679988670977481127e+09,1.658400000000000000e+04,5.120000000000000000e+02,-7.840000000000000000e+02,-1.153000000000000000e+03,-6.220000000000000000e+02,-4.200000000000000000e+01
1.679988670978871822e+09,1.658400000000000000e+04,5.120000000000000000e+02,-7.840000000000000000e+02,-1.153000000000000000e+03,-6.220000000000000000e+02,-4.200000000000000000e+01
1.679988670979683876e+09,1.658400000000000000e+04,5.120000000000000000e+02,-7.840000000000000000e+02,-1.153000000000000000e+03,-6.220000000000000000e+02,-4.200000000000000000e+01
1.679988670981093884e+09,1.658400000000000000e+04,5.120000000000000000e+02,-7.840000000000000000e+02,-1.153000000000000000e+03,-6.220000000000000000e+02,-4.200000000000000000e+01
1.679988670981837034e+09,1.658400000000000000e+04,5.120000000000000000e+02,-7.840000000000000000e+02,-1.153000000000000000e+03,-6.220000000000000000e+02,-4.200000000000000000e+01
1.679988670983278513e+09,1.658400000000000000e+04,5.120000000000000000e+02,-7.840000000000000000e+02,-1.153000000000000000e+03,-6.220000000000000000e+02,-4.200000000000000000e+01
1.679988670984127045e+09,1.658400000000000000e+04,5.120000000000000000e+02,-7.840000000000000000e+02,-1.153000000000000000e+03,-6.220000000000000000e+02,-4.200000000000000000e+01
1.679988670985914230e+09,1.658400000000000000e+04,5.120000000000000000e+02,-7.840000000000000000e+02,-1.153000000000000000e+03,-6.220000000000000000e+02,-4.200000000000000000e+01
1.679988670986392498e+09,1.658400000000000000e+04,5.120000000000000000e+02,-7.840000000000000000e+02,-1.153000000000000000e+03,-6.220000000000000000e+02,-4.200000000000000000e+01
1.679988670988066673e+09,1.658400000000000000e+04,5.120000000000000000e+02,-7.840000000000000000e+02,-1.153000000000000000e+03,-6.220000000000000000e+02,-4.200000000000000000e+01
1.679988670988568544e+09,1.658400000000000000e+04,5.120000000000000000e+02,-7.840000000000000000e+02,-1.153000000000000000e+03,-6.220000000000000000e+02,-4.200000000000000000e+01
1.679988670990189552e+09,1.658400000000000000e+04,5.120000000000000000e+02,-7.840000000000000000e+02,-1.153000000000000000e+03,-6.220000000000000000e+02,-4.200000000000000000e+01
1.679988670990684748e+09,1.658400000000000000e+04,5.120000000000000000e+02,-7.840000000000000000e+02,-1.153000000000000000e+03,-6.220000000000000000e+02,-4.200000000000000000e+01
1.679988670992356300e+09,1.658400000000000000e+04,5.120000000000000000e+02,-7.840000000000000000e+02,-1.153000000000000000e+03,-6.220000000000000000e+02,-4.200000000000000000e+01
1.679988670992846012e+09,1.658400000000000000e+04,5.120000000000000000e+02,-7.840000000000000000e+02,-1.153000000000000000e+03,-6.220000000000000000e+02,-4.200000000000000000e+01
1.679988670994510889e+09,1.658400000000000000e+04,5.120000000000000000e+02,-7.840000000000000000e+02,-1.153000000000000000e+03,-6.220000000000000000e+02,-4.200000000000000000e+01
1.679988670995006323e+09,1.658400000000000000e+04,5.120000000000000000e+02,-7.840000000000000000e+02,-1.153000000000000000e+03,-6.220000000000000000e+02,-4.200000000000000000e+01
1.679988670996677637e+09,1.658400000000000000e+04,5.120000000000000000e+02,-7.840000000000000000e+02,-1.153000000000000000e+03,-6.220000000000000000e+02,-4.200000000000000000e+01
1.679988670997169256e+09,1.658400000000000000e+04,5.120000000000000000e+02,-7.840000000000000000e+02,-1.153000000000000000e+03,-6.220000000000000000e+02,-4.200000000000000000e+01
1.679988670998837471e+09,1.658400000000000000e+04,5.120000000000000000e+02,-7.840000000000000000e+02,-1.153000000000000000e+03,-6.220000000000000000e+02,-4.200000000000000000e+01
1.679988670999316692e+09,1.658400000000000000e+04,5.120000000000000000e+02,-7.840000000000000000e+02,-1.153000000000000000e+03,-6.220000000000000000e+02,-4.200000000000000000e+01
1.679988671000990152e+09,1.658400000000000000e+04,5.120000000000000000e+02,-7.840000000000000000e+02,-1.153000000000000000e+03,-6.220000000000000000e+02,-4.200000000000000000e+01
1.679988671001466513e+09,1.658400000000000000e+04,5.120000000000000000e+02,-7.840000000000000000e+02,-1.153000000000000000e+03,-6.220000000000000000e+02,-4.200000000000000000e+01
1.679988671003085852e+09,1.658400000000000000e+04,5.120000000000000000e+02,-7.840000000000000000e+02,-1.153000000000000000e+03,-6.220000000000000000e+02,-4.200000000000000000e+01
1.679988671003572464e+09,1.658400000000000000e+04,5.120000000000000000e+02,-7.840000000000000000e+02,-1.153000000000000000e+03,-6.220000000000000000e+02,-4.200000000000000000e+01
1.679988671005258083e+09,1.658400000000000000e+04,5.120000000000000000e+02,-7.840000000000000000e+02,-1.153000000000000000e+03,-6.220000000000000000e+02,-4.200000000000000000e+01
1.679988671005836248e+09,1.658400000000000000e+04,5.120000000000000000e+02,-7.840000000000000000e+02,-1.153000000000000000e+03,-6.220000000000000000e+02,-4.200000000000000000e+01
1.679988671007427692e+09,1.658400000000000000e+04,5.120000000000000000e+02,-7.840000000000000000e+02,-1.153000000000000000e+03,-6.220000000000000000e+02,-4.200000000000000000e+01
1.679988671007931948e+09,1.658400000000000000e+04,5.120000000000000000e+02,-7.840000000000000000e+02,-1.153000000000000000e+03,-6.220000000000000000e+02,-4.200000000000000000e+01
1.679988671009561539e+09,1.658400000000000000e+04,5.120000000000000000e+02,-7.840000000000000000e+02,-1.153000000000000000e+03,-6.220000000000000000e+02,-4.200000000000000000e+01
1.679988671010047197e+09,1.658400000000000000e+04,5.120000000000000000e+02,-7.840000000000000000e+02,-1.153000000000000000e+03,-6.220000000000000000e+02,-4.200000000000000000e+01
1.679988671011730671e+09,1.658400000000000000e+04,5.120000000000000000e+02,-7.840000000000000000e+02,-1.153000000000000000e+03,-6.220000000000000000e+02,-4.200000000000000000e+01
1.679988671012309790e+09,1.658400000000000000e+04,5.120000000000000000e+02,-7.840000000000000000e+02,-1.153000000000000000e+03,-6.220000000000000000e+02,-4.200000000000000000e+01
1.679988671013959646e+09,1.658400000000000000e+04,5.120000000000000000e+02,-7.840000000000000000e+02,-1.153000000000000000e+03,-6.220000000000000000e+02,-4.200000000000000000e+01
1.679988671014522076e+09,1.658400000000000000e+04,5.120000000000000000e+02,-7.840000000000000000e+02,-1.153000000000000000e+03,-6.220000000000000000e+02,-4.200000000000000000e+01
1.679988671016473770e+09,1.658400000000000000e+04,5.120000000000000000e+02,-7.840000000000000000e+02,-1.153000000000000000e+03,-6.220000000000000000e+02,-4.200000000000000000e+01
1.679988671017002821e+09,1.658400000000000000e+04,5.120000000000000000e+02,-7.840000000000000000e+02,-1.153000000000000000e+03,-6.220000000000000000e+02,-4.200000000000000000e+01
1.679988671018609762e+09,1.658400000000000000e+04,5.120000000000000000e+02,-7.840000000000000000e+02,-1.153000000000000000e+03,-6.220000000000000000e+02,-4.200000000000000000e+01
1.679988671019130230e+09,1.658400000000000000e+04,5.120000000000000000e+02,-7.840000000000000000e+02,-1.153000000000000000e+03,-6.220000000000000000e+02,-4.200000000000000000e+01
1.679988671020753384e+09,1.658400000000000000e+04,5.120000000000000000e+02,-7.840000000000000000e+02,-1.153000000000000000e+03,-6.220000000000000000e+02,-4.200000000000000000e+01
1.679988671021300554e+09,1.658400000000000000e+04,5.120000000000000000e+02,-7.840000000000000000e+02,-1.153000000000000000e+03,-6.220000000000000000e+02,-4.200000000000000000e+01
1.679988671022917747e+09,1.658400000000000000e+04,5.120000000000000000e+02,-7.840000000000000000e+02,-1.153000000000000000e+03,-6.220000000000000000e+02,-4.200000000000000000e+01
1.679988671023462296e+09,1.658400000000000000e+04,5.120000000000000000e+02,-7.840000000000000000e+02,-1.153000000000000000e+03,-6.220000000000000000e+02,-4.200000000000000000e+01
1.679988671025138617e+09,1.658400000000000000e+04,5.120000000000000000e+02,-7.840000000000000000e+02,-1.153000000000000000e+03,-6.220000000000000000e+02,-4.200000000000000000e+01
1.679988671025763512e+09,1.658400000000000000e+04,5.120000000000000000e+02,-7.840000000000000000e+02,-1.153000000000000000e+03,-6.220000000000000000e+02,-4.200000000000000000e+01
1.679988671027358770e+09,1.658400000000000000e+04,5.120000000000000000e+02,-7.840000000000000000e+02,-1.153000000000000000e+03,-6.220000000000000000e+02,-4.200000000000000000e+01
1.679988671027936697e+09,1.658400000000000000e+04,5.120000000000000000e+02,-7.840000000000000000e+02,-1.153000000000000000e+03,-6.220000000000000000e+02,-4.200000000000000000e+01
1.679988671029526234e+09,1.658400000000000000e+04,5.120000000000000000e+02,-7.840000000000000000e+02,-1.153000000000000000e+03,-6.220000000000000000e+02,-4.200000000000000000e+01
1.679988671030089140e+09,1.658400000000000000e+04,5.120000000000000000e+02,-7.840000000000000000e+02,-1.153000000000000000e+03,-6.220000000000000000e+02,-4.200000000000000000e+01
1.679988671031666517e+09,1.658400000000000000e+04,5.120000000000000000e+02,-7.840000000000000000e+02,-1.153000000000000000e+03,-6.220000000000000000e+02,-4.200000000000000000e+01
1.679988671032274961e+09,1.658400000000000000e+04,5.120000000000000000e+02,-7.840000000000000000e+02,-1.153000000000000000e+03,-6.220000000000000000e+02,-4.200000000000000000e+01
1.679988671033859253e+09,1.658400000000000000e+04,5.120000000000000000e+02,-7.840000000000000000e+02,-1.153000000000000000e+03,-6.220000000000000000e+02,-4.200000000000000000e+01
1.679988671034481764e+09,1.658400000000000000e+04,5.120000000000000000e+02,-7.840000000000000000e+02,-1.153000000000000000e+03,-6.220000000000000000e+02,-4.200000000000000000e+01
1.679988671036109209e+09,1.658400000000000000e+04,5.120000000000000000e+02,-7.840000000000000000e+02,-1.153000000000000000e+03,-6.220000000000000000e+02,-4.200000000000000000e+01
1.679988671036673307e+09,1.658400000000000000e+04,5.120000000000000000e+02,-7.840000000000000000e+02,-1.153000000000000000e+03,-6.220000000000000000e+02,-4.200000000000000000e+01
1.679988671038220882e+09,1.658400000000000000e+04,5.120000000000000000e+02,-7.840000000000000000e+02,-1.153000000000000000e+03,-6.220000000000000000e+02,-4.200000000000000000e+01
1.679988671038774729e+09,1.658400000000000000e+04,5.120000000000000000e+02,-7.840000000000000000e+02,-1.153000000000000000e+03,-6.220000000000000000e+02,-4.200000000000000000e+01
1.679988671040778637e+09,1.658400000000000000e+04,5.120000000000000000e+02,-7.840000000000000000e+02,-1.153000000000000000e+03,-6.220000000000000000e+02,-4.200000000000000000e+01
1.679988671041325092e+09,1.658400000000000000e+04,5.120000000000000000e+02,-7.840000000000000000e+02,-1.153000000000000000e+03,-6.220000000000000000e+02,-4.200000000000000000e+01
1.679988671043111324e+09,1.658400000000000000e+04,5.120000000000000000e+02,-7.840000000000000000e+02,-1.153000000000000000e+03,-6.220000000000000000e+02,-4.200000000000000000e+01
1.679988671043658733e+09,1.658400000000000000e+04,5.120000000000000000e+02,-7.840000000000000000e+02,-1.153000000000000000e+03,-6.220000000000000000e+02,-4.200000000000000000e+01
1.679988671045154333e+09,1.658400000000000000e+04,5.120000000000000000e+02,-7.840000000000000000e+02,-1.153000000000000000e+03,-6.220000000000000000e+02,-4.200000000000000000e+01
1.679988671045804024e+09,1.658400000000000000e+04,5.120000000000000000e+02,-7.840000000000000000e+02,-1.153000000000000000e+03,-6.220000000000000000e+02,-4.200000000000000000e+01
1.679988671047387600e+09,1.658400000000000000e+04,5.120000000000000000e+02,-7.840000000000000000e+02,-1.153000000000000000e+03,-6.220000000000000000e+02,-4.200000000000000000e+01
1.679988671047946453e+09,1.658400000000000000e+04,5.120000000000000000e+02,-7.840000000000000000e+02,-1.153000000000000000e+03,-6.220000000000000000e+02,-4.200000000000000000e+01
1.679988671049530506e+09,1.658400000000000000e+04,5.120000000000000000e+02,-7.840000000000000000e+02,-1.153000000000000000e+03,-6.220000000000000000e+02,-4.200000000000000000e+01
1.679988671050115585e+09,1.658400000000000000e+04,5.120000000000000000e+02,-7.840000000000000000e+02,-1.153000000000000000e+03,-6.220000000000000000e+02,-4.200000000000000000e+01
1.679988671051869631e+09,1.658400000000000000e+04,5.120000000000000000e+02,-7.840000000000000000e+02,-1.153000000000000000e+03,-6.220000000000000000e+02,-4.200000000000000000e+01
1.679988671052687645e+09,1.658400000000000000e+04,5.120000000000000000e+02,-7.840000000000000000e+02,-1.153000000000000000e+03,-6.220000000000000000e+02,-4.200000000000000000e+01
1.679988671054167986e+09,1.658400000000000000e+04,5.120000000000000000e+02,-7.840000000000000000e+02,-1.153000000000000000e+03,-6.220000000000000000e+02,-4.200000000000000000e+01
1.679988671054835796e+09,1.658400000000000000e+04,5.120000000000000000e+02,-7.840000000000000000e+02,-1.153000000000000000e+03,-6.220000000000000000e+02,-4.200000000000000000e+01
1.679988671056388378e+09,1.658400000000000000e+04,5.120000000000000000e+02,-7.840000000000000000e+02,-1.153000000000000000e+03,-6.220000000000000000e+02,-4.200000000000000000e+01
1.679988671057046175e+09,1.658400000000000000e+04,5.120000000000000000e+02,-7.840000000000000000e+02,-1.153000000000000000e+03,-6.220000000000000000e+02,-4.200000000000000000e+01
1.679988671058524847e+09,1.658400000000000000e+04,5.120000000000000000e+02,-7.840000000000000000e+02,-1.153000000000000000e+03,-6.220000000000000000e+02,-4.200000000000000000e+01
1.679988671059184074e+09,1.658400000000000000e+04,5.120000000000000000e+02,-7.840000000000000000e+02,-1.153000000000000000e+03,-6.220000000000000000e+02,-4.200000000000000000e+01
1.679988671060660839e+09,1.658400000000000000e+04,5.120000000000000000e+02,-7.840000000000000000e+02,-1.153000000000000000e+03,-6.220000000000000000e+02,-4.200000000000000000e+01
1.679988671061309338e+09,1.658400000000000000e+04,5.120000000000000000e+02,-7.840000000000000000e+02,-1.153000000000000000e+03,-6.220000000000000000e+02,-4.200000000000000000e+01
1.679988671062800884e+09,1.658400000000000000e+04,5.120000000000000000e+02,-7.840000000000000000e+02,-1.153000000000000000e+03,-6.220000000000000000e+02,-4.200000000000000000e+01
1.679988671063482046e+09,1.658400000000000000e+04,5.120000000000000000e+02,-7.840000000000000000e+02,-1.153000000000000000e+03,-6.220000000000000000e+02,-4.200000000000000000e+01
1.679988671064944983e+09,1.658400000000000000e+04,5.120000000000000000e+02,-7.840000000000000000e+02,-1.153000000000000000e+03,-6.220000000000000000e+02,-4.200000000000000000e+01
1.679988671065646648e+09,1.658400000000000000e+04,5.120000000000000000e+02,-7.840000000000000000e+02,-1.153000000000000000e+03,-6.220000000000000000e+02,-4.200000000000000000e+01
1.679988671067137718e+09,1.658400000000000000e+04,5.120000000000000000e+02,-7.840000000000000000e+02,-1.153000000000000000e+03,-6.220000000000000000e+02,-4.200000000000000000e+01
1.679988671067785025e+09,1.658400000000000000e+04,5.120000000000000000e+02,-7.840000000000000000e+02,-1.153000000000000000e+03,-6.220000000000000000e+02,-4.200000000000000000e+01
1.679988671069324017e+09,1.658400000000000000e+04,5.120000000000000000e+02,-7.840000000000000000e+02,-1.153000000000000000e+03,-6.220000000000000000e+02,-4.200000000000000000e+01
1.679988671069977045e+09,1.658400000000000000e+04,5.120000000000000000e+02,-7.840000000000000000e+02,-1.153000000000000000e+03,-6.220000000000000000e+02,-4.200000000000000000e+01
1.679988671071456909e+09,1.658400000000000000e+04,5.120000000000000000e+02,-7.840000000000000000e+02,-1.153000000000000000e+03,-6.220000000000000000e+02,-4.200000000000000000e+01
1.679988671072111607e+09,1.658400000000000000e+04,5.120000000000000000e+02,-7.840000000000000000e+02,-1.153000000000000000e+03,-6.220000000000000000e+02,-4.200000000000000000e+01
1.679988671073608875e+09,1.658400000000000000e+04,5.120000000000000000e+02,-7.840000000000000000e+02,-1.153000000000000000e+03,-6.220000000000000000e+02,-4.200000000000000000e+01
1.679988671074309349e+09,1.658400000000000000e+04,5.120000000000000000e+02,-7.840000000000000000e+02,-1.153000000000000000e+03,-6.220000000000000000e+02,-4.200000000000000000e+01
1.679988671075881243e+09,1.658400000000000000e+04,5.120000000000000000e+02,-7.840000000000000000e+02,-1.153000000000000000e+03,-6.220000000000000000e+02,-4.200000000000000000e+01
1.679988671076564074e+09,1.658400000000000000e+04,5.120000000000000000e+02,-7.840000000000000000e+02,-1.153000000000000000e+03,-6.220000000000000000e+02,-4.200000000000000000e+01
1.679988671078037977e+09,1.658400000000000000e+04,5.120000000000000000e+02,-7.840000000000000000e+02,-1.153000000000000000e+03,-6.220000000000000000e+02,-4.200000000000000000e+01
1.679988671078740120e+09,1.658400000000000000e+04,5.120000000000000000e+02,-7.840000000000000000e+02,-1.153000000000000000e+03,-6.220000000000000000e+02,-4.200000000000000000e+01
1.679988671080210209e+09,1.658400000000000000e+04,5.120000000000000000e+02,-7.840000000000000000e+02,-1.153000000000000000e+03,-6.220000000000000000e+02,-4.200000000000000000e+01
1.679988671080862522e+09,1.658400000000000000e+04,5.120000000000000000e+02,-7.840000000000000000e+02,-1.153000000000000000e+03,-6.220000000000000000e+02,-4.200000000000000000e+01
1.679988671082359314e+09,1.658400000000000000e+04,5.120000000000000000e+02,-7.840000000000000000e+02,-1.153000000000000000e+03,-6.220000000000000000e+02,-4.200000000000000000e+01
1.679988671083098412e+09,1.658400000000000000e+04,5.120000000000000000e+02,-7.840000000000000000e+02,-1.153000000000000000e+03,-6.220000000000000000e+02,-4.200000000000000000e+01
1.679988671084578037e+09,1.658400000000000000e+04,5.120000000000000000e+02,-7.840000000000000000e+02,-1.153000000000000000e+03,-6.220000000000000000e+02,-4.200000000000000000e+01
1.679988671085280180e+09,1.658400000000000000e+04,5.120000000000000000e+02,-7.840000000000000000e+02,-1.153000000000000000e+03,-6.220000000000000000e+02,-4.200000000000000000e+01
1.679988671086791754e+09,1.658400000000000000e+04,5.120000000000000000e+02,-7.840000000000000000e+02,-1.153000000000000000e+03,-6.220000000000000000e+02,-4.200000000000000000e+01
1.679988671087498188e+09,1.658400000000000000e+04,5.120000000000000000e+02,-7.840000000000000000e+02,-1.153000000000000000e+03,-6.220000000000000000e+02,-4.200000000000000000e+01
1.679988671088971853e+09,1.658400000000000000e+04,5.120000000000000000e+02,-7.840000000000000000e+02,-1.153000000000000000e+03,-6.220000000000000000e+02,-4.200000000000000000e+01
1.679988671089685440e+09,1.658400000000000000e+04,5.120000000000000000e+02,-7.840000000000000000e+02,-1.153000000000000000e+03,-6.220000000000000000e+02,-4.200000000000000000e+01
1.679988671091141462e+09,1.658400000000000000e+04,5.120000000000000000e+02,-7.840000000000000000e+02,-1.153000000000000000e+03,-6.220000000000000000e+02,-4.200000000000000000e+01
1.679988671091806412e+09,1.658400000000000000e+04,5.120000000000000000e+02,-7.840000000000000000e+02,-1.153000000000000000e+03,-6.220000000000000000e+02,-4.200000000000000000e+01
1.679988671093282700e+09,1.658400000000000000e+04,5.120000000000000000e+02,-7.840000000000000000e+02,-1.153000000000000000e+03,-6.220000000000000000e+02,-4.200000000000000000e+01
1.679988671093966484e+09,1.658400000000000000e+04,5.120000000000000000e+02,-7.840000000000000000e+02,-1.153000000000000000e+03,-6.220000000000000000e+02,-4.200000000000000000e+01
1.679988671095438957e+09,1.658400000000000000e+04,5.120000000000000000e+02,-7.840000000000000000e+02,-1.153000000000000000e+03,-6.220000000000000000e+02,-4.200000000000000000e+01
1.679988671096211195e+09,1.658400000000000000e+04,5.120000000000000000e+02,-7.840000000000000000e+02,-1.153000000000000000e+03,-6.220000000000000000e+02,-4.200000000000000000e+01
1.679988671097668648e+09,1.658400000000000000e+04,5.120000000000000000e+02,-7.840000000000000000e+02,-1.153000000000000000e+03,-6.220000000000000000e+02,-4.200000000000000000e+01
1.679988671098335505e+09,1.658400000000000000e+04,5.120000000000000000e+02,-7.840000000000000000e+02,-1.153000000000000000e+03,-6.220000000000000000e+02,-4.200000000000000000e+01
1.679988671099822521e+09,1.658400000000000000e+04,5.120000000000000000e+02,-7.840000000000000000e+02,-1.153000000000000000e+03,-6.220000000000000000e+02,-4.200000000000000000e+01
1.679988671100517273e+09,1.658400000000000000e+04,5.120000000000000000e+02,-7.840000000000000000e+02,-1.153000000000000000e+03,-6.220000000000000000e+02,-4.200000000000000000e+01
1.679988671102004528e+09,1.658400000000000000e+04,5.120000000000000000e+02,-7.840000000000000000e+02,-1.153000000000000000e+03,-6.220000000000000000e+02,-4.200000000000000000e+01
1.679988671102750301e+09,1.658400000000000000e+04,5.120000000000000000e+02,-7.840000000000000000e+02,-1.153000000000000000e+03,-6.220000000000000000e+02,-4.200000000000000000e+01
1.679988671104304075e+09,1.658400000000000000e+04,5.120000000000000000e+02,-7.840000000000000000e+02,-1.153000000000000000e+03,-6.220000000000000000e+02,-4.200000000000000000e+01
1.679988671104901791e+09,1.658400000000000000e+04,5.120000000000000000e+02,-7.840000000000000000e+02,-1.153000000000000000e+03,-6.220000000000000000e+02,-4.200000000000000000e+01
1.679988671106613398e+09,1.658400000000000000e+04,5.120000000000000000e+02,-7.840000000000000000e+02,-1.153000000000000000e+03,-6.220000000000000000e+02,-4.200000000000000000e+01
1.679988671107300282e+09,1.658400000000000000e+04,5.120000000000000000e+02,-7.840000000000000000e+02,-1.153000000000000000e+03,-6.220000000000000000e+02,-4.200000000000000000e+01
1.679988671109020233e+09,1.658400000000000000e+04,5.120000000000000000e+02,-7.840000000000000000e+02,-1.153000000000000000e+03,-6.220000000000000000e+02,-4.200000000000000000e+01
1.679988671109694481e+09,1.658400000000000000e+04,5.120000000000000000e+02,-7.840000000000000000e+02,-1.153000000000000000e+03,-6.220000000000000000e+02,-4.200000000000000000e+01
1.679988671111353636e+09,1.658400000000000000e+04,5.120000000000000000e+02,-7.840000000000000000e+02,-1.153000000000000000e+03,-6.220000000000000000e+02,-4.200000000000000000e+01
1.679988671111979485e+09,1.658400000000000000e+04,5.120000000000000000e+02,-7.840000000000000000e+02,-1.153000000000000000e+03,-6.220000000000000000e+02,-4.200000000000000000e+01
1.679988671113801003e+09,1.658400000000000000e+04,5.120000000000000000e+02,-7.840000000000000000e+02,-1.153000000000000000e+03,-6.220000000000000000e+02,-4.200000000000000000e+01
1.679988671114532948e+09,1.658400000000000000e+04,5.120000000000000000e+02,-7.840000000000000000e+02,-1.153000000000000000e+03,-6.220000000000000000e+02,-4.200000000000000000e+01
1.679988671116445303e+09,1.658400000000000000e+04,5.120000000000000000e+02,-7.840000000000000000e+02,-1.153000000000000000e+03,-6.220000000000000000e+02,-4.200000000000000000e+01
1.679988671117078781e+09,1.658400000000000000e+04,5.120000000000000000e+02,-7.840000000000000000e+02,-1.153000000000000000e+03,-6.220000000000000000e+02,-4.200000000000000000e+01
1.679988671118813276e+09,1.658400000000000000e+04,5.120000000000000000e+02,-7.840000000000000000e+02,-1.153000000000000000e+03,-6.220000000000000000e+02,-4.200000000000000000e+01
1.679988671119481325e+09,1.658400000000000000e+04,5.120000000000000000e+02,-7.840000000000000000e+02,-1.153000000000000000e+03,-6.220000000000000000e+02,-4.200000000000000000e+01
1.679988671121204138e+09,1.658400000000000000e+04,5.120000000000000000e+02,-7.840000000000000000e+02,-1.153000000000000000e+03,-6.220000000000000000e+02,-4.200000000000000000e+01
1.679988671121838808e+09,1.658400000000000000e+04,5.120000000000000000e+02,-7.840000000000000000e+02,-1.153000000000000000e+03,-6.220000000000000000e+02,-4.200000000000000000e+01
1.679988671123565674e+09,1.658400000000000000e+04,5.120000000000000000e+02,-7.840000000000000000e+02,-1.153000000000000000e+03,-6.220000000000000000e+02,-4.200000000000000000e+01
1.679988671124209642e+09,1.658400000000000000e+04,5.120000000000000000e+02,-7.840000000000000000e+02,-1.153000000000000000e+03,-6.220000000000000000e+02,-4.200000000000000000e+01
1.679988671126060724e+09,1.658400000000000000e+04,5.120000000000000000e+02,-7.840000000000000000e+02,-1.153000000000000000e+03,-6.220000000000000000e+02,-4.200000000000000000e+01
1.679988671126696348e+09,1.658400000000000000e+04,5.120000000000000000e+02,-7.840000000000000000e+02,-1.153000000000000000e+03,-6.220000000000000000e+02,-4.200000000000000000e+01
1.679988671128369570e+09,1.658400000000000000e+04,5.120000000000000000e+02,-7.840000000000000000e+02,-1.153000000000000000e+03,-6.220000000000000000e+02,-4.200000000000000000e+01
1.679988671129098654e+09,1.658400000000000000e+04,5.120000000000000000e+02,-7.840000000000000000e+02,-1.153000000000000000e+03,-6.220000000000000000e+02,-4.200000000000000000e+01
1.679988671130931616e+09,1.658400000000000000e+04,5.120000000000000000e+02,-7.840000000000000000e+02,-1.153000000000000000e+03,-6.220000000000000000e+02,-4.200000000000000000e+01
1.679988671131663561e+09,1.658400000000000000e+04,5.120000000000000000e+02,-7.840000000000000000e+02,-1.153000000000000000e+03,-6.220000000000000000e+02,-4.200000000000000000e+01
1.679988671133366108e+09,1.658400000000000000e+04,5.120000000000000000e+02,-7.840000000000000000e+02,-1.153000000000000000e+03,-6.220000000000000000e+02,-4.200000000000000000e+01
1.679988671134013653e+09,1.658400000000000000e+04,5.120000000000000000e+02,-7.840000000000000000e+02,-1.153000000000000000e+03,-6.220000000000000000e+02,-4.200000000000000000e+01
1.679988671135890007e+09,1.658400000000000000e+04,5.120000000000000000e+02,-7.840000000000000000e+02,-1.153000000000000000e+03,-6.220000000000000000e+02,-4.200000000000000000e+01
1.679988671136573076e+09,1.658400000000000000e+04,5.120000000000000000e+02,-7.840000000000000000e+02,-1.153000000000000000e+03,-6.220000000000000000e+02,-4.200000000000000000e+01
1.679988671138226032e+09,1.658400000000000000e+04,5.120000000000000000e+02,-7.840000000000000000e+02,-1.153000000000000000e+03,-6.220000000000000000e+02,-4.200000000000000000e+01
1.679988671138846636e+09,1.658400000000000000e+04,5.120000000000000000e+02,-7.840000000000000000e+02,-1.153000000000000000e+03,-6.220000000000000000e+02,-4.200000000000000000e+01
1.679988671140439034e+09,1.658400000000000000e+04,5.120000000000000000e+02,-7.840000000000000000e+02,-1.153000000000000000e+03,-6.220000000000000000e+02,-4.200000000000000000e+01
1.679988671141041994e+09,1.658400000000000000e+04,5.120000000000000000e+02,-7.840000000000000000e+02,-1.153000000000000000e+03,-6.220000000000000000e+02,-4.200000000000000000e+01
1.679988671142648458e+09,1.658400000000000000e+04,5.120000000000000000e+02,-7.840000000000000000e+02,-1.153000000000000000e+03,-6.220000000000000000e+02,-4.200000000000000000e+01
1.679988671143254519e+09,1.658400000000000000e+04,5.120000000000000000e+02,-7.840000000000000000e+02,-1.153000000000000000e+03,-6.220000000000000000e+02,-4.200000000000000000e+01
1.679988671144874096e+09,1.658400000000000000e+04,5.120000000000000000e+02,-7.840000000000000000e+02,-1.153000000000000000e+03,-6.220000000000000000e+02,-4.200000000000000000e+01
1.679988671145558357e+09,1.658400000000000000e+04,5.120000000000000000e+02,-7.840000000000000000e+02,-1.153000000000000000e+03,-6.220000000000000000e+02,-4.200000000000000000e+01
1.679988671147150993e+09,1.658400000000000000e+04,5.120000000000000000e+02,-7.840000000000000000e+02,-1.153000000000000000e+03,-6.220000000000000000e+02,-4.200000000000000000e+01
1.679988671147749662e+09,1.658400000000000000e+04,5.120000000000000000e+02,-7.840000000000000000e+02,-1.153000000000000000e+03,-6.220000000000000000e+02,-4.200000000000000000e+01
1.679988671149380922e+09,1.658400000000000000e+04,5.120000000000000000e+02,-7.840000000000000000e+02,-1.153000000000000000e+03,-6.220000000000000000e+02,-4.200000000000000000e+01
1.679988671149969816e+09,1.658400000000000000e+04,5.120000000000000000e+02,-7.840000000000000000e+02,-1.153000000000000000e+03,-6.220000000000000000e+02,-4.200000000000000000e+01
1.679988671151682138e+09,1.658400000000000000e+04,5.120000000000000000e+02,-7.840000000000000000e+02,-1.153000000000000000e+03,-6.220000000000000000e+02,-4.200000000000000000e+01
1.679988671152271271e+09,1.658400000000000000e+04,5.120000000000000000e+02,-7.840000000000000000e+02,-1.153000000000000000e+03,-6.220000000000000000e+02,-4.200000000000000000e+01
1.679988671153888464e+09,1.658400000000000000e+04,5.120000000000000000e+02,-7.840000000000000000e+02,-1.153000000000000000e+03,-6.220000000000000000e+02,-4.200000000000000000e+01
1.679988671154483557e+09,1.658400000000000000e+04,5.120000000000000000e+02,-7.840000000000000000e+02,-1.153000000000000000e+03,-6.220000000000000000e+02,-4.200000000000000000e+01
1.679988671156280518e+09,1.658400000000000000e+04,5.120000000000000000e+02,-7.840000000000000000e+02,-1.153000000000000000e+03,-6.220000000000000000e+02,-4.200000000000000000e+01
1.679988671156863928e+09,1.658400000000000000e+04,5.120000000000000000e+02,-7.840000000000000000e+02,-1.153000000000000000e+03,-6.220000000000000000e+02,-4.200000000000000000e+01
1.679988671158564091e+09,1.658400000000000000e+04,5.120000000000000000e+02,-7.840000000000000000e+02,-1.153000000000000000e+03,-6.220000000000000000e+02,-4.200000000000000000e+01
1.679988671159163952e+09,1.658400000000000000e+04,5.120000000000000000e+02,-7.840000000000000000e+02,-1.153000000000000000e+03,-6.220000000000000000e+02,-4.200000000000000000e+01
1.679988671160885572e+09,1.658400000000000000e+04,5.120000000000000000e+02,-7.840000000000000000e+02,-1.153000000000000000e+03,-6.220000000000000000e+02,-4.200000000000000000e+01
1.679988671161534548e+09,1.658400000000000000e+04,5.120000000000000000e+02,-7.840000000000000000e+02,-1.153000000000000000e+03,-6.220000000000000000e+02,-4.200000000000000000e+01
1.679988671163276196e+09,1.658400000000000000e+04,5.120000000000000000e+02,-7.840000000000000000e+02,-1.153000000000000000e+03,-6.220000000000000000e+02,-4.200000000000000000e+01
1.679988671163985968e+09,1.658400000000000000e+04,5.120000000000000000e+02,-7.840000000000000000e+02,-1.153000000000000000e+03,-6.220000000000000000e+02,-4.200000000000000000e+01
1.679988671165833950e+09,1.658400000000000000e+04,5.120000000000000000e+02,-7.840000000000000000e+02,-1.153000000000000000e+03,-6.220000000000000000e+02,-4.200000000000000000e+01
1.679988671166487694e+09,1.658400000000000000e+04,5.120000000000000000e+02,-7.840000000000000000e+02,-1.153000000000000000e+03,-6.220000000000000000e+02,-4.200000000000000000e+01
1.679988671168162107e+09,1.658400000000000000e+04,5.120000000000000000e+02,-7.840000000000000000e+02,-1.153000000000000000e+03,-6.220000000000000000e+02,-4.200000000000000000e+01
1.679988671168856859e+09,1.658400000000000000e+04,5.120000000000000000e+02,-7.840000000000000000e+02,-1.153000000000000000e+03,-6.220000000000000000e+02,-4.200000000000000000e+01
1.679988671170694590e+09,1.658400000000000000e+04,5.120000000000000000e+02,-7.840000000000000000e+02,-1.153000000000000000e+03,-6.220000000000000000e+02,-4.200000000000000000e+01
1.679988671171320915e+09,1.658400000000000000e+04,5.120000000000000000e+02,-7.840000000000000000e+02,-1.153000000000000000e+03,-6.220000000000000000e+02,-4.200000000000000000e+01
1.679988671173013449e+09,1.658400000000000000e+04,5.120000000000000000e+02,-7.840000000000000000e+02,-1.153000000000000000e+03,-6.220000000000000000e+02,-4.200000000000000000e+01
1.679988671173649311e+09,1.658400000000000000e+04,5.120000000000000000e+02,-7.840000000000000000e+02,-1.153000000000000000e+03,-6.220000000000000000e+02,-4.200000000000000000e+01
1.679988671175387859e+09,1.658400000000000000e+04,5.120000000000000000e+02,-7.840000000000000000e+02,-1.153000000000000000e+03,-6.220000000000000000e+02,-4.200000000000000000e+01
1.679988671176059961e+09,1.658400000000000000e+04,5.120000000000000000e+02,-7.840000000000000000e+02,-1.153000000000000000e+03,-6.220000000000000000e+02,-4.200000000000000000e+01
1.679988671177798033e+09,1.658400000000000000e+04,5.120000000000000000e+02,-7.840000000000000000e+02,-1.153000000000000000e+03,-6.220000000000000000e+02,-4.200000000000000000e+01
1.679988671178413391e+09,1.658400000000000000e+04,5.120000000000000000e+02,-7.840000000000000000e+02,-1.153000000000000000e+03,-6.220000000000000000e+02,-4.200000000000000000e+01
1.679988671180110455e+09,1.658400000000000000e+04,5.120000000000000000e+02,-7.840000000000000000e+02,-1.153000000000000000e+03,-6.220000000000000000e+02,-4.200000000000000000e+01
1.679988671180777073e+09,1.658400000000000000e+04,5.120000000000000000e+02,-7.840000000000000000e+02,-1.153000000000000000e+03,-6.220000000000000000e+02,-4.200000000000000000e+01
1.679988671182484627e+09,1.658400000000000000e+04,5.120000000000000000e+02,-7.840000000000000000e+02,-1.153000000000000000e+03,-6.220000000000000000e+02,-4.200000000000000000e+01
1.679988671183124065e+09,1.658400000000000000e+04,5.120000000000000000e+02,-7.840000000000000000e+02,-1.153000000000000000e+03,-6.220000000000000000e+02,-4.200000000000000000e+01
1.679988671184811592e+09,1.658400000000000000e+04,5.120000000000000000e+02,-7.840000000000000000e+02,-1.153000000000000000e+03,-6.220000000000000000e+02,-4.200000000000000000e+01
1.679988671185580254e+09,1.658400000000000000e+04,5.120000000000000000e+02,-7.840000000000000000e+02,-1.153000000000000000e+03,-6.220000000000000000e+02,-4.200000000000000000e+01
1.679988671187280416e+09,1.658400000000000000e+04,5.120000000000000000e+02,-7.840000000000000000e+02,-1.153000000000000000e+03,-6.220000000000000000e+02,-4.200000000000000000e+01
1.679988671187928915e+09,1.658400000000000000e+04,5.120000000000000000e+02,-7.840000000000000000e+02,-1.153000000000000000e+03,-6.220000000000000000e+02,-4.200000000000000000e+01
1.679988671189664364e+09,1.658400000000000000e+04,5.120000000000000000e+02,-7.840000000000000000e+02,-1.153000000000000000e+03,-6.220000000000000000e+02,-4.200000000000000000e+01
1.679988671190287352e+09,1.658400000000000000e+04,5.120000000000000000e+02,-7.840000000000000000e+02,-1.153000000000000000e+03,-6.220000000000000000e+02,-4.200000000000000000e+01
1.679988671192038059e+09,1.658400000000000000e+04,5.120000000000000000e+02,-7.840000000000000000e+02,-1.153000000000000000e+03,-6.220000000000000000e+02,-4.200000000000000000e+01
1.679988671192697287e+09,1.658400000000000000e+04,5.120000000000000000e+02,-7.840000000000000000e+02,-1.153000000000000000e+03,-6.220000000000000000e+02,-4.200000000000000000e+01
1.679988671194342375e+09,1.658400000000000000e+04,5.120000000000000000e+02,-7.840000000000000000e+02,-1.153000000000000000e+03,-6.220000000000000000e+02,-4.200000000000000000e+01
1.679988671194916010e+09,1.658400000000000000e+04,5.120000000000000000e+02,-7.840000000000000000e+02,-1.153000000000000000e+03,-6.220000000000000000e+02,-4.200000000000000000e+01
1.679988671196615934e+09,1.658400000000000000e+04,5.120000000000000000e+02,-7.840000000000000000e+02,-1.153000000000000000e+03,-6.220000000000000000e+02,-4.200000000000000000e+01
1.679988671197185993e+09,1.658400000000000000e+04,5.120000000000000000e+02,-7.840000000000000000e+02,-1.153000000000000000e+03,-6.220000000000000000e+02,-4.200000000000000000e+01
1.679988671198933363e+09,1.658400000000000000e+04,5.120000000000000000e+02,-7.840000000000000000e+02,-1.153000000000000000e+03,-6.220000000000000000e+02,-4.200000000000000000e+01
1.679988671199839830e+09,1.658400000000000000e+04,5.120000000000000000e+02,-7.840000000000000000e+02,-1.153000000000000000e+03,-6.220000000000000000e+02,-4.200000000000000000e+01
1.679988671201327562e+09,1.658400000000000000e+04,5.120000000000000000e+02,-7.840000000000000000e+02,-1.153000000000000000e+03,-6.220000000000000000e+02,-4.200000000000000000e+01
1.679988671202028036e+09,1.658400000000000000e+04,5.120000000000000000e+02,-7.840000000000000000e+02,-1.153000000000000000e+03,-6.220000000000000000e+02,-4.200000000000000000e+01
1.679988671203557730e+09,1.658400000000000000e+04,5.120000000000000000e+02,-7.840000000000000000e+02,-1.153000000000000000e+03,-6.220000000000000000e+02,-4.200000000000000000e+01
1.679988671204226017e+09,1.658400000000000000e+04,5.120000000000000000e+02,-7.840000000000000000e+02,-1.153000000000000000e+03,-6.220000000000000000e+02,-4.200000000000000000e+01
1.679988671205809832e+09,1.658400000000000000e+04,5.120000000000000000e+02,-7.840000000000000000e+02,-1.153000000000000000e+03,-6.220000000000000000e+02,-4.200000000000000000e+01
1.679988671206458330e+09,1.658400000000000000e+04,5.120000000000000000e+02,-7.840000000000000000e+02,-1.153000000000000000e+03,-6.220000000000000000e+02,-4.200000000000000000e+01
1.679988671207970381e+09,1.658400000000000000e+04,5.120000000000000000e+02,-7.840000000000000000e+02,-1.153000000000000000e+03,-6.220000000000000000e+02,-4.200000000000000000e+01
1.679988671208625317e+09,1.658400000000000000e+04,5.120000000000000000e+02,-7.840000000000000000e+02,-1.153000000000000000e+03,-6.220000000000000000e+02,-4.200000000000000000e+01
1.679988671210152149e+09,1.658400000000000000e+04,5.120000000000000000e+02,-7.840000000000000000e+02,-1.153000000000000000e+03,-6.220000000000000000e+02,-4.200000000000000000e+01
1.679988671210837603e+09,1.658400000000000000e+04,5.120000000000000000e+02,-7.840000000000000000e+02,-1.153000000000000000e+03,-6.220000000000000000e+02,-4.200000000000000000e+01
1.679988671212342024e+09,1.658400000000000000e+04,5.120000000000000000e+02,-7.840000000000000000e+02,-1.153000000000000000e+03,-6.220000000000000000e+02,-4.200000000000000000e+01
1.679988671213066101e+09,1.658400000000000000e+04,5.120000000000000000e+02,-7.840000000000000000e+02,-1.153000000000000000e+03,-6.220000000000000000e+02,-4.200000000000000000e+01
1.679988671214581966e+09,1.658400000000000000e+04,5.120000000000000000e+02,-7.840000000000000000e+02,-1.153000000000000000e+03,-6.220000000000000000e+02,-4.200000000000000000e+01
1.679988671215266466e+09,1.658400000000000000e+04,5.120000000000000000e+02,-7.840000000000000000e+02,-1.153000000000000000e+03,-6.220000000000000000e+02,-4.200000000000000000e+01
1.679988671216858149e+09,1.658400000000000000e+04,5.120000000000000000e+02,-7.840000000000000000e+02,-1.153000000000000000e+03,-6.220000000000000000e+02,-4.200000000000000000e+01
1.679988671217577696e+09,1.658400000000000000e+04,5.120000000000000000e+02,-7.840000000000000000e+02,-1.153000000000000000e+03,-6.220000000000000000e+02,-4.200000000000000000e+01
1.679988671219083071e+09,1.658400000000000000e+04,5.120000000000000000e+02,-7.840000000000000000e+02,-1.153000000000000000e+03,-6.220000000000000000e+02,-4.200000000000000000e+01
1.679988671219742775e+09,1.658400000000000000e+04,5.120000000000000000e+02,-7.840000000000000000e+02,-1.153000000000000000e+03,-6.220000000000000000e+02,-4.200000000000000000e+01
1.679988671221277952e+09,1.658400000000000000e+04,5.120000000000000000e+02,-7.840000000000000000e+02,-1.153000000000000000e+03,-6.220000000000000000e+02,-4.200000000000000000e+01
1.679988671221973658e+09,1.658400000000000000e+04,5.120000000000000000e+02,-7.840000000000000000e+02,-1.153000000000000000e+03,-6.220000000000000000e+02,-4.200000000000000000e+01
1.679988671223493099e+09,1.658400000000000000e+04,5.120000000000000000e+02,-7.840000000000000000e+02,-1.153000000000000000e+03,-6.220000000000000000e+02,-4.200000000000000000e+01
1.679988671224220753e+09,1.658400000000000000e+04,5.120000000000000000e+02,-7.840000000000000000e+02,-1.153000000000000000e+03,-6.220000000000000000e+02,-4.200000000000000000e+01
1.679988671225828886e+09,1.658400000000000000e+04,5.120000000000000000e+02,-7.840000000000000000e+02,-1.153000000000000000e+03,-6.220000000000000000e+02,-4.200000000000000000e+01
1.679988671226472616e+09,1.658400000000000000e+04,5.120000000000000000e+02,-7.840000000000000000e+02,-1.153000000000000000e+03,-6.220000000000000000e+02,-4.200000000000000000e+01
1.679988671227960587e+09,1.658400000000000000e+04,5.120000000000000000e+02,-7.840000000000000000e+02,-1.153000000000000000e+03,-6.220000000000000000e+02,-4.200000000000000000e+01
1.679988671228616714e+09,1.658400000000000000e+04,5.120000000000000000e+02,-7.840000000000000000e+02,-1.153000000000000000e+03,-6.220000000000000000e+02,-4.200000000000000000e+01
1.679988671230147123e+09,1.658400000000000000e+04,5.120000000000000000e+02,-7.840000000000000000e+02,-1.153000000000000000e+03,-6.220000000000000000e+02,-4.200000000000000000e+01
1.679988671230820417e+09,1.658400000000000000e+04,5.120000000000000000e+02,-7.840000000000000000e+02,-1.153000000000000000e+03,-6.220000000000000000e+02,-4.200000000000000000e+01
1.679988671232342005e+09,1.658400000000000000e+04,5.120000000000000000e+02,-7.840000000000000000e+02,-1.153000000000000000e+03,-6.220000000000000000e+02,-4.200000000000000000e+01
1.679988671233000278e+09,1.658400000000000000e+04,5.120000000000000000e+02,-7.840000000000000000e+02,-1.153000000000000000e+03,-6.220000000000000000e+02,-4.200000000000000000e+01
1.679988671234542847e+09,1.658400000000000000e+04,5.120000000000000000e+02,-7.840000000000000000e+02,-1.153000000000000000e+03,-6.220000000000000000e+02,-4.200000000000000000e+01
1.679988671235209942e+09,1.658400000000000000e+04,5.120000000000000000e+02,-7.840000000000000000e+02,-1.153000000000000000e+03,-6.220000000000000000e+02,-4.200000000000000000e+01
1.679988671236792326e+09,1.658400000000000000e+04,5.120000000000000000e+02,-7.840000000000000000e+02,-1.153000000000000000e+03,-6.220000000000000000e+02,-4.200000000000000000e+01
1.679988671237521172e+09,1.658400000000000000e+04,5.120000000000000000e+02,-7.840000000000000000e+02,-1.153000000000000000e+03,-6.220000000000000000e+02,-4.200000000000000000e+01
1.679988671239006281e+09,1.658400000000000000e+04,5.120000000000000000e+02,-7.840000000000000000e+02,-1.153000000000000000e+03,-6.220000000000000000e+02,-4.200000000000000000e+01
1.679988671239714384e+09,1.658400000000000000e+04,5.120000000000000000e+02,-7.840000000000000000e+02,-1.153000000000000000e+03,-6.220000000000000000e+02,-4.200000000000000000e+01
1.679988671241217852e+09,1.658400000000000000e+04,5.120000000000000000e+02,-7.840000000000000000e+02,-1.153000000000000000e+03,-6.220000000000000000e+02,-4.200000000000000000e+01
1.679988671241892099e+09,1.658400000000000000e+04,5.120000000000000000e+02,-7.840000000000000000e+02,-1.153000000000000000e+03,-6.220000000000000000e+02,-4.200000000000000000e+01
1.679988671243419409e+09,1.658400000000000000e+04,5.120000000000000000e+02,-7.840000000000000000e+02,-1.153000000000000000e+03,-6.220000000000000000e+02,-4.200000000000000000e+01
1.679988671244154930e+09,1.658400000000000000e+04,5.120000000000000000e+02,-7.840000000000000000e+02,-1.153000000000000000e+03,-6.220000000000000000e+02,-4.200000000000000000e+01
1.679988671245766401e+09,1.658400000000000000e+04,5.120000000000000000e+02,-7.840000000000000000e+02,-1.153000000000000000e+03,-6.220000000000000000e+02,-4.200000000000000000e+01
1.679988671246968269e+09,1.658400000000000000e+04,5.120000000000000000e+02,-7.840000000000000000e+02,-1.153000000000000000e+03,-6.220000000000000000e+02,-4.200000000000000000e+01
1.679988671248424530e+09,1.658400000000000000e+04,5.120000000000000000e+02,-7.840000000000000000e+02,-1.153000000000000000e+03,-6.220000000000000000e+02,-4.200000000000000000e+01
1.679988671249133825e+09,1.658400000000000000e+04,5.120000000000000000e+02,-7.840000000000000000e+02,-1.153000000000000000e+03,-6.220000000000000000e+02,-4.200000000000000000e+01
1.679988671250627518e+09,1.658400000000000000e+04,5.120000000000000000e+02,-7.840000000000000000e+02,-1.153000000000000000e+03,-6.220000000000000000e+02,-4.200000000000000000e+01
1.679988671251331568e+09,1.658400000000000000e+04,5.120000000000000000e+02,-7.840000000000000000e+02,-1.153000000000000000e+03,-6.220000000000000000e+02,-4.200000000000000000e+01
1.679988671252778053e+09,1.658400000000000000e+04,5.120000000000000000e+02,-7.840000000000000000e+02,-1.153000000000000000e+03,-6.220000000000000000e+02,-4.200000000000000000e+01
1.679988671253557444e+09,1.658400000000000000e+04,5.120000000000000000e+02,-7.840000000000000000e+02,-1.153000000000000000e+03,-6.220000000000000000e+02,-4.200000000000000000e+01
1.679988671255024433e+09,1.658400000000000000e+04,5.120000000000000000e+02,-7.840000000000000000e+02,-1.153000000000000000e+03,-6.220000000000000000e+02,-4.200000000000000000e+01
1.679988671255979538e+09,1.658400000000000000e+04,5.120000000000000000e+02,-7.840000000000000000e+02,-1.153000000000000000e+03,-6.220000000000000000e+02,-4.200000000000000000e+01
1.679988671257670641e+09,1.658400000000000000e+04,5.120000000000000000e+02,-7.840000000000000000e+02,-1.153000000000000000e+03,-6.220000000000000000e+02,-4.200000000000000000e+01
1.679988671258177280e+09,1.658400000000000000e+04,5.120000000000000000e+02,-7.840000000000000000e+02,-1.153000000000000000e+03,-6.220000000000000000e+02,-4.200000000000000000e+01
1.679988671259854555e+09,1.658400000000000000e+04,5.120000000000000000e+02,-7.840000000000000000e+02,-1.153000000000000000e+03,-6.220000000000000000e+02,-4.200000000000000000e+01
1.679988671260363102e+09,1.658400000000000000e+04,5.120000000000000000e+02,-7.840000000000000000e+02,-1.153000000000000000e+03,-6.220000000000000000e+02,-4.200000000000000000e+01
1.679988671262127161e+09,1.658400000000000000e+04,5.120000000000000000e+02,-7.840000000000000000e+02,-1.153000000000000000e+03,-6.220000000000000000e+02,-4.200000000000000000e+01
1.679988671262613297e+09,1.658400000000000000e+04,5.120000000000000000e+02,-7.840000000000000000e+02,-1.153000000000000000e+03,-6.220000000000000000e+02,-4.200000000000000000e+01
1.679988671264326811e+09,1.658400000000000000e+04,5.120000000000000000e+02,-7.840000000000000000e+02,-1.153000000000000000e+03,-6.220000000000000000e+02,-4.200000000000000000e+01
1.679988671264828444e+09,1.658400000000000000e+04,5.120000000000000000e+02,-7.840000000000000000e+02,-1.153000000000000000e+03,-6.220000000000000000e+02,-4.200000000000000000e+01
1.679988671266609907e+09,1.658400000000000000e+04,5.120000000000000000e+02,-7.840000000000000000e+02,-1.153000000000000000e+03,-6.220000000000000000e+02,-4.200000000000000000e+01
1.679988671267100334e+09,1.658400000000000000e+04,5.120000000000000000e+02,-7.840000000000000000e+02,-1.153000000000000000e+03,-6.220000000000000000e+02,-4.200000000000000000e+01
1.679988671268898964e+09,1.658400000000000000e+04,5.120000000000000000e+02,-7.840000000000000000e+02,-1.153000000000000000e+03,-6.220000000000000000e+02,-4.200000000000000000e+01
1.679988671269368887e+09,1.658400000000000000e+04,5.120000000000000000e+02,-7.840000000000000000e+02,-1.153000000000000000e+03,-6.220000000000000000e+02,-4.200000000000000000e+01
1.679988671271057606e+09,1.658400000000000000e+04,5.120000000000000000e+02,-7.840000000000000000e+02,-1.153000000000000000e+03,-6.220000000000000000e+02,-4.200000000000000000e+01
1.679988671271548510e+09,1.658400000000000000e+04,5.120000000000000000e+02,-7.840000000000000000e+02,-1.153000000000000000e+03,-6.220000000000000000e+02,-4.200000000000000000e+01
1.679988671273222923e+09,1.658400000000000000e+04,5.120000000000000000e+02,-7.840000000000000000e+02,-1.153000000000000000e+03,-6.220000000000000000e+02,-4.200000000000000000e+01
1.679988671273735523e+09,1.658400000000000000e+04,5.120000000000000000e+02,-7.840000000000000000e+02,-1.153000000000000000e+03,-6.220000000000000000e+02,-4.200000000000000000e+01
1.679988671275416136e+09,1.658400000000000000e+04,5.120000000000000000e+02,-7.840000000000000000e+02,-1.153000000000000000e+03,-6.220000000000000000e+02,-4.200000000000000000e+01
1.679988671275995255e+09,1.658400000000000000e+04,5.120000000000000000e+02,-7.840000000000000000e+02,-1.153000000000000000e+03,-6.220000000000000000e+02,-4.200000000000000000e+01
1.679988671277611494e+09,1.658400000000000000e+04,5.120000000000000000e+02,-7.840000000000000000e+02,-1.153000000000000000e+03,-6.220000000000000000e+02,-4.200000000000000000e+01
1.679988671278107643e+09,1.658400000000000000e+04,5.120000000000000000e+02,-7.840000000000000000e+02,-1.153000000000000000e+03,-6.220000000000000000e+02,-4.200000000000000000e+01
1.679988671279905319e+09,1.658400000000000000e+04,5.120000000000000000e+02,-7.840000000000000000e+02,-1.153000000000000000e+03,-6.220000000000000000e+02,-4.200000000000000000e+01
1.679988671280392885e+09,1.658400000000000000e+04,5.120000000000000000e+02,-7.840000000000000000e+02,-1.153000000000000000e+03,-6.220000000000000000e+02,-4.200000000000000000e+01
1.679988671282129526e+09,1.658400000000000000e+04,5.120000000000000000e+02,-7.840000000000000000e+02,-1.153000000000000000e+03,-6.220000000000000000e+02,-4.200000000000000000e+01
1.679988671282631159e+09,1.658400000000000000e+04,5.120000000000000000e+02,-7.840000000000000000e+02,-1.153000000000000000e+03,-6.220000000000000000e+02,-4.200000000000000000e+01
1.679988671284353256e+09,1.658400000000000000e+04,5.120000000000000000e+02,-7.840000000000000000e+02,-1.153000000000000000e+03,-6.220000000000000000e+02,-4.200000000000000000e+01
1.679988671284852266e+09,1.658400000000000000e+04,5.120000000000000000e+02,-7.840000000000000000e+02,-1.153000000000000000e+03,-6.220000000000000000e+02,-4.200000000000000000e+01
1.679988671286636353e+09,1.658400000000000000e+04,5.120000000000000000e+02,-7.840000000000000000e+02,-1.153000000000000000e+03,-6.220000000000000000e+02,-4.200000000000000000e+01
1.679988671287118912e+09,1.658400000000000000e+04,5.120000000000000000e+02,-7.840000000000000000e+02,-1.153000000000000000e+03,-6.220000000000000000e+02,-4.200000000000000000e+01
1.679988671288844109e+09,1.658400000000000000e+04,5.120000000000000000e+02,-7.840000000000000000e+02,-1.153000000000000000e+03,-6.220000000000000000e+02,-4.200000000000000000e+01
1.679988671289355278e+09,1.658400000000000000e+04,5.120000000000000000e+02,-7.840000000000000000e+02,-1.153000000000000000e+03,-6.220000000000000000e+02,-4.200000000000000000e+01
1.679988671291097403e+09,1.658400000000000000e+04,5.120000000000000000e+02,-7.840000000000000000e+02,-1.153000000000000000e+03,-6.220000000000000000e+02,-4.200000000000000000e+01
1.679988671291733980e+09,1.658400000000000000e+04,5.120000000000000000e+02,-7.840000000000000000e+02,-1.153000000000000000e+03,-6.220000000000000000e+02,-4.200000000000000000e+01
1.679988671293420792e+09,1.658400000000000000e+04,5.120000000000000000e+02,-7.840000000000000000e+02,-1.153000000000000000e+03,-6.220000000000000000e+02,-4.200000000000000000e+01
1.679988671293895245e+09,1.658400000000000000e+04,5.120000000000000000e+02,-7.840000000000000000e+02,-1.153000000000000000e+03,-6.220000000000000000e+02,-4.200000000000000000e+01
1.679988671295755625e+09,1.658400000000000000e+04,5.120000000000000000e+02,-7.840000000000000000e+02,-1.153000000000000000e+03,-6.220000000000000000e+02,-4.200000000000000000e+01
1.679988671296236277e+09,1.658400000000000000e+04,5.120000000000000000e+02,-7.840000000000000000e+02,-1.153000000000000000e+03,-6.220000000000000000e+02,-4.200000000000000000e+01
1.679988671297953606e+09,1.658400000000000000e+04,5.120000000000000000e+02,-7.840000000000000000e+02,-1.153000000000000000e+03,-6.220000000000000000e+02,-4.200000000000000000e+01
1.679988671298452854e+09,1.658400000000000000e+04,5.120000000000000000e+02,-7.840000000000000000e+02,-1.153000000000000000e+03,-6.220000000000000000e+02,-4.200000000000000000e+01
1.679988671300181866e+09,1.658400000000000000e+04,5.120000000000000000e+02,-7.840000000000000000e+02,-1.153000000000000000e+03,-6.220000000000000000e+02,-4.200000000000000000e+01
1.679988671300666809e+09,1.658400000000000000e+04,5.120000000000000000e+02,-7.840000000000000000e+02,-1.153000000000000000e+03,-6.220000000000000000e+02,-4.200000000000000000e+01
1.679988671302407265e+09,1.658400000000000000e+04,5.120000000000000000e+02,-7.840000000000000000e+02,-1.153000000000000000e+03,-6.220000000000000000e+02,-4.200000000000000000e+01
1.679988671302901745e+09,1.658400000000000000e+04,5.120000000000000000e+02,-7.840000000000000000e+02,-1.153000000000000000e+03,-6.220000000000000000e+02,-4.200000000000000000e+01
1.679988671304606915e+09,1.658400000000000000e+04,5.120000000000000000e+02,-7.840000000000000000e+02,-1.153000000000000000e+03,-6.220000000000000000e+02,-4.200000000000000000e+01
1.679988671305100441e+09,1.658400000000000000e+04,5.120000000000000000e+02,-7.840000000000000000e+02,-1.153000000000000000e+03,-6.220000000000000000e+02,-4.200000000000000000e+01
1.679988671306894064e+09,1.658400000000000000e+04,5.120000000000000000e+02,-7.840000000000000000e+02,-1.153000000000000000e+03,-6.220000000000000000e+02,-4.200000000000000000e+01
1.679988671307372332e+09,1.658400000000000000e+04,5.120000000000000000e+02,-7.840000000000000000e+02,-1.153000000000000000e+03,-6.220000000000000000e+02,-4.200000000000000000e+01
1.679988671309134483e+09,1.658400000000000000e+04,5.120000000000000000e+02,-7.840000000000000000e+02,-1.153000000000000000e+03,-6.220000000000000000e+02,-4.200000000000000000e+01
1.679988671309639692e+09,1.658400000000000000e+04,5.120000000000000000e+02,-7.840000000000000000e+02,-1.153000000000000000e+03,-6.220000000000000000e+02,-4.200000000000000000e+01
1.679988671311351061e+09,1.658400000000000000e+04,5.120000000000000000e+02,-7.840000000000000000e+02,-1.153000000000000000e+03,-6.220000000000000000e+02,-4.200000000000000000e+01
1.679988671311841249e+09,1.658400000000000000e+04,5.120000000000000000e+02,-7.840000000000000000e+02,-1.153000000000000000e+03,-6.220000000000000000e+02,-4.200000000000000000e+01
1.679988671313575268e+09,1.658400000000000000e+04,5.120000000000000000e+02,-7.840000000000000000e+02,-1.153000000000000000e+03,-6.220000000000000000e+02,-4.200000000000000000e+01
1.679988671314058304e+09,1.658400000000000000e+04,5.120000000000000000e+02,-7.840000000000000000e+02,-1.153000000000000000e+03,-6.220000000000000000e+02,-4.200000000000000000e+01
1.679988671315837860e+09,1.658400000000000000e+04,5.120000000000000000e+02,-7.840000000000000000e+02,-1.153000000000000000e+03,-6.220000000000000000e+02,-4.200000000000000000e+01
1.679988671316343069e+09,1.658400000000000000e+04,5.120000000000000000e+02,-7.840000000000000000e+02,-1.153000000000000000e+03,-6.220000000000000000e+02,-4.200000000000000000e+01
1.679988671318052292e+09,1.658400000000000000e+04,5.120000000000000000e+02,-7.840000000000000000e+02,-1.153000000000000000e+03,-6.220000000000000000e+02,-4.200000000000000000e+01
1.679988671318554401e+09,1.658400000000000000e+04,5.120000000000000000e+02,-7.840000000000000000e+02,-1.153000000000000000e+03,-6.220000000000000000e+02,-4.200000000000000000e+01
1.679988671320200920e+09,1.658400000000000000e+04,5.120000000000000000e+02,-7.840000000000000000e+02,-1.153000000000000000e+03,-6.220000000000000000e+02,-4.200000000000000000e+01
1.679988671320704222e+09,1.658400000000000000e+04,5.120000000000000000e+02,-7.840000000000000000e+02,-1.153000000000000000e+03,-6.220000000000000000e+02,-4.200000000000000000e+01
1.679988671322656870e+09,1.658400000000000000e+04,5.120000000000000000e+02,-7.840000000000000000e+02,-1.153000000000000000e+03,-6.220000000000000000e+02,-4.200000000000000000e+01
1.679988671323186874e+09,1.658400000000000000e+04,5.120000000000000000e+02,-7.840000000000000000e+02,-1.153000000000000000e+03,-6.220000000000000000e+02,-4.200000000000000000e+01
1.679988671324879408e+09,1.658400000000000000e+04,5.120000000000000000e+02,-7.840000000000000000e+02,-1.153000000000000000e+03,-6.220000000000000000e+02,-4.200000000000000000e+01
1.679988671325370550e+09,1.658400000000000000e+04,5.120000000000000000e+02,-7.840000000000000000e+02,-1.153000000000000000e+03,-6.220000000000000000e+02,-4.200000000000000000e+01
1.679988671327185154e+09,1.658400000000000000e+04,5.120000000000000000e+02,-7.840000000000000000e+02,-1.153000000000000000e+03,-6.220000000000000000e+02,-4.200000000000000000e+01
1.679988671327682495e+09,1.658400000000000000e+04,5.120000000000000000e+02,-7.840000000000000000e+02,-1.153000000000000000e+03,-6.220000000000000000e+02,-4.200000000000000000e+01
1.679988671329411745e+09,1.658400000000000000e+04,5.120000000000000000e+02,-7.840000000000000000e+02,-1.153000000000000000e+03,-6.220000000000000000e+02,-4.200000000000000000e+01
1.679988671329909086e+09,1.658400000000000000e+04,5.120000000000000000e+02,-7.840000000000000000e+02,-1.153000000000000000e+03,-6.220000000000000000e+02,-4.200000000000000000e+01
1.679988671331655264e+09,1.658400000000000000e+04,5.120000000000000000e+02,-7.840000000000000000e+02,-1.153000000000000000e+03,-6.220000000000000000e+02,-4.200000000000000000e+01
1.679988671332149267e+09,1.658400000000000000e+04,5.120000000000000000e+02,-7.840000000000000000e+02,-1.153000000000000000e+03,-6.220000000000000000e+02,-4.200000000000000000e+01
1.679988671333911180e+09,1.658400000000000000e+04,5.120000000000000000e+02,-7.840000000000000000e+02,-1.153000000000000000e+03,-6.220000000000000000e+02,-4.200000000000000000e+01
1.679988671334398270e+09,1.658400000000000000e+04,5.120000000000000000e+02,-7.840000000000000000e+02,-1.153000000000000000e+03,-6.220000000000000000e+02,-4.200000000000000000e+01
1.679988671336194038e+09,1.658400000000000000e+04,5.120000000000000000e+02,-7.840000000000000000e+02,-1.153000000000000000e+03,-6.220000000000000000e+02,-4.200000000000000000e+01
1.679988671336688042e+09,1.658400000000000000e+04,5.120000000000000000e+02,-7.840000000000000000e+02,-1.153000000000000000e+03,-6.220000000000000000e+02,-4.200000000000000000e+01
1.679988671338391781e+09,1.658400000000000000e+04,5.120000000000000000e+02,-7.840000000000000000e+02,-1.153000000000000000e+03,-6.220000000000000000e+02,-4.200000000000000000e+01
1.679988671338878393e+09,1.658400000000000000e+04,5.120000000000000000e+02,-7.840000000000000000e+02,-1.153000000000000000e+03,-6.220000000000000000e+02,-4.200000000000000000e+01
1.679988671340603590e+09,1.658400000000000000e+04,5.120000000000000000e+02,-7.840000000000000000e+02,-1.153000000000000000e+03,-6.220000000000000000e+02,-4.200000000000000000e+01
1.679988671341100693e+09,1.658400000000000000e+04,5.120000000000000000e+02,-7.840000000000000000e+02,-1.153000000000000000e+03,-6.220000000000000000e+02,-4.200000000000000000e+01
1.679988671342821360e+09,1.658400000000000000e+04,5.120000000000000000e+02,-7.840000000000000000e+02,-1.153000000000000000e+03,-6.220000000000000000e+02,-4.200000000000000000e+01
1.679988671343321800e+09,1.658400000000000000e+04,5.120000000000000000e+02,-7.840000000000000000e+02,-1.153000000000000000e+03,-6.220000000000000000e+02,-4.200000000000000000e+01
1.679988671345029354e+09,1.658400000000000000e+04,5.120000000000000000e+02,-7.840000000000000000e+02,-1.153000000000000000e+03,-6.220000000000000000e+02,-4.200000000000000000e+01
1.679988671345578671e+09,1.658400000000000000e+04,5.120000000000000000e+02,-7.840000000000000000e+02,-1.153000000000000000e+03,-6.220000000000000000e+02,-4.200000000000000000e+01
1.679988671347298861e+09,1.658400000000000000e+04,5.120000000000000000e+02,-7.840000000000000000e+02,-1.153000000000000000e+03,-6.220000000000000000e+02,-4.200000000000000000e+01
1.679988671347789288e+09,1.658400000000000000e+04,5.120000000000000000e+02,-7.840000000000000000e+02,-1.153000000000000000e+03,-6.220000000000000000e+02,-4.200000000000000000e+01
1.679988671349531174e+09,1.658400000000000000e+04,5.120000000000000000e+02,-7.840000000000000000e+02,-1.153000000000000000e+03,-6.220000000000000000e+02,-4.200000000000000000e+01
1.679988671350033998e+09,1.658400000000000000e+04,5.120000000000000000e+02,-7.840000000000000000e+02,-1.153000000000000000e+03,-6.220000000000000000e+02,-4.200000000000000000e+01
1.679988671351766825e+09,1.658400000000000000e+04,5.120000000000000000e+02,-7.840000000000000000e+02,-1.153000000000000000e+03,-6.220000000000000000e+02,-4.200000000000000000e+01
1.679988671352246761e+09,1.658400000000000000e+04,5.120000000000000000e+02,-7.840000000000000000e+02,-1.153000000000000000e+03,-6.220000000000000000e+02,-4.200000000000000000e+01
1.679988671353890419e+09,1.658400000000000000e+04,5.120000000000000000e+02,-7.840000000000000000e+02,-1.153000000000000000e+03,-6.220000000000000000e+02,-4.200000000000000000e+01
1.679988671354370832e+09,1.658400000000000000e+04,5.120000000000000000e+02,-7.840000000000000000e+02,-1.153000000000000000e+03,-6.220000000000000000e+02,-4.200000000000000000e+01
1.679988671356418848e+09,1.658400000000000000e+04,5.120000000000000000e+02,-7.840000000000000000e+02,-1.153000000000000000e+03,-6.220000000000000000e+02,-4.200000000000000000e+01
1.679988671356948376e+09,1.658400000000000000e+04,5.120000000000000000e+02,-7.840000000000000000e+02,-1.153000000000000000e+03,-6.220000000000000000e+02,-4.200000000000000000e+01
1.679988671358600378e+09,1.658400000000000000e+04,5.120000000000000000e+02,-7.840000000000000000e+02,-1.153000000000000000e+03,-6.220000000000000000e+02,-4.200000000000000000e+01
1.679988671359089375e+09,1.658400000000000000e+04,5.120000000000000000e+02,-7.840000000000000000e+02,-1.153000000000000000e+03,-6.220000000000000000e+02,-4.200000000000000000e+01
1.679988671360858917e+09,1.658400000000000000e+04,5.120000000000000000e+02,-7.840000000000000000e+02,-1.153000000000000000e+03,-6.220000000000000000e+02,-4.200000000000000000e+01
1.679988671361355305e+09,1.658400000000000000e+04,5.120000000000000000e+02,-7.840000000000000000e+02,-1.153000000000000000e+03,-6.220000000000000000e+02,-4.200000000000000000e+01
1.679988671363119841e+09,1.658400000000000000e+04,5.120000000000000000e+02,-7.840000000000000000e+02,-1.153000000000000000e+03,-6.220000000000000000e+02,-4.200000000000000000e+01
1.679988671363594770e+09,1.658400000000000000e+04,5.120000000000000000e+02,-7.840000000000000000e+02,-1.153000000000000000e+03,-6.220000000000000000e+02,-4.200000000000000000e+01
1.679988671365334511e+09,1.658400000000000000e+04,5.120000000000000000e+02,-7.840000000000000000e+02,-1.153000000000000000e+03,-6.220000000000000000e+02,-4.200000000000000000e+01
1.679988671365893602e+09,1.658400000000000000e+04,5.120000000000000000e+02,-7.840000000000000000e+02,-1.153000000000000000e+03,-6.220000000000000000e+02,-4.200000000000000000e+01
1.679988671367643356e+09,1.658400000000000000e+04,5.120000000000000000e+02,-7.840000000000000000e+02,-1.153000000000000000e+03,-6.220000000000000000e+02,-4.200000000000000000e+01
1.679988671368140221e+09,1.658400000000000000e+04,5.120000000000000000e+02,-7.840000000000000000e+02,-1.153000000000000000e+03,-6.220000000000000000e+02,-4.200000000000000000e+01
1.679988671369877815e+09,1.658400000000000000e+04,5.120000000000000000e+02,-7.840000000000000000e+02,-1.153000000000000000e+03,-6.220000000000000000e+02,-4.200000000000000000e+01
1.679988671370379210e+09,1.658400000000000000e+04,5.120000000000000000e+02,-7.840000000000000000e+02,-1.153000000000000000e+03,-6.220000000000000000e+02,-4.200000000000000000e+01
1.679988671372123718e+09,1.658400000000000000e+04,5.120000000000000000e+02,-7.840000000000000000e+02,-1.153000000000000000e+03,-6.220000000000000000e+02,-4.200000000000000000e+01
1.679988671372635603e+09,1.658400000000000000e+04,5.120000000000000000e+02,-7.840000000000000000e+02,-1.153000000000000000e+03,-6.220000000000000000e+02,-4.200000000000000000e+01
1.679988671374385118e+09,1.658400000000000000e+04,5.120000000000000000e+02,-7.840000000000000000e+02,-1.153000000000000000e+03,-6.220000000000000000e+02,-4.200000000000000000e+01
1.679988671374891520e+09,1.658400000000000000e+04,5.120000000000000000e+02,-7.840000000000000000e+02,-1.153000000000000000e+03,-6.220000000000000000e+02,-4.200000000000000000e+01
1.679988671376636505e+09,1.658400000000000000e+04,5.120000000000000000e+02,-7.840000000000000000e+02,-1.153000000000000000e+03,-6.220000000000000000e+02,-4.200000000000000000e+01
1.679988671377131224e+09,1.658400000000000000e+04,5.120000000000000000e+02,-7.840000000000000000e+02,-1.153000000000000000e+03,-6.220000000000000000e+02,-4.200000000000000000e+01
1.679988671378795147e+09,1.658400000000000000e+04,5.120000000000000000e+02,-7.840000000000000000e+02,-1.153000000000000000e+03,-6.220000000000000000e+02,-4.200000000000000000e+01
1.679988671379290104e+09,1.658400000000000000e+04,5.120000000000000000e+02,-7.840000000000000000e+02,-1.153000000000000000e+03,-6.220000000000000000e+02,-4.200000000000000000e+01
1.679988671381234646e+09,1.658400000000000000e+04,5.120000000000000000e+02,-7.840000000000000000e+02,-1.153000000000000000e+03,-6.220000000000000000e+02,-4.200000000000000000e+01
1.679988671381737232e+09,1.658400000000000000e+04,5.120000000000000000e+02,-7.840000000000000000e+02,-1.153000000000000000e+03,-6.220000000000000000e+02,-4.200000000000000000e+01
1.679988671383437157e+09,1.658400000000000000e+04,5.120000000000000000e+02,-7.840000000000000000e+02,-1.153000000000000000e+03,-6.220000000000000000e+02,-4.200000000000000000e+01
1.679988671383918524e+09,1.658400000000000000e+04,5.120000000000000000e+02,-7.840000000000000000e+02,-1.153000000000000000e+03,-6.220000000000000000e+02,-4.200000000000000000e+01
1.679988671385940075e+09,1.658400000000000000e+04,5.120000000000000000e+02,-7.840000000000000000e+02,-1.153000000000000000e+03,-6.220000000000000000e+02,-4.200000000000000000e+01
1.679988671386452675e+09,1.658400000000000000e+04,5.120000000000000000e+02,-7.840000000000000000e+02,-1.153000000000000000e+03,-6.220000000000000000e+02,-4.200000000000000000e+01
1.679988671388160706e+09,1.658400000000000000e+04,5.120000000000000000e+02,-7.840000000000000000e+02,-1.153000000000000000e+03,-6.220000000000000000e+02,-4.200000000000000000e+01
1.679988671388669968e+09,1.658400000000000000e+04,5.120000000000000000e+02,-7.840000000000000000e+02,-1.153000000000000000e+03,-6.220000000000000000e+02,-4.200000000000000000e+01
1.679988671390447855e+09,1.658400000000000000e+04,5.120000000000000000e+02,-7.840000000000000000e+02,-1.153000000000000000e+03,-6.220000000000000000e+02,-4.200000000000000000e+01
1.679988671390915871e+09,1.658400000000000000e+04,5.120000000000000000e+02,-7.840000000000000000e+02,-1.153000000000000000e+03,-6.220000000000000000e+02,-4.200000000000000000e+01
1.679988671392686844e+09,1.658400000000000000e+04,5.120000000000000000e+02,-7.840000000000000000e+02,-1.153000000000000000e+03,-6.220000000000000000e+02,-4.200000000000000000e+01
1.679988671393177748e+09,1.658400000000000000e+04,5.120000000000000000e+02,-7.840000000000000000e+02,-1.153000000000000000e+03,-6.220000000000000000e+02,-4.200000000000000000e+01
1.679988671394922018e+09,1.658400000000000000e+04,5.120000000000000000e+02,-7.840000000000000000e+02,-1.153000000000000000e+03,-6.220000000000000000e+02,-4.200000000000000000e+01
1.679988671395413160e+09,1.658400000000000000e+04,5.120000000000000000e+02,-7.840000000000000000e+02,-1.153000000000000000e+03,-6.220000000000000000e+02,-4.200000000000000000e+01
1.679988671397113323e+09,1.658400000000000000e+04,5.120000000000000000e+02,-7.840000000000000000e+02,-1.153000000000000000e+03,-6.220000000000000000e+02,-4.200000000000000000e+01
1.679988671397584915e+09,1.658400000000000000e+04,5.120000000000000000e+02,-7.840000000000000000e+02,-1.153000000000000000e+03,-6.220000000000000000e+02,-4.200000000000000000e+01
1.679988671399231911e+09,1.658400000000000000e+04,5.120000000000000000e+02,-7.840000000000000000e+02,-1.153000000000000000e+03,-6.220000000000000000e+02,-4.200000000000000000e+01
1.679988671399902105e+09,1.658400000000000000e+04,5.120000000000000000e+02,-7.840000000000000000e+02,-1.153000000000000000e+03,-6.220000000000000000e+02,-4.200000000000000000e+01
1.679988671401364803e+09,1.658400000000000000e+04,5.120000000000000000e+02,-7.840000000000000000e+02,-1.153000000000000000e+03,-6.220000000000000000e+02,-4.200000000000000000e+01
1.679988671402090073e+09,1.658400000000000000e+04,5.120000000000000000e+02,-7.840000000000000000e+02,-1.153000000000000000e+03,-6.220000000000000000e+02,-4.200000000000000000e+01
1.679988671403542280e+09,1.658400000000000000e+04,5.120000000000000000e+02,-7.840000000000000000e+02,-1.153000000000000000e+03,-6.220000000000000000e+02,-4.200000000000000000e+01
1.679988671404366016e+09,1.658400000000000000e+04,5.120000000000000000e+02,-7.840000000000000000e+02,-1.153000000000000000e+03,-6.220000000000000000e+02,-4.200000000000000000e+01
1.679988671405938864e+09,1.658400000000000000e+04,5.120000000000000000e+02,-7.840000000000000000e+02,-1.153000000000000000e+03,-6.220000000000000000e+02,-4.200000000000000000e+01
1.679988671406657219e+09,1.658400000000000000e+04,5.120000000000000000e+02,-7.840000000000000000e+02,-1.153000000000000000e+03,-6.220000000000000000e+02,-4.200000000000000000e+01
1.679988671408124208e+09,1.658400000000000000e+04,5.120000000000000000e+02,-7.840000000000000000e+02,-1.153000000000000000e+03,-6.220000000000000000e+02,-4.200000000000000000e+01
1.679988671408849955e+09,1.658400000000000000e+04,5.120000000000000000e+02,-7.840000000000000000e+02,-1.153000000000000000e+03,-6.220000000000000000e+02,-4.200000000000000000e+01
1.679988671410305738e+09,1.658400000000000000e+04,5.120000000000000000e+02,-7.840000000000000000e+02,-1.153000000000000000e+03,-6.220000000000000000e+02,-4.200000000000000000e+01
1.679988671411115170e+09,1.658400000000000000e+04,5.120000000000000000e+02,-7.840000000000000000e+02,-1.153000000000000000e+03,-6.220000000000000000e+02,-4.200000000000000000e+01
1.679988671412585974e+09,1.658400000000000000e+04,5.120000000000000000e+02,-7.840000000000000000e+02,-1.153000000000000000e+03,-6.220000000000000000e+02,-4.200000000000000000e+01
1.679988671413422585e+09,1.658400000000000000e+04,5.120000000000000000e+02,-7.840000000000000000e+02,-1.153000000000000000e+03,-6.220000000000000000e+02,-4.200000000000000000e+01
1.679988671414924383e+09,1.658400000000000000e+04,5.120000000000000000e+02,-7.840000000000000000e+02,-1.153000000000000000e+03,-6.220000000000000000e+02,-4.200000000000000000e+01
1.679988671415831089e+09,1.658400000000000000e+04,5.120000000000000000e+02,-7.840000000000000000e+02,-1.153000000000000000e+03,-6.220000000000000000e+02,-4.200000000000000000e+01
1.679988671417601824e+09,1.658400000000000000e+04,5.120000000000000000e+02,-7.840000000000000000e+02,-1.153000000000000000e+03,-6.220000000000000000e+02,-4.200000000000000000e+01
1.679988671418088436e+09,1.658400000000000000e+04,5.120000000000000000e+02,-7.840000000000000000e+02,-1.153000000000000000e+03,-6.220000000000000000e+02,-4.200000000000000000e+01
1.679988671419862270e+09,1.658400000000000000e+04,5.120000000000000000e+02,-7.840000000000000000e+02,-1.153000000000000000e+03,-6.220000000000000000e+02,-4.200000000000000000e+01
1.679988671420363188e+09,1.658400000000000000e+04,5.120000000000000000e+02,-7.840000000000000000e+02,-1.153000000000000000e+03,-6.220000000000000000e+02,-4.200000000000000000e+01
1.679988671422095060e+09,1.658400000000000000e+04,5.120000000000000000e+02,-7.840000000000000000e+02,-1.153000000000000000e+03,-6.220000000000000000e+02,-4.200000000000000000e+01
1.679988671422600746e+09,1.658400000000000000e+04,5.120000000000000000e+02,-7.840000000000000000e+02,-1.153000000000000000e+03,-6.220000000000000000e+02,-4.200000000000000000e+01
1.679988671424325943e+09,1.658400000000000000e+04,5.120000000000000000e+02,-7.840000000000000000e+02,-1.153000000000000000e+03,-6.220000000000000000e+02,-4.200000000000000000e+01
1.679988671424830675e+09,1.658400000000000000e+04,5.120000000000000000e+02,-7.840000000000000000e+02,-1.153000000000000000e+03,-6.220000000000000000e+02,-4.200000000000000000e+01
1.679988671426620722e+09,1.658400000000000000e+04,5.120000000000000000e+02,-7.840000000000000000e+02,-1.153000000000000000e+03,-6.220000000000000000e+02,-4.200000000000000000e+01
1.679988671427116632e+09,1.658400000000000000e+04,5.120000000000000000e+02,-7.840000000000000000e+02,-1.153000000000000000e+03,-6.220000000000000000e+02,-4.200000000000000000e+01
1.679988671428864002e+09,1.658400000000000000e+04,5.120000000000000000e+02,-7.840000000000000000e+02,-1.153000000000000000e+03,-6.220000000000000000e+02,-4.200000000000000000e+01
1.679988671429359674e+09,1.658400000000000000e+04,5.120000000000000000e+02,-7.840000000000000000e+02,-1.153000000000000000e+03,-6.220000000000000000e+02,-4.200000000000000000e+01
1.679988671431007385e+09,1.658400000000000000e+04,5.120000000000000000e+02,-7.840000000000000000e+02,-1.153000000000000000e+03,-6.220000000000000000e+02,-4.200000000000000000e+01
1.679988671431510448e+09,1.658400000000000000e+04,5.120000000000000000e+02,-7.840000000000000000e+02,-1.153000000000000000e+03,-6.220000000000000000e+02,-4.200000000000000000e+01
1.679988671433165550e+09,1.658400000000000000e+04,5.120000000000000000e+02,-7.840000000000000000e+02,-1.153000000000000000e+03,-6.220000000000000000e+02,-4.200000000000000000e+01
1.679988671433820963e+09,1.658400000000000000e+04,5.120000000000000000e+02,-7.840000000000000000e+02,-1.153000000000000000e+03,-6.220000000000000000e+02,-4.200000000000000000e+01
1.679988671435305834e+09,1.658400000000000000e+04,5.120000000000000000e+02,-7.840000000000000000e+02,-1.153000000000000000e+03,-6.220000000000000000e+02,-4.200000000000000000e+01
1.679988671436147451e+09,1.658400000000000000e+04,5.120000000000000000e+02,-7.840000000000000000e+02,-1.153000000000000000e+03,-6.220000000000000000e+02,-4.200000000000000000e+01
1.679988671437619448e+09,1.658400000000000000e+04,5.120000000000000000e+02,-7.840000000000000000e+02,-1.153000000000000000e+03,-6.220000000000000000e+02,-4.200000000000000000e+01
1.679988671438401222e+09,1.658400000000000000e+04,5.120000000000000000e+02,-7.840000000000000000e+02,-1.153000000000000000e+03,-6.220000000000000000e+02,-4.200000000000000000e+01
1.679988671439864635e+09,1.658400000000000000e+04,5.120000000000000000e+02,-7.840000000000000000e+02,-1.153000000000000000e+03,-6.220000000000000000e+02,-4.200000000000000000e+01
1.679988671440686226e+09,1.658400000000000000e+04,5.120000000000000000e+02,-7.840000000000000000e+02,-1.153000000000000000e+03,-6.220000000000000000e+02,-4.200000000000000000e+01
1.679988671442168236e+09,1.658400000000000000e+04,5.120000000000000000e+02,-7.840000000000000000e+02,-1.153000000000000000e+03,-6.220000000000000000e+02,-4.200000000000000000e+01
1.679988671442912340e+09,1.658400000000000000e+04,5.120000000000000000e+02,-7.840000000000000000e+02,-1.153000000000000000e+03,-6.220000000000000000e+02,-4.200000000000000000e+01
1.679988671444366693e+09,1.658400000000000000e+04,5.120000000000000000e+02,-7.840000000000000000e+02,-1.153000000000000000e+03,-6.220000000000000000e+02,-4.200000000000000000e+01
1.679988671445200682e+09,1.658400000000000000e+04,5.120000000000000000e+02,-7.840000000000000000e+02,-1.153000000000000000e+03,-6.220000000000000000e+02,-4.200000000000000000e+01
1.679988671446788311e+09,1.658400000000000000e+04,5.120000000000000000e+02,-7.840000000000000000e+02,-1.153000000000000000e+03,-6.220000000000000000e+02,-4.200000000000000000e+01
1.679988671447668314e+09,1.658400000000000000e+04,5.120000000000000000e+02,-7.840000000000000000e+02,-1.153000000000000000e+03,-6.220000000000000000e+02,-4.200000000000000000e+01
1.679988671449479580e+09,1.658400000000000000e+04,5.120000000000000000e+02,-7.840000000000000000e+02,-1.153000000000000000e+03,-6.220000000000000000e+02,-4.200000000000000000e+01
1.679988671449986458e+09,1.658400000000000000e+04,5.120000000000000000e+02,-7.840000000000000000e+02,-1.153000000000000000e+03,-6.220000000000000000e+02,-4.200000000000000000e+01
1.679988671451724768e+09,1.658400000000000000e+04,5.120000000000000000e+02,-7.840000000000000000e+02,-1.153000000000000000e+03,-6.220000000000000000e+02,-4.200000000000000000e+01
1.679988671452229977e+09,1.658400000000000000e+04,5.120000000000000000e+02,-7.840000000000000000e+02,-1.153000000000000000e+03,-6.220000000000000000e+02,-4.200000000000000000e+01
1.679988671454015255e+09,1.658400000000000000e+04,5.120000000000000000e+02,-7.840000000000000000e+02,-1.153000000000000000e+03,-6.220000000000000000e+02,-4.200000000000000000e+01
1.679988671454508781e+09,1.658400000000000000e+04,5.120000000000000000e+02,-7.840000000000000000e+02,-1.153000000000000000e+03,-6.220000000000000000e+02,-4.200000000000000000e+01
1.679988671456341028e+09,1.658400000000000000e+04,5.120000000000000000e+02,-7.840000000000000000e+02,-1.153000000000000000e+03,-6.220000000000000000e+02,-4.200000000000000000e+01
1.679988671456845760e+09,1.658400000000000000e+04,5.120000000000000000e+02,-7.840000000000000000e+02,-1.153000000000000000e+03,-6.220000000000000000e+02,-4.200000000000000000e+01
1.679988671458582163e+09,1.658400000000000000e+04,5.120000000000000000e+02,-7.840000000000000000e+02,-1.153000000000000000e+03,-6.220000000000000000e+02,-4.200000000000000000e+01
1.679988671459086180e+09,1.658400000000000000e+04,5.120000000000000000e+02,-7.840000000000000000e+02,-1.153000000000000000e+03,-6.220000000000000000e+02,-4.200000000000000000e+01
1.679988671460847139e+09,1.658400000000000000e+04,5.120000000000000000e+02,-7.840000000000000000e+02,-1.153000000000000000e+03,-6.220000000000000000e+02,-4.200000000000000000e+01
1.679988671461350679e+09,1.658400000000000000e+04,5.120000000000000000e+02,-7.840000000000000000e+02,-1.153000000000000000e+03,-6.220000000000000000e+02,-4.200000000000000000e+01
1.679988671463118553e+09,1.658400000000000000e+04,5.120000000000000000e+02,-7.840000000000000000e+02,-1.153000000000000000e+03,-6.220000000000000000e+02,-4.200000000000000000e+01
1.679988671463627338e+09,1.658400000000000000e+04,5.120000000000000000e+02,-7.840000000000000000e+02,-1.153000000000000000e+03,-6.220000000000000000e+02,-4.200000000000000000e+01
1.679988671465324402e+09,1.658400000000000000e+04,5.120000000000000000e+02,-7.840000000000000000e+02,-1.153000000000000000e+03,-6.220000000000000000e+02,-4.200000000000000000e+01
1.679988671465889931e+09,1.658400000000000000e+04,5.120000000000000000e+02,-7.840000000000000000e+02,-1.153000000000000000e+03,-6.220000000000000000e+02,-4.200000000000000000e+01
1.679988671467678785e+09,1.658400000000000000e+04,5.120000000000000000e+02,-7.840000000000000000e+02,-1.153000000000000000e+03,-6.220000000000000000e+02,-4.200000000000000000e+01
1.679988671468245029e+09,1.658400000000000000e+04,5.120000000000000000e+02,-7.840000000000000000e+02,-1.153000000000000000e+03,-6.220000000000000000e+02,-4.200000000000000000e+01
1.679988671470044851e+09,1.658400000000000000e+04,5.120000000000000000e+02,-7.840000000000000000e+02,-1.153000000000000000e+03,-6.220000000000000000e+02,-4.200000000000000000e+01
1.679988671470523357e+09,1.658400000000000000e+04,5.120000000000000000e+02,-7.840000000000000000e+02,-1.153000000000000000e+03,-6.220000000000000000e+02,-4.200000000000000000e+01
1.679988671472176313e+09,1.658400000000000000e+04,5.120000000000000000e+02,-7.840000000000000000e+02,-1.153000000000000000e+03,-6.220000000000000000e+02,-4.200000000000000000e+01
1.679988671472661495e+09,1.658400000000000000e+04,5.120000000000000000e+02,-7.840000000000000000e+02,-1.153000000000000000e+03,-6.220000000000000000e+02,-4.200000000000000000e+01
1.679988671474337578e+09,1.658400000000000000e+04,5.120000000000000000e+02,-7.840000000000000000e+02,-1.153000000000000000e+03,-6.220000000000000000e+02,-4.200000000000000000e+01
1.679988671474999666e+09,1.658400000000000000e+04,5.120000000000000000e+02,-7.840000000000000000e+02,-1.153000000000000000e+03,-6.220000000000000000e+02,-4.200000000000000000e+01
1.679988671476534605e+09,1.658400000000000000e+04,5.120000000000000000e+02,-7.840000000000000000e+02,-1.153000000000000000e+03,-6.220000000000000000e+02,-4.200000000000000000e+01
1.679988671477356195e+09,1.658400000000000000e+04,5.120000000000000000e+02,-7.840000000000000000e+02,-1.153000000000000000e+03,-6.220000000000000000e+02,-4.200000000000000000e+01
1.679988671478831053e+09,1.658400000000000000e+04,5.120000000000000000e+02,-7.840000000000000000e+02,-1.153000000000000000e+03,-6.220000000000000000e+02,-4.200000000000000000e+01
1.679988671479597330e+09,1.658400000000000000e+04,5.120000000000000000e+02,-7.840000000000000000e+02,-1.153000000000000000e+03,-6.220000000000000000e+02,-4.200000000000000000e+01
1.679988671481058598e+09,1.658400000000000000e+04,5.120000000000000000e+02,-7.840000000000000000e+02,-1.153000000000000000e+03,-6.220000000000000000e+02,-4.200000000000000000e+01
1.679988671481821775e+09,1.658400000000000000e+04,5.120000000000000000e+02,-7.840000000000000000e+02,-1.153000000000000000e+03,-6.220000000000000000e+02,-4.200000000000000000e+01
1.679988671483298063e+09,1.658400000000000000e+04,5.120000000000000000e+02,-7.840000000000000000e+02,-1.153000000000000000e+03,-6.220000000000000000e+02,-4.200000000000000000e+01
1.679988671484102249e+09,1.658400000000000000e+04,5.120000000000000000e+02,-7.840000000000000000e+02,-1.153000000000000000e+03,-6.220000000000000000e+02,-4.200000000000000000e+01
1.679988671485643864e+09,1.658400000000000000e+04,5.120000000000000000e+02,-7.840000000000000000e+02,-1.153000000000000000e+03,-6.220000000000000000e+02,-4.200000000000000000e+01
1.679988671486443758e+09,1.658400000000000000e+04,5.120000000000000000e+02,-7.840000000000000000e+02,-1.153000000000000000e+03,-6.220000000000000000e+02,-4.200000000000000000e+01
1.679988671487900496e+09,1.658400000000000000e+04,5.120000000000000000e+02,-7.840000000000000000e+02,-1.153000000000000000e+03,-6.220000000000000000e+02,-4.200000000000000000e+01
1.679988671488738537e+09,1.658400000000000000e+04,5.120000000000000000e+02,-7.840000000000000000e+02,-1.153000000000000000e+03,-6.220000000000000000e+02,-4.200000000000000000e+01
1.679988671490214348e+09,1.658400000000000000e+04,5.120000000000000000e+02,-7.840000000000000000e+02,-1.153000000000000000e+03,-6.220000000000000000e+02,-4.200000000000000000e+01
1.679988671491061926e+09,1.658400000000000000e+04,5.120000000000000000e+02,-7.840000000000000000e+02,-1.153000000000000000e+03,-6.220000000000000000e+02,-4.200000000000000000e+01
1.679988671492533684e+09,1.658400000000000000e+04,5.120000000000000000e+02,-7.840000000000000000e+02,-1.153000000000000000e+03,-6.220000000000000000e+02,-4.200000000000000000e+01
1.679988671493272066e+09,1.658400000000000000e+04,5.120000000000000000e+02,-7.840000000000000000e+02,-1.153000000000000000e+03,-6.220000000000000000e+02,-4.200000000000000000e+01
1.679988671494740725e+09,1.658400000000000000e+04,5.120000000000000000e+02,-7.840000000000000000e+02,-1.153000000000000000e+03,-6.220000000000000000e+02,-4.200000000000000000e+01
1.679988671495621920e+09,1.658400000000000000e+04,5.120000000000000000e+02,-7.840000000000000000e+02,-1.153000000000000000e+03,-6.220000000000000000e+02,-4.200000000000000000e+01
1.679988671497142315e+09,1.658400000000000000e+04,5.120000000000000000e+02,-7.840000000000000000e+02,-1.153000000000000000e+03,-6.220000000000000000e+02,-4.200000000000000000e+01
1.679988671497864723e+09,1.658400000000000000e+04,5.120000000000000000e+02,-7.840000000000000000e+02,-1.153000000000000000e+03,-6.220000000000000000e+02,-4.200000000000000000e+01
1.679988671499353170e+09,1.658400000000000000e+04,5.120000000000000000e+02,-7.840000000000000000e+02,-1.153000000000000000e+03,-6.220000000000000000e+02,-4.200000000000000000e+01
1.679988671500090122e+09,1.658400000000000000e+04,5.120000000000000000e+02,-7.840000000000000000e+02,-1.153000000000000000e+03,-6.220000000000000000e+02,-4.200000000000000000e+01
1.679988671501561165e+09,1.658400000000000000e+04,5.120000000000000000e+02,-7.840000000000000000e+02,-1.153000000000000000e+03,-6.220000000000000000e+02,-4.200000000000000000e+01
1.679988671502421141e+09,1.658400000000000000e+04,5.120000000000000000e+02,-7.840000000000000000e+02,-1.153000000000000000e+03,-6.220000000000000000e+02,-4.200000000000000000e+01
1.679988671503898621e+09,1.658400000000000000e+04,5.120000000000000000e+02,-7.840000000000000000e+02,-1.153000000000000000e+03,-6.220000000000000000e+02,-4.200000000000000000e+01
1.679988671504735470e+09,1.658400000000000000e+04,5.120000000000000000e+02,-7.840000000000000000e+02,-1.153000000000000000e+03,-6.220000000000000000e+02,-4.200000000000000000e+01
1.679988671506370544e+09,1.658400000000000000e+04,5.120000000000000000e+02,-7.840000000000000000e+02,-1.153000000000000000e+03,-6.220000000000000000e+02,-4.200000000000000000e+01
1.679988671507036924e+09,1.658400000000000000e+04,5.120000000000000000e+02,-7.840000000000000000e+02,-1.153000000000000000e+03,-6.220000000000000000e+02,-4.200000000000000000e+01
1.679988671508506060e+09,1.658400000000000000e+04,5.120000000000000000e+02,-7.840000000000000000e+02,-1.153000000000000000e+03,-6.220000000000000000e+02,-4.200000000000000000e+01
1.679988671509290218e+09,1.658400000000000000e+04,5.120000000000000000e+02,-7.840000000000000000e+02,-1.153000000000000000e+03,-6.220000000000000000e+02,-4.200000000000000000e+01
1.679988671510764360e+09,1.658400000000000000e+04,5.120000000000000000e+02,-7.840000000000000000e+02,-1.153000000000000000e+03,-6.220000000000000000e+02,-4.200000000000000000e+01
1.679988671511604548e+09,1.658400000000000000e+04,5.120000000000000000e+02,-7.840000000000000000e+02,-1.153000000000000000e+03,-6.220000000000000000e+02,-4.200000000000000000e+01
1.679988671513113022e+09,1.658400000000000000e+04,5.120000000000000000e+02,-7.840000000000000000e+02,-1.153000000000000000e+03,-6.220000000000000000e+02,-4.200000000000000000e+01
1.679988671513821602e+09,1.658400000000000000e+04,5.120000000000000000e+02,-7.840000000000000000e+02,-1.153000000000000000e+03,-6.220000000000000000e+02,-4.200000000000000000e+01
1.679988671515270948e+09,1.658400000000000000e+04,5.120000000000000000e+02,-7.840000000000000000e+02,-1.153000000000000000e+03,-6.220000000000000000e+02,-4.200000000000000000e+01
1.679988671516197920e+09,1.658400000000000000e+04,5.120000000000000000e+02,-7.840000000000000000e+02,-1.153000000000000000e+03,-6.220000000000000000e+02,-4.200000000000000000e+01
1.679988671517652035e+09,1.658400000000000000e+04,5.120000000000000000e+02,-7.840000000000000000e+02,-1.153000000000000000e+03,-6.220000000000000000e+02,-4.200000000000000000e+01
1.679988671518586159e+09,1.658400000000000000e+04,5.120000000000000000e+02,-7.840000000000000000e+02,-1.153000000000000000e+03,-6.220000000000000000e+02,-4.200000000000000000e+01
1.679988671520068169e+09,1.658400000000000000e+04,5.120000000000000000e+02,-7.840000000000000000e+02,-1.153000000000000000e+03,-6.220000000000000000e+02,-4.200000000000000000e+01
1.679988671520811319e+09,1.658400000000000000e+04,5.120000000000000000e+02,-7.840000000000000000e+02,-1.153000000000000000e+03,-6.220000000000000000e+02,-4.200000000000000000e+01
1.679988671522278070e+09,1.658400000000000000e+04,5.120000000000000000e+02,-7.840000000000000000e+02,-1.153000000000000000e+03,-6.220000000000000000e+02,-4.200000000000000000e+01
1.679988671523134232e+09,1.658400000000000000e+04,5.120000000000000000e+02,-7.840000000000000000e+02,-1.153000000000000000e+03,-6.220000000000000000e+02,-4.200000000000000000e+01
1.679988671524614573e+09,1.658400000000000000e+04,5.120000000000000000e+02,-7.840000000000000000e+02,-1.153000000000000000e+03,-6.220000000000000000e+02,-4.200000000000000000e+01
1.679988671525443077e+09,1.658400000000000000e+04,5.120000000000000000e+02,-7.840000000000000000e+02,-1.153000000000000000e+03,-6.220000000000000000e+02,-4.200000000000000000e+01
1.679988671527071953e+09,1.658400000000000000e+04,5.120000000000000000e+02,-7.840000000000000000e+02,-1.153000000000000000e+03,-6.220000000000000000e+02,-4.200000000000000000e+01
1.679988671527776957e+09,1.658400000000000000e+04,5.120000000000000000e+02,-7.840000000000000000e+02,-1.153000000000000000e+03,-6.220000000000000000e+02,-4.200000000000000000e+01
1.679988671529293060e+09,1.658400000000000000e+04,5.120000000000000000e+02,-7.840000000000000000e+02,-1.153000000000000000e+03,-6.220000000000000000e+02,-4.200000000000000000e+01
1.679988671530063152e+09,1.658400000000000000e+04,5.120000000000000000e+02,-7.840000000000000000e+02,-1.153000000000000000e+03,-6.220000000000000000e+02,-4.200000000000000000e+01
1.679988671531524420e+09,1.658400000000000000e+04,5.120000000000000000e+02,-7.840000000000000000e+02,-1.153000000000000000e+03,-6.220000000000000000e+02,-4.200000000000000000e+01
1.679988671532370090e+09,1.658400000000000000e+04,5.120000000000000000e+02,-7.840000000000000000e+02,-1.153000000000000000e+03,-6.220000000000000000e+02,-4.200000000000000000e+01
1.679988671533862352e+09,1.658400000000000000e+04,5.120000000000000000e+02,-7.840000000000000000e+02,-1.153000000000000000e+03,-6.220000000000000000e+02,-4.200000000000000000e+01
1.679988671534598351e+09,1.658400000000000000e+04,5.120000000000000000e+02,-7.840000000000000000e+02,-1.153000000000000000e+03,-6.220000000000000000e+02,-4.200000000000000000e+01
1.679988671536231995e+09,1.658400000000000000e+04,5.120000000000000000e+02,-7.840000000000000000e+02,-1.153000000000000000e+03,-6.220000000000000000e+02,-4.200000000000000000e+01
1.679988671536913872e+09,1.658400000000000000e+04,5.120000000000000000e+02,-7.840000000000000000e+02,-1.153000000000000000e+03,-6.220000000000000000e+02,-4.200000000000000000e+01
1.679988671538400173e+09,1.658400000000000000e+04,5.120000000000000000e+02,-7.840000000000000000e+02,-1.153000000000000000e+03,-6.220000000000000000e+02,-4.200000000000000000e+01
1.679988671539203644e+09,1.658400000000000000e+04,5.120000000000000000e+02,-7.840000000000000000e+02,-1.153000000000000000e+03,-6.220000000000000000e+02,-4.200000000000000000e+01
1.679988671540760756e+09,1.658400000000000000e+04,5.120000000000000000e+02,-7.840000000000000000e+02,-1.153000000000000000e+03,-6.220000000000000000e+02,-4.200000000000000000e+01
1.679988671541479111e+09,1.658400000000000000e+04,5.120000000000000000e+02,-7.840000000000000000e+02,-1.153000000000000000e+03,-6.220000000000000000e+02,-4.200000000000000000e+01
1.679988671542940140e+09,1.658400000000000000e+04,5.120000000000000000e+02,-7.840000000000000000e+02,-1.153000000000000000e+03,-6.220000000000000000e+02,-4.200000000000000000e+01
1.679988671543783903e+09,1.658400000000000000e+04,5.120000000000000000e+02,-7.840000000000000000e+02,-1.153000000000000000e+03,-6.220000000000000000e+02,-4.200000000000000000e+01
1.679988671545294285e+09,1.658400000000000000e+04,5.120000000000000000e+02,-7.840000000000000000e+02,-1.153000000000000000e+03,-6.220000000000000000e+02,-4.200000000000000000e+01
1.679988671546169996e+09,1.658400000000000000e+04,5.120000000000000000e+02,-7.840000000000000000e+02,-1.153000000000000000e+03,-6.220000000000000000e+02,-4.200000000000000000e+01
1.679988671547670603e+09,1.658400000000000000e+04,5.120000000000000000e+02,-7.840000000000000000e+02,-1.153000000000000000e+03,-6.220000000000000000e+02,-4.200000000000000000e+01
1.679988671548405647e+09,1.658400000000000000e+04,5.120000000000000000e+02,-7.840000000000000000e+02,-1.153000000000000000e+03,-6.220000000000000000e+02,-4.200000000000000000e+01
1.679988671549934149e+09,1.658400000000000000e+04,5.120000000000000000e+02,-7.840000000000000000e+02,-1.153000000000000000e+03,-6.220000000000000000e+02,-4.200000000000000000e+01
1.679988671550654173e+09,1.658400000000000000e+04,5.120000000000000000e+02,-7.840000000000000000e+02,-1.153000000000000000e+03,-6.220000000000000000e+02,-4.200000000000000000e+01
1.679988671552155972e+09,1.658400000000000000e+04,5.120000000000000000e+02,-7.840000000000000000e+02,-1.153000000000000000e+03,-6.220000000000000000e+02,-4.200000000000000000e+01
1.679988671552959919e+09,1.658400000000000000e+04,5.120000000000000000e+02,-7.840000000000000000e+02,-1.153000000000000000e+03,-6.220000000000000000e+02,-4.200000000000000000e+01
1.679988671554431677e+09,1.658400000000000000e+04,5.120000000000000000e+02,-7.840000000000000000e+02,-1.153000000000000000e+03,-6.220000000000000000e+02,-4.200000000000000000e+01
1.679988671555243969e+09,1.658400000000000000e+04,5.120000000000000000e+02,-7.840000000000000000e+02,-1.153000000000000000e+03,-6.220000000000000000e+02,-4.200000000000000000e+01
1.679988671556867599e+09,1.658400000000000000e+04,5.120000000000000000e+02,-7.840000000000000000e+02,-1.153000000000000000e+03,-6.220000000000000000e+02,-4.200000000000000000e+01
1.679988671557571173e+09,1.658400000000000000e+04,5.120000000000000000e+02,-7.840000000000000000e+02,-1.153000000000000000e+03,-6.220000000000000000e+02,-4.200000000000000000e+01
1.679988671559048414e+09,1.658400000000000000e+04,5.120000000000000000e+02,-7.840000000000000000e+02,-1.153000000000000000e+03,-6.220000000000000000e+02,-4.200000000000000000e+01
1.679988671559897661e+09,1.658400000000000000e+04,5.120000000000000000e+02,-7.840000000000000000e+02,-1.153000000000000000e+03,-6.220000000000000000e+02,-4.200000000000000000e+01
1.679988671561371565e+09,1.658400000000000000e+04,5.120000000000000000e+02,-7.840000000000000000e+02,-1.153000000000000000e+03,-6.220000000000000000e+02,-4.200000000000000000e+01
1.679988671562193155e+09,1.658400000000000000e+04,5.120000000000000000e+02,-7.840000000000000000e+02,-1.153000000000000000e+03,-6.220000000000000000e+02,-4.200000000000000000e+01
1.679988671563668251e+09,1.658400000000000000e+04,5.120000000000000000e+02,-7.840000000000000000e+02,-1.153000000000000000e+03,-6.220000000000000000e+02,-4.200000000000000000e+01
1.679988671564522743e+09,1.658400000000000000e+04,5.120000000000000000e+02,-7.840000000000000000e+02,-1.153000000000000000e+03,-6.220000000000000000e+02,-4.200000000000000000e+01
1.679988671566097260e+09,1.658400000000000000e+04,5.120000000000000000e+02,-7.840000000000000000e+02,-1.153000000000000000e+03,-6.220000000000000000e+02,-4.200000000000000000e+01
1.679988671566823721e+09,1.658400000000000000e+04,5.120000000000000000e+02,-7.840000000000000000e+02,-1.153000000000000000e+03,-6.220000000000000000e+02,-4.200000000000000000e+01
1.679988671568292856e+09,1.658400000000000000e+04,5.120000000000000000e+02,-7.840000000000000000e+02,-1.153000000000000000e+03,-6.220000000000000000e+02,-4.200000000000000000e+01
1.679988671569087982e+09,1.658400000000000000e+04,5.120000000000000000e+02,-7.840000000000000000e+02,-1.153000000000000000e+03,-6.220000000000000000e+02,-4.200000000000000000e+01
1.679988671570564747e+09,1.658400000000000000e+04,5.120000000000000000e+02,-7.840000000000000000e+02,-1.153000000000000000e+03,-6.220000000000000000e+02,-4.200000000000000000e+01
1.679988671571375608e+09,1.658400000000000000e+04,5.120000000000000000e+02,-7.840000000000000000e+02,-1.153000000000000000e+03,-6.220000000000000000e+02,-4.200000000000000000e+01
1.679988671572869062e+09,1.658400000000000000e+04,5.120000000000000000e+02,-7.840000000000000000e+02,-1.153000000000000000e+03,-6.220000000000000000e+02,-4.200000000000000000e+01
1.679988671573682070e+09,1.658400000000000000e+04,5.120000000000000000e+02,-7.840000000000000000e+02,-1.153000000000000000e+03,-6.220000000000000000e+02,-4.200000000000000000e+01
1.679988671576486588e+09,1.658400000000000000e+04,5.120000000000000000e+02,-7.840000000000000000e+02,-1.153000000000000000e+03,-6.220000000000000000e+02,-4.200000000000000000e+01
1.679988671577067852e+09,1.658400000000000000e+04,5.120000000000000000e+02,-7.840000000000000000e+02,-1.153000000000000000e+03,-6.220000000000000000e+02,-4.200000000000000000e+01
1.679988671578990221e+09,1.658400000000000000e+04,5.120000000000000000e+02,-7.840000000000000000e+02,-1.153000000000000000e+03,-6.220000000000000000e+02,-4.200000000000000000e+01
1.679988671579624414e+09,1.658400000000000000e+04,5.120000000000000000e+02,-7.840000000000000000e+02,-1.153000000000000000e+03,-6.220000000000000000e+02,-4.200000000000000000e+01
1.679988671581525564e+09,1.658400000000000000e+04,5.120000000000000000e+02,-7.840000000000000000e+02,-1.153000000000000000e+03,-6.220000000000000000e+02,-4.200000000000000000e+01
1.679988671583411217e+09,1.658400000000000000e+04,5.120000000000000000e+02,-7.840000000000000000e+02,-1.153000000000000000e+03,-6.220000000000000000e+02,-4.200000000000000000e+01
1.679988671585144281e+09,1.658400000000000000e+04,5.120000000000000000e+02,-7.840000000000000000e+02,-1.153000000000000000e+03,-6.220000000000000000e+02,-4.200000000000000000e+01
1.679988671585842371e+09,1.658400000000000000e+04,5.120000000000000000e+02,-7.840000000000000000e+02,-1.153000000000000000e+03,-6.220000000000000000e+02,-4.200000000000000000e+01
1.679988671587493658e+09,1.658400000000000000e+04,5.120000000000000000e+02,-7.840000000000000000e+02,-1.153000000000000000e+03,-6.220000000000000000e+02,-4.200000000000000000e+01
1.679988671588099003e+09,1.658400000000000000e+04,5.120000000000000000e+02,-7.840000000000000000e+02,-1.153000000000000000e+03,-6.220000000000000000e+02,-4.200000000000000000e+01
1.679988671589788675e+09,1.658400000000000000e+04,5.120000000000000000e+02,-7.840000000000000000e+02,-1.153000000000000000e+03,-6.220000000000000000e+02,-4.200000000000000000e+01
1.679988671590401173e+09,1.658400000000000000e+04,5.120000000000000000e+02,-7.840000000000000000e+02,-1.153000000000000000e+03,-6.220000000000000000e+02,-4.200000000000000000e+01
1.679988671592121363e+09,1.658400000000000000e+04,5.120000000000000000e+02,-7.840000000000000000e+02,-1.153000000000000000e+03,-6.220000000000000000e+02,-4.200000000000000000e+01
1.679988671592712402e+09,1.658400000000000000e+04,5.120000000000000000e+02,-7.840000000000000000e+02,-1.153000000000000000e+03,-6.220000000000000000e+02,-4.200000000000000000e+01
1.679988671594343901e+09,1.658400000000000000e+04,5.120000000000000000e+02,-7.840000000000000000e+02,-1.153000000000000000e+03,-6.220000000000000000e+02,-4.200000000000000000e+01
1.679988671594933510e+09,1.658400000000000000e+04,5.120000000000000000e+02,-7.840000000000000000e+02,-1.153000000000000000e+03,-6.220000000000000000e+02,-4.200000000000000000e+01
1.679988671596651316e+09,1.658400000000000000e+04,5.120000000000000000e+02,-7.840000000000000000e+02,-1.153000000000000000e+03,-6.220000000000000000e+02,-4.200000000000000000e+01
1.679988671597231388e+09,1.658400000000000000e+04,5.120000000000000000e+02,-7.840000000000000000e+02,-1.153000000000000000e+03,-6.220000000000000000e+02,-4.200000000000000000e+01
1.679988671598953009e+09,1.658400000000000000e+04,5.120000000000000000e+02,-7.840000000000000000e+02,-1.153000000000000000e+03,-6.220000000000000000e+02,-4.200000000000000000e+01
1.679988671599536180e+09,1.658400000000000000e+04,5.120000000000000000e+02,-7.840000000000000000e+02,-1.153000000000000000e+03,-6.220000000000000000e+02,-4.200000000000000000e+01
1.679988671601293802e+09,1.658400000000000000e+04,5.120000000000000000e+02,-7.840000000000000000e+02,-1.153000000000000000e+03,-6.220000000000000000e+02,-4.200000000000000000e+01
1.679988671601884127e+09,1.658400000000000000e+04,5.120000000000000000e+02,-7.840000000000000000e+02,-1.153000000000000000e+03,-6.220000000000000000e+02,-4.200000000000000000e+01
1.679988671603554726e+09,1.658400000000000000e+04,5.120000000000000000e+02,-7.840000000000000000e+02,-1.153000000000000000e+03,-6.220000000000000000e+02,-4.200000000000000000e+01
1.679988671604163408e+09,1.658400000000000000e+04,5.120000000000000000e+02,-7.840000000000000000e+02,-1.153000000000000000e+03,-6.220000000000000000e+02,-4.200000000000000000e+01
1.679988671606088877e+09,1.658400000000000000e+04,5.120000000000000000e+02,-7.840000000000000000e+02,-1.153000000000000000e+03,-6.220000000000000000e+02,-4.200000000000000000e+01
1.679988671606865168e+09,1.658400000000000000e+04,5.120000000000000000e+02,-7.840000000000000000e+02,-1.153000000000000000e+03,-6.220000000000000000e+02,-4.200000000000000000e+01
1.679988671608420134e+09,1.658400000000000000e+04,5.120000000000000000e+02,-7.840000000000000000e+02,-1.153000000000000000e+03,-6.220000000000000000e+02,-4.200000000000000000e+01
1.679988671609163761e+09,1.658400000000000000e+04,5.120000000000000000e+02,-7.840000000000000000e+02,-1.153000000000000000e+03,-6.220000000000000000e+02,-4.200000000000000000e+01
1.679988671610742331e+09,1.658400000000000000e+04,5.120000000000000000e+02,-7.840000000000000000e+02,-1.153000000000000000e+03,-6.220000000000000000e+02,-4.200000000000000000e+01
1.679988671611344099e+09,1.658400000000000000e+04,5.120000000000000000e+02,-7.840000000000000000e+02,-1.153000000000000000e+03,-6.220000000000000000e+02,-4.200000000000000000e+01
1.679988671612951279e+09,1.658400000000000000e+04,5.120000000000000000e+02,-7.840000000000000000e+02,-1.153000000000000000e+03,-6.220000000000000000e+02,-4.200000000000000000e+01
1.679988671613541365e+09,1.658400000000000000e+04,5.120000000000000000e+02,-7.840000000000000000e+02,-1.153000000000000000e+03,-6.220000000000000000e+02,-4.200000000000000000e+01
1.679988671615212202e+09,1.658400000000000000e+04,5.120000000000000000e+02,-7.840000000000000000e+02,-1.153000000000000000e+03,-6.220000000000000000e+02,-4.200000000000000000e+01
1.679988671615933657e+09,1.658400000000000000e+04,5.120000000000000000e+02,-7.840000000000000000e+02,-1.153000000000000000e+03,-6.220000000000000000e+02,-4.200000000000000000e+01
1.679988671617589235e+09,1.658400000000000000e+04,5.120000000000000000e+02,-7.840000000000000000e+02,-1.153000000000000000e+03,-6.220000000000000000e+02,-4.200000000000000000e+01
1.679988671618386984e+09,1.658400000000000000e+04,5.120000000000000000e+02,-7.840000000000000000e+02,-1.153000000000000000e+03,-6.220000000000000000e+02,-4.200000000000000000e+01
1.679988671620018005e+09,1.658400000000000000e+04,5.120000000000000000e+02,-7.840000000000000000e+02,-1.153000000000000000e+03,-6.220000000000000000e+02,-4.200000000000000000e+01
1.679988671620626926e+09,1.658400000000000000e+04,5.120000000000000000e+02,-7.840000000000000000e+02,-1.153000000000000000e+03,-6.220000000000000000e+02,-4.200000000000000000e+01
1.679988671622299433e+09,1.658400000000000000e+04,5.120000000000000000e+02,-7.840000000000000000e+02,-1.153000000000000000e+03,-6.220000000000000000e+02,-4.200000000000000000e+01
1.679988671622880697e+09,1.658400000000000000e+04,5.120000000000000000e+02,-7.840000000000000000e+02,-1.153000000000000000e+03,-6.220000000000000000e+02,-4.200000000000000000e+01
1.679988671624559164e+09,1.658400000000000000e+04,5.120000000000000000e+02,-7.840000000000000000e+02,-1.153000000000000000e+03,-6.220000000000000000e+02,-4.200000000000000000e+01
1.679988671625159979e+09,1.658400000000000000e+04,5.120000000000000000e+02,-7.840000000000000000e+02,-1.153000000000000000e+03,-6.220000000000000000e+02,-4.200000000000000000e+01
1.679988671626976013e+09,1.658400000000000000e+04,5.120000000000000000e+02,-7.840000000000000000e+02,-1.153000000000000000e+03,-6.220000000000000000e+02,-4.200000000000000000e+01
1.679988671627584696e+09,1.658400000000000000e+04,5.120000000000000000e+02,-7.840000000000000000e+02,-1.153000000000000000e+03,-6.220000000000000000e+02,-4.200000000000000000e+01
1.679988671629210711e+09,1.658400000000000000e+04,5.120000000000000000e+02,-7.840000000000000000e+02,-1.153000000000000000e+03,-6.220000000000000000e+02,-4.200000000000000000e+01
1.679988671629795790e+09,1.658400000000000000e+04,5.120000000000000000e+02,-7.840000000000000000e+02,-1.153000000000000000e+03,-6.220000000000000000e+02,-4.200000000000000000e+01
1.679988671631492376e+09,1.658400000000000000e+04,5.120000000000000000e+02,-7.840000000000000000e+02,-1.153000000000000000e+03,-6.220000000000000000e+02,-4.200000000000000000e+01
1.679988671632091284e+09,1.658400000000000000e+04,5.120000000000000000e+02,-7.840000000000000000e+02,-1.153000000000000000e+03,-6.220000000000000000e+02,-4.200000000000000000e+01
1.679988671633786917e+09,1.658400000000000000e+04,5.120000000000000000e+02,-7.840000000000000000e+02,-1.153000000000000000e+03,-6.220000000000000000e+02,-4.200000000000000000e+01
1.679988671634395838e+09,1.658400000000000000e+04,5.120000000000000000e+02,-7.840000000000000000e+02,-1.153000000000000000e+03,-6.220000000000000000e+02,-4.200000000000000000e+01
1.679988671636127472e+09,1.658400000000000000e+04,5.120000000000000000e+02,-7.840000000000000000e+02,-1.153000000000000000e+03,-6.220000000000000000e+02,-4.200000000000000000e+01
1.679988671636702538e+09,1.658400000000000000e+04,5.120000000000000000e+02,-7.840000000000000000e+02,-1.153000000000000000e+03,-6.220000000000000000e+02,-4.200000000000000000e+01
1.679988671638413906e+09,1.658400000000000000e+04,5.120000000000000000e+02,-7.840000000000000000e+02,-1.153000000000000000e+03,-6.220000000000000000e+02,-4.200000000000000000e+01
1.679988671639019012e+09,1.658400000000000000e+04,5.120000000000000000e+02,-7.840000000000000000e+02,-1.153000000000000000e+03,-6.220000000000000000e+02,-4.200000000000000000e+01
1.679988671640698910e+09,1.658400000000000000e+04,5.120000000000000000e+02,-7.840000000000000000e+02,-1.153000000000000000e+03,-6.220000000000000000e+02,-4.200000000000000000e+01
1.679988671641294003e+09,1.658400000000000000e+04,5.120000000000000000e+02,-7.840000000000000000e+02,-1.153000000000000000e+03,-6.220000000000000000e+02,-4.200000000000000000e+01
1.679988671642993689e+09,1.658400000000000000e+04,5.120000000000000000e+02,-7.840000000000000000e+02,-1.153000000000000000e+03,-6.220000000000000000e+02,-4.200000000000000000e+01
1.679988671643588305e+09,1.658400000000000000e+04,5.120000000000000000e+02,-7.840000000000000000e+02,-1.153000000000000000e+03,-6.220000000000000000e+02,-4.200000000000000000e+01
1.679988671645292044e+09,1.658400000000000000e+04,5.120000000000000000e+02,-7.840000000000000000e+02,-1.153000000000000000e+03,-6.220000000000000000e+02,-4.200000000000000000e+01
1.679988671645983934e+09,1.658400000000000000e+04,5.120000000000000000e+02,-7.840000000000000000e+02,-1.153000000000000000e+03,-6.220000000000000000e+02,-4.200000000000000000e+01
1.679988671647679806e+09,1.658400000000000000e+04,5.120000000000000000e+02,-7.840000000000000000e+02,-1.153000000000000000e+03,-6.220000000000000000e+02,-4.200000000000000000e+01
1.679988671648285389e+09,1.658400000000000000e+04,5.120000000000000000e+02,-7.840000000000000000e+02,-1.153000000000000000e+03,-6.220000000000000000e+02,-4.200000000000000000e+01
1.679988671649947882e+09,1.658400000000000000e+04,5.120000000000000000e+02,-7.840000000000000000e+02,-1.153000000000000000e+03,-6.220000000000000000e+02,-4.200000000000000000e+01
1.679988671650533676e+09,1.658400000000000000e+04,5.120000000000000000e+02,-7.840000000000000000e+02,-1.153000000000000000e+03,-6.220000000000000000e+02,-4.200000000000000000e+01
1.679988671652230978e+09,1.658400000000000000e+04,5.120000000000000000e+02,-7.840000000000000000e+02,-1.153000000000000000e+03,-6.220000000000000000e+02,-4.200000000000000000e+01
1.679988671653015614e+09,1.658400000000000000e+04,5.120000000000000000e+02,-7.840000000000000000e+02,-1.153000000000000000e+03,-6.220000000000000000e+02,-4.200000000000000000e+01
1.679988671654664040e+09,1.658400000000000000e+04,5.120000000000000000e+02,-7.840000000000000000e+02,-1.153000000000000000e+03,-6.220000000000000000e+02,-4.200000000000000000e+01
1.679988671655255556e+09,1.658400000000000000e+04,5.120000000000000000e+02,-7.840000000000000000e+02,-1.153000000000000000e+03,-6.220000000000000000e+02,-4.200000000000000000e+01
1.679988671656950712e+09,1.658400000000000000e+04,5.120000000000000000e+02,-7.840000000000000000e+02,-1.153000000000000000e+03,-6.220000000000000000e+02,-4.200000000000000000e+01
1.679988671657539606e+09,1.658400000000000000e+04,5.120000000000000000e+02,-7.840000000000000000e+02,-1.153000000000000000e+03,-6.220000000000000000e+02,-4.200000000000000000e+01
1.679988671659224272e+09,1.658400000000000000e+04,5.120000000000000000e+02,-7.840000000000000000e+02,-1.153000000000000000e+03,-6.220000000000000000e+02,-4.200000000000000000e+01
1.679988671659809351e+09,1.658400000000000000e+04,5.120000000000000000e+02,-7.840000000000000000e+02,-1.153000000000000000e+03,-6.220000000000000000e+02,-4.200000000000000000e+01
1.679988671661577940e+09,1.658400000000000000e+04,5.120000000000000000e+02,-7.840000000000000000e+02,-1.153000000000000000e+03,-6.220000000000000000e+02,-4.200000000000000000e+01
1.679988671662185907e+09,1.658400000000000000e+04,5.120000000000000000e+02,-7.840000000000000000e+02,-1.153000000000000000e+03,-6.220000000000000000e+02,-4.200000000000000000e+01
1.679988671663836956e+09,1.658400000000000000e+04,5.120000000000000000e+02,-7.840000000000000000e+02,-1.153000000000000000e+03,-6.220000000000000000e+02,-4.200000000000000000e+01
1.679988671664448261e+09,1.658400000000000000e+04,5.120000000000000000e+02,-7.840000000000000000e+02,-1.153000000000000000e+03,-6.220000000000000000e+02,-4.200000000000000000e+01
1.679988671666226864e+09,1.658400000000000000e+04,5.120000000000000000e+02,-7.840000000000000000e+02,-1.153000000000000000e+03,-6.220000000000000000e+02,-4.200000000000000000e+01
1.679988671666817427e+09,1.658400000000000000e+04,5.120000000000000000e+02,-7.840000000000000000e+02,-1.153000000000000000e+03,-6.220000000000000000e+02,-4.200000000000000000e+01
1.679988671668521404e+09,1.658400000000000000e+04,5.120000000000000000e+02,-7.840000000000000000e+02,-1.153000000000000000e+03,-6.220000000000000000e+02,-4.200000000000000000e+01
1.679988671669107676e+09,1.658400000000000000e+04,5.120000000000000000e+02,-7.840000000000000000e+02,-1.153000000000000000e+03,-6.220000000000000000e+02,-4.200000000000000000e+01
1.679988671670907974e+09,1.658400000000000000e+04,5.120000000000000000e+02,-7.840000000000000000e+02,-1.153000000000000000e+03,-6.220000000000000000e+02,-4.200000000000000000e+01
1.679988671671467066e+09,1.658400000000000000e+04,5.120000000000000000e+02,-7.840000000000000000e+02,-1.153000000000000000e+03,-6.220000000000000000e+02,-4.200000000000000000e+01
1.679988671673146486e+09,1.658400000000000000e+04,5.120000000000000000e+02,-7.840000000000000000e+02,-1.153000000000000000e+03,-6.220000000000000000e+02,-4.200000000000000000e+01
1.679988671673747778e+09,1.658400000000000000e+04,5.120000000000000000e+02,-7.840000000000000000e+02,-1.153000000000000000e+03,-6.220000000000000000e+02,-4.200000000000000000e+01
1.679988671675425529e+09,1.658400000000000000e+04,5.120000000000000000e+02,-7.840000000000000000e+02,-1.153000000000000000e+03,-6.220000000000000000e+02,-4.200000000000000000e+01
1.679988671676081657e+09,1.658400000000000000e+04,5.120000000000000000e+02,-7.840000000000000000e+02,-1.153000000000000000e+03,-6.220000000000000000e+02,-4.200000000000000000e+01
1.679988671677743435e+09,1.658400000000000000e+04,5.120000000000000000e+02,-7.840000000000000000e+02,-1.153000000000000000e+03,-6.220000000000000000e+02,-4.200000000000000000e+01
1.679988671678327560e+09,1.658400000000000000e+04,5.120000000000000000e+02,-7.840000000000000000e+02,-1.153000000000000000e+03,-6.220000000000000000e+02,-4.200000000000000000e+01
1.679988671680037022e+09,1.658400000000000000e+04,5.120000000000000000e+02,-7.840000000000000000e+02,-1.153000000000000000e+03,-6.220000000000000000e+02,-4.200000000000000000e+01
1.679988671680639505e+09,1.658400000000000000e+04,5.120000000000000000e+02,-7.840000000000000000e+02,-1.153000000000000000e+03,-6.220000000000000000e+02,-4.200000000000000000e+01
1.679988671682334423e+09,1.658400000000000000e+04,5.120000000000000000e+02,-7.840000000000000000e+02,-1.153000000000000000e+03,-6.220000000000000000e+02,-4.200000000000000000e+01
1.679988671682928562e+09,1.658400000000000000e+04,5.120000000000000000e+02,-7.840000000000000000e+02,-1.153000000000000000e+03,-6.220000000000000000e+02,-4.200000000000000000e+01
1.679988671684612513e+09,1.658400000000000000e+04,5.120000000000000000e+02,-7.840000000000000000e+02,-1.153000000000000000e+03,-6.220000000000000000e+02,-4.200000000000000000e+01
1.679988671685204506e+09,1.658400000000000000e+04,5.120000000000000000e+02,-7.840000000000000000e+02,-1.153000000000000000e+03,-6.220000000000000000e+02,-4.200000000000000000e+01
1.679988671686961412e+09,1.658400000000000000e+04,5.120000000000000000e+02,-7.840000000000000000e+02,-1.153000000000000000e+03,-6.220000000000000000e+02,-4.200000000000000000e+01
1.679988671687561750e+09,1.658400000000000000e+04,5.120000000000000000e+02,-7.840000000000000000e+02,-1.153000000000000000e+03,-6.220000000000000000e+02,-4.200000000000000000e+01
1.679988671689246893e+09,1.658400000000000000e+04,5.120000000000000000e+02,-7.840000000000000000e+02,-1.153000000000000000e+03,-6.220000000000000000e+02,-4.200000000000000000e+01
1.679988671689848900e+09,1.658400000000000000e+04,5.120000000000000000e+02,-7.840000000000000000e+02,-1.153000000000000000e+03,-6.220000000000000000e+02,-4.200000000000000000e+01
1.679988671691694021e+09,1.658400000000000000e+04,5.120000000000000000e+02,-7.840000000000000000e+02,-1.153000000000000000e+03,-6.220000000000000000e+02,-4.200000000000000000e+01
1.679988671692548513e+09,1.658400000000000000e+04,5.120000000000000000e+02,-7.840000000000000000e+02,-1.153000000000000000e+03,-6.220000000000000000e+02,-4.200000000000000000e+01
1.679988671694109440e+09,1.658400000000000000e+04,5.120000000000000000e+02,-7.840000000000000000e+02,-1.153000000000000000e+03,-6.220000000000000000e+02,-4.200000000000000000e+01
1.679988671694804192e+09,1.658400000000000000e+04,5.120000000000000000e+02,-7.840000000000000000e+02,-1.153000000000000000e+03,-6.220000000000000000e+02,-4.200000000000000000e+01
1.679988671696452618e+09,1.658400000000000000e+04,5.120000000000000000e+02,-7.840000000000000000e+02,-1.153000000000000000e+03,-6.220000000000000000e+02,-4.200000000000000000e+01
1.679988671697191000e+09,1.658400000000000000e+04,5.120000000000000000e+02,-7.840000000000000000e+02,-1.153000000000000000e+03,-6.220000000000000000e+02,-4.200000000000000000e+01
1.679988671698785305e+09,1.658400000000000000e+04,5.120000000000000000e+02,-7.840000000000000000e+02,-1.153000000000000000e+03,-6.220000000000000000e+02,-4.200000000000000000e+01
1.679988671699614286e+09,1.658400000000000000e+04,5.120000000000000000e+02,-7.840000000000000000e+02,-1.153000000000000000e+03,-6.220000000000000000e+02,-4.200000000000000000e+01
1.679988671701184988e+09,1.658400000000000000e+04,5.120000000000000000e+02,-7.840000000000000000e+02,-1.153000000000000000e+03,-6.220000000000000000e+02,-4.200000000000000000e+01
1.679988671701920986e+09,1.658400000000000000e+04,5.120000000000000000e+02,-7.840000000000000000e+02,-1.153000000000000000e+03,-6.220000000000000000e+02,-4.200000000000000000e+01
1.679988671703516245e+09,1.658400000000000000e+04,5.120000000000000000e+02,-7.840000000000000000e+02,-1.153000000000000000e+03,-6.220000000000000000e+02,-4.200000000000000000e+01
1.679988671704245806e+09,1.658400000000000000e+04,5.120000000000000000e+02,-7.840000000000000000e+02,-1.153000000000000000e+03,-6.220000000000000000e+02,-4.200000000000000000e+01
1.679988671705920696e+09,1.658400000000000000e+04,5.120000000000000000e+02,-7.840000000000000000e+02,-1.153000000000000000e+03,-6.220000000000000000e+02,-4.200000000000000000e+01
1.679988671706665039e+09,1.658400000000000000e+04,5.120000000000000000e+02,-7.840000000000000000e+02,-1.153000000000000000e+03,-6.220000000000000000e+02,-4.200000000000000000e+01
1.679988671708207369e+09,1.658400000000000000e+04,5.120000000000000000e+02,-7.840000000000000000e+02,-1.153000000000000000e+03,-6.220000000000000000e+02,-4.200000000000000000e+01
1.679988671708901882e+09,1.658400000000000000e+04,5.120000000000000000e+02,-7.840000000000000000e+02,-1.153000000000000000e+03,-6.220000000000000000e+02,-4.200000000000000000e+01
1.679988671710500956e+09,1.658400000000000000e+04,5.120000000000000000e+02,-7.840000000000000000e+02,-1.153000000000000000e+03,-6.220000000000000000e+02,-4.200000000000000000e+01
1.679988671711283445e+09,1.658400000000000000e+04,5.120000000000000000e+02,-7.840000000000000000e+02,-1.153000000000000000e+03,-6.220000000000000000e+02,-4.200000000000000000e+01
1.679988671712844372e+09,1.658400000000000000e+04,5.120000000000000000e+02,-7.840000000000000000e+02,-1.153000000000000000e+03,-6.220000000000000000e+02,-4.200000000000000000e+01
1.679988671713556290e+09,1.658400000000000000e+04,5.120000000000000000e+02,-7.840000000000000000e+02,-1.153000000000000000e+03,-6.220000000000000000e+02,-4.200000000000000000e+01
1.679988671715138197e+09,1.658400000000000000e+04,5.120000000000000000e+02,-7.840000000000000000e+02,-1.153000000000000000e+03,-6.220000000000000000e+02,-4.200000000000000000e+01
1.679988671715932369e+09,1.658400000000000000e+04,5.120000000000000000e+02,-7.840000000000000000e+02,-1.153000000000000000e+03,-6.220000000000000000e+02,-4.200000000000000000e+01
1.679988671717494965e+09,1.658400000000000000e+04,5.120000000000000000e+02,-7.840000000000000000e+02,-1.153000000000000000e+03,-6.220000000000000000e+02,-4.200000000000000000e+01
1.679988671718232632e+09,1.658400000000000000e+04,5.120000000000000000e+02,-7.840000000000000000e+02,-1.153000000000000000e+03,-6.220000000000000000e+02,-4.200000000000000000e+01
1.679988671719819069e+09,1.658400000000000000e+04,5.120000000000000000e+02,-7.840000000000000000e+02,-1.153000000000000000e+03,-6.220000000000000000e+02,-4.200000000000000000e+01
1.679988671720527887e+09,1.658400000000000000e+04,5.120000000000000000e+02,-7.840000000000000000e+02,-1.153000000000000000e+03,-6.220000000000000000e+02,-4.200000000000000000e+01
1.679988671722104549e+09,1.658400000000000000e+04,5.120000000000000000e+02,-7.840000000000000000e+02,-1.153000000000000000e+03,-6.220000000000000000e+02,-4.200000000000000000e+01
1.679988671722783804e+09,1.658400000000000000e+04,5.120000000000000000e+02,-7.840000000000000000e+02,-1.153000000000000000e+03,-6.220000000000000000e+02,-4.200000000000000000e+01
1.679988671724375486e+09,1.658400000000000000e+04,5.120000000000000000e+02,-7.840000000000000000e+02,-1.153000000000000000e+03,-6.220000000000000000e+02,-4.200000000000000000e+01
1.679988671725104094e+09,1.658400000000000000e+04,5.120000000000000000e+02,-7.840000000000000000e+02,-1.153000000000000000e+03,-6.220000000000000000e+02,-4.200000000000000000e+01
1.679988671726768494e+09,1.658400000000000000e+04,5.120000000000000000e+02,-7.840000000000000000e+02,-1.153000000000000000e+03,-6.220000000000000000e+02,-4.200000000000000000e+01
1.679988671727499485e+09,1.658400000000000000e+04,5.120000000000000000e+02,-7.840000000000000000e+02,-1.153000000000000000e+03,-6.220000000000000000e+02,-4.200000000000000000e+01
1.679988671729124784e+09,1.658400000000000000e+04,5.120000000000000000e+02,-7.840000000000000000e+02,-1.153000000000000000e+03,-6.220000000000000000e+02,-4.200000000000000000e+01
1.679988671730346441e+09,1.658400000000000000e+04,5.120000000000000000e+02,-7.840000000000000000e+02,-1.153000000000000000e+03,-6.220000000000000000e+02,-4.200000000000000000e+01
1.679988671731933594e+09,1.658400000000000000e+04,5.120000000000000000e+02,-7.840000000000000000e+02,-1.153000000000000000e+03,-6.220000000000000000e+02,-4.200000000000000000e+01
1.679988671732657909e+09,1.658400000000000000e+04,5.120000000000000000e+02,-7.840000000000000000e+02,-1.153000000000000000e+03,-6.220000000000000000e+02,-4.200000000000000000e+01
1.679988671734175682e+09,1.658400000000000000e+04,5.120000000000000000e+02,-7.840000000000000000e+02,-1.153000000000000000e+03,-6.220000000000000000e+02,-4.200000000000000000e+01
1.679988671734911442e+09,1.658400000000000000e+04,5.120000000000000000e+02,-7.840000000000000000e+02,-1.153000000000000000e+03,-6.220000000000000000e+02,-4.200000000000000000e+01
1.679988671736463547e+09,1.658400000000000000e+04,5.120000000000000000e+02,-7.840000000000000000e+02,-1.153000000000000000e+03,-6.220000000000000000e+02,-4.200000000000000000e+01
1.679988671737256765e+09,1.658400000000000000e+04,5.120000000000000000e+02,-7.840000000000000000e+02,-1.153000000000000000e+03,-6.220000000000000000e+02,-4.200000000000000000e+01
1.679988671738839865e+09,1.658400000000000000e+04,5.120000000000000000e+02,-7.840000000000000000e+02,-1.153000000000000000e+03,-6.220000000000000000e+02,-4.200000000000000000e+01
1.679988671739570141e+09,1.658400000000000000e+04,5.120000000000000000e+02,-7.840000000000000000e+02,-1.153000000000000000e+03,-6.220000000000000000e+02,-4.200000000000000000e+01
1.679988671741114378e+09,1.658400000000000000e+04,5.120000000000000000e+02,-7.840000000000000000e+02,-1.153000000000000000e+03,-6.220000000000000000e+02,-4.200000000000000000e+01
1.679988671741846561e+09,1.658400000000000000e+04,5.120000000000000000e+02,-7.840000000000000000e+02,-1.153000000000000000e+03,-6.220000000000000000e+02,-4.200000000000000000e+01
1.679988671743398666e+09,1.658400000000000000e+04,5.120000000000000000e+02,-7.840000000000000000e+02,-1.153000000000000000e+03,-6.220000000000000000e+02,-4.200000000000000000e+01
1.679988671744118690e+09,1.658400000000000000e+04,5.120000000000000000e+02,-7.840000000000000000e+02,-1.153000000000000000e+03,-6.220000000000000000e+02,-4.200000000000000000e+01
1.679988671745798588e+09,1.658400000000000000e+04,5.120000000000000000e+02,-7.840000000000000000e+02,-1.153000000000000000e+03,-6.220000000000000000e+02,-4.200000000000000000e+01
1.679988671746491432e+09,1.658400000000000000e+04,5.120000000000000000e+02,-7.840000000000000000e+02,-1.153000000000000000e+03,-6.220000000000000000e+02,-4.200000000000000000e+01
1.679988671748019695e+09,1.658400000000000000e+04,5.120000000000000000e+02,-7.840000000000000000e+02,-1.153000000000000000e+03,-6.220000000000000000e+02,-4.200000000000000000e+01
1.679988671748767853e+09,1.658400000000000000e+04,5.120000000000000000e+02,-7.840000000000000000e+02,-1.153000000000000000e+03,-6.220000000000000000e+02,-4.200000000000000000e+01
1.679988671750248671e+09,1.658400000000000000e+04,5.120000000000000000e+02,-7.840000000000000000e+02,-1.153000000000000000e+03,-6.220000000000000000e+02,-4.200000000000000000e+01
1.679988671751091480e+09,1.658400000000000000e+04,5.120000000000000000e+02,-7.840000000000000000e+02,-1.153000000000000000e+03,-6.220000000000000000e+02,-4.200000000000000000e+01
1.679988671752622366e+09,1.658400000000000000e+04,5.120000000000000000e+02,-7.840000000000000000e+02,-1.153000000000000000e+03,-6.220000000000000000e+02,-4.200000000000000000e+01
1.679988671753368139e+09,1.658400000000000000e+04,5.120000000000000000e+02,-7.840000000000000000e+02,-1.153000000000000000e+03,-6.220000000000000000e+02,-4.200000000000000000e+01
1.679988671754909039e+09,1.658400000000000000e+04,5.120000000000000000e+02,-7.840000000000000000e+02,-1.153000000000000000e+03,-6.220000000000000000e+02,-4.200000000000000000e+01
1.679988671755720854e+09,1.658400000000000000e+04,5.120000000000000000e+02,-7.840000000000000000e+02,-1.153000000000000000e+03,-6.220000000000000000e+02,-4.200000000000000000e+01
1.679988671757235527e+09,1.658400000000000000e+04,5.120000000000000000e+02,-7.840000000000000000e+02,-1.153000000000000000e+03,-6.220000000000000000e+02,-4.200000000000000000e+01
1.679988671758003235e+09,1.658400000000000000e+04,5.120000000000000000e+02,-7.840000000000000000e+02,-1.153000000000000000e+03,-6.220000000000000000e+02,-4.200000000000000000e+01
1.679988671759545088e+09,1.658400000000000000e+04,5.120000000000000000e+02,-7.840000000000000000e+02,-1.153000000000000000e+03,-6.220000000000000000e+02,-4.200000000000000000e+01
1.679988671760269880e+09,1.658400000000000000e+04,5.120000000000000000e+02,-7.840000000000000000e+02,-1.153000000000000000e+03,-6.220000000000000000e+02,-4.200000000000000000e+01
1.679988671761792183e+09,1.658400000000000000e+04,5.120000000000000000e+02,-7.840000000000000000e+02,-1.153000000000000000e+03,-6.220000000000000000e+02,-4.200000000000000000e+01
1.679988671762554884e+09,1.658400000000000000e+04,5.120000000000000000e+02,-7.840000000000000000e+02,-1.153000000000000000e+03,-6.220000000000000000e+02,-4.200000000000000000e+01
1.679988671764089346e+09,1.658400000000000000e+04,5.120000000000000000e+02,-7.840000000000000000e+02,-1.153000000000000000e+03,-6.220000000000000000e+02,-4.200000000000000000e+01
1.679988671764864683e+09,1.658400000000000000e+04,5.120000000000000000e+02,-7.840000000000000000e+02,-1.153000000000000000e+03,-6.220000000000000000e+02,-4.200000000000000000e+01
1.679988671766509056e+09,1.658400000000000000e+04,5.120000000000000000e+02,-7.840000000000000000e+02,-1.153000000000000000e+03,-6.220000000000000000e+02,-4.200000000000000000e+01
1.679988671767200470e+09,1.658400000000000000e+04,5.120000000000000000e+02,-7.840000000000000000e+02,-1.153000000000000000e+03,-6.220000000000000000e+02,-4.200000000000000000e+01
1.679988671768748999e+09,1.658400000000000000e+04,5.120000000000000000e+02,-7.840000000000000000e+02,-1.153000000000000000e+03,-6.220000000000000000e+02,-4.200000000000000000e+01
1.679988671769543409e+09,1.658400000000000000e+04,5.120000000000000000e+02,-7.840000000000000000e+02,-1.153000000000000000e+03,-6.220000000000000000e+02,-4.200000000000000000e+01
1.679988671771070242e+09,1.658400000000000000e+04,5.120000000000000000e+02,-7.840000000000000000e+02,-1.153000000000000000e+03,-6.220000000000000000e+02,-4.200000000000000000e+01
1.679988671771814108e+09,1.658400000000000000e+04,5.120000000000000000e+02,-7.840000000000000000e+02,-1.153000000000000000e+03,-6.220000000000000000e+02,-4.200000000000000000e+01
1.679988671773365498e+09,1.658400000000000000e+04,5.120000000000000000e+02,-7.840000000000000000e+02,-1.153000000000000000e+03,-6.220000000000000000e+02,-4.200000000000000000e+01
1.679988671774274349e+09,1.658400000000000000e+04,5.120000000000000000e+02,-7.840000000000000000e+02,-1.153000000000000000e+03,-6.220000000000000000e+02,-4.200000000000000000e+01
1.679988671776162863e+09,1.658400000000000000e+04,5.120000000000000000e+02,-7.840000000000000000e+02,-1.153000000000000000e+03,-6.220000000000000000e+02,-4.200000000000000000e+01
1.679988671776668072e+09,1.658400000000000000e+04,5.120000000000000000e+02,-7.840000000000000000e+02,-1.153000000000000000e+03,-6.220000000000000000e+02,-4.200000000000000000e+01
1.679988671778448582e+09,1.658400000000000000e+04,5.120000000000000000e+02,-7.840000000000000000e+02,-1.153000000000000000e+03,-6.220000000000000000e+02,-4.200000000000000000e+01
1.679988671778972864e+09,1.658400000000000000e+04,5.120000000000000000e+02,-7.840000000000000000e+02,-1.153000000000000000e+03,-6.220000000000000000e+02,-4.200000000000000000e+01
1.679988671780714989e+09,1.658400000000000000e+04,5.120000000000000000e+02,-7.840000000000000000e+02,-1.153000000000000000e+03,-6.220000000000000000e+02,-4.200000000000000000e+01
1.679988671781244516e+09,1.658400000000000000e+04,5.120000000000000000e+02,-7.840000000000000000e+02,-1.153000000000000000e+03,-6.220000000000000000e+02,-4.200000000000000000e+01
1.679988671783071041e+09,1.658400000000000000e+04,5.120000000000000000e+02,-7.840000000000000000e+02,-1.153000000000000000e+03,-6.220000000000000000e+02,-4.200000000000000000e+01
1.679988671783593655e+09,1.658400000000000000e+04,5.120000000000000000e+02,-7.840000000000000000e+02,-1.153000000000000000e+03,-6.220000000000000000e+02,-4.200000000000000000e+01
1.679988671785422802e+09,1.658400000000000000e+04,5.120000000000000000e+02,-7.840000000000000000e+02,-1.153000000000000000e+03,-6.220000000000000000e+02,-4.200000000000000000e+01
1.679988671785994530e+09,1.658400000000000000e+04,5.120000000000000000e+02,-7.840000000000000000e+02,-1.153000000000000000e+03,-6.220000000000000000e+02,-4.200000000000000000e+01
1.679988671787756681e+09,1.658400000000000000e+04,5.120000000000000000e+02,-7.840000000000000000e+02,-1.153000000000000000e+03,-6.220000000000000000e+02,-4.200000000000000000e+01
1.679988671788283587e+09,1.658400000000000000e+04,5.120000000000000000e+02,-7.840000000000000000e+02,-1.153000000000000000e+03,-6.220000000000000000e+02,-4.200000000000000000e+01
1.679988671790001631e+09,1.658400000000000000e+04,5.120000000000000000e+02,-7.840000000000000000e+02,-1.153000000000000000e+03,-6.220000000000000000e+02,-4.200000000000000000e+01
1.679988671790494919e+09,1.658400000000000000e+04,5.120000000000000000e+02,-7.840000000000000000e+02,-1.153000000000000000e+03,-6.220000000000000000e+02,-4.200000000000000000e+01
1.679988671792205811e+09,1.658400000000000000e+04,5.120000000000000000e+02,-7.840000000000000000e+02,-1.153000000000000000e+03,-6.220000000000000000e+02,-4.200000000000000000e+01
1.679988671792890787e+09,1.658400000000000000e+04,5.120000000000000000e+02,-7.840000000000000000e+02,-1.153000000000000000e+03,-6.220000000000000000e+02,-4.200000000000000000e+01
1.679988671794393301e+09,1.658400000000000000e+04,5.120000000000000000e+02,-7.840000000000000000e+02,-1.153000000000000000e+03,-6.220000000000000000e+02,-4.200000000000000000e+01
1.679988671795236826e+09,1.658400000000000000e+04,5.120000000000000000e+02,-7.840000000000000000e+02,-1.153000000000000000e+03,-6.220000000000000000e+02,-4.200000000000000000e+01
1.679988671796886444e+09,1.658400000000000000e+04,5.120000000000000000e+02,-7.840000000000000000e+02,-1.153000000000000000e+03,-6.220000000000000000e+02,-4.200000000000000000e+01
1.679988671797587633e+09,1.658400000000000000e+04,5.120000000000000000e+02,-7.840000000000000000e+02,-1.153000000000000000e+03,-6.220000000000000000e+02,-4.200000000000000000e+01
1.679988671799144745e+09,1.658400000000000000e+04,5.120000000000000000e+02,-7.840000000000000000e+02,-1.153000000000000000e+03,-6.220000000000000000e+02,-4.200000000000000000e+01
1.679988671799876451e+09,1.658400000000000000e+04,5.120000000000000000e+02,-7.840000000000000000e+02,-1.153000000000000000e+03,-6.220000000000000000e+02,-4.200000000000000000e+01
1.679988671801379442e+09,1.658400000000000000e+04,5.120000000000000000e+02,-7.840000000000000000e+02,-1.153000000000000000e+03,-6.220000000000000000e+02,-4.200000000000000000e+01
1.679988671802258015e+09,1.658400000000000000e+04,5.120000000000000000e+02,-7.840000000000000000e+02,-1.153000000000000000e+03,-6.220000000000000000e+02,-4.200000000000000000e+01
1.679988671803765297e+09,1.658400000000000000e+04,5.120000000000000000e+02,-7.840000000000000000e+02,-1.153000000000000000e+03,-6.220000000000000000e+02,-4.200000000000000000e+01
1.679988671804597855e+09,1.658400000000000000e+04,5.120000000000000000e+02,-7.840000000000000000e+02,-1.153000000000000000e+03,-6.220000000000000000e+02,-4.200000000000000000e+01
1.679988671806167364e+09,1.658400000000000000e+04,5.120000000000000000e+02,-7.840000000000000000e+02,-1.153000000000000000e+03,-6.220000000000000000e+02,-4.200000000000000000e+01
1.679988671807005644e+09,1.658400000000000000e+04,5.120000000000000000e+02,-7.840000000000000000e+02,-1.153000000000000000e+03,-6.220000000000000000e+02,-4.200000000000000000e+01
1.679988671808510542e+09,1.658400000000000000e+04,5.120000000000000000e+02,-7.840000000000000000e+02,-1.153000000000000000e+03,-6.220000000000000000e+02,-4.200000000000000000e+01
1.679988671809371233e+09,1.658400000000000000e+04,5.120000000000000000e+02,-7.840000000000000000e+02,-1.153000000000000000e+03,-6.220000000000000000e+02,-4.200000000000000000e+01
1.679988671810936928e+09,1.658400000000000000e+04,5.120000000000000000e+02,-7.840000000000000000e+02,-1.153000000000000000e+03,-6.220000000000000000e+02,-4.200000000000000000e+01
1.679988671811857462e+09,1.658400000000000000e+04,5.120000000000000000e+02,-7.840000000000000000e+02,-1.153000000000000000e+03,-6.220000000000000000e+02,-4.200000000000000000e+01
1.679988671813697815e+09,1.658400000000000000e+04,5.120000000000000000e+02,-7.840000000000000000e+02,-1.153000000000000000e+03,-6.220000000000000000e+02,-4.200000000000000000e+01
1.679988671814211607e+09,1.658400000000000000e+04,5.120000000000000000e+02,-7.840000000000000000e+02,-1.153000000000000000e+03,-6.220000000000000000e+02,-4.200000000000000000e+01
1.679988671816091537e+09,1.658400000000000000e+04,5.120000000000000000e+02,-7.840000000000000000e+02,-1.153000000000000000e+03,-6.220000000000000000e+02,-4.200000000000000000e+01
1.679988671816601753e+09,1.658400000000000000e+04,5.120000000000000000e+02,-7.840000000000000000e+02,-1.153000000000000000e+03,-6.220000000000000000e+02,-4.200000000000000000e+01
1.679988671818328142e+09,1.658400000000000000e+04,5.120000000000000000e+02,-7.840000000000000000e+02,-1.153000000000000000e+03,-6.220000000000000000e+02,-4.200000000000000000e+01
1.679988671818821192e+09,1.658400000000000000e+04,5.120000000000000000e+02,-7.840000000000000000e+02,-1.153000000000000000e+03,-6.220000000000000000e+02,-4.200000000000000000e+01
1.679988671820541382e+09,1.658400000000000000e+04,5.120000000000000000e+02,-7.840000000000000000e+02,-1.153000000000000000e+03,-6.220000000000000000e+02,-4.200000000000000000e+01
1.679988671821223259e+09,1.658400000000000000e+04,5.120000000000000000e+02,-7.840000000000000000e+02,-1.153000000000000000e+03,-6.220000000000000000e+02,-4.200000000000000000e+01
1.679988671822732449e+09,1.658400000000000000e+04,5.120000000000000000e+02,-7.840000000000000000e+02,-1.153000000000000000e+03,-6.220000000000000000e+02,-4.200000000000000000e+01
1.679988671823531866e+09,1.658400000000000000e+04,5.120000000000000000e+02,-7.840000000000000000e+02,-1.153000000000000000e+03,-6.220000000000000000e+02,-4.200000000000000000e+01
1.679988671825086117e+09,1.658400000000000000e+04,5.120000000000000000e+02,-7.840000000000000000e+02,-1.153000000000000000e+03,-6.220000000000000000e+02,-4.200000000000000000e+01
1.679988671825927496e+09,1.658400000000000000e+04,5.120000000000000000e+02,-7.840000000000000000e+02,-1.153000000000000000e+03,-6.220000000000000000e+02,-4.200000000000000000e+01
1.679988671827455521e+09,1.658400000000000000e+04,5.120000000000000000e+02,-7.840000000000000000e+02,-1.153000000000000000e+03,-6.220000000000000000e+02,-4.200000000000000000e+01
1.679988671828229427e+09,1.658400000000000000e+04,5.120000000000000000e+02,-7.840000000000000000e+02,-1.153000000000000000e+03,-6.220000000000000000e+02,-4.200000000000000000e+01
1.679988671829747438e+09,1.658400000000000000e+04,5.120000000000000000e+02,-7.840000000000000000e+02,-1.153000000000000000e+03,-6.220000000000000000e+02,-4.200000000000000000e+01
1.679988671830587626e+09,1.658400000000000000e+04,5.120000000000000000e+02,-7.840000000000000000e+02,-1.153000000000000000e+03,-6.220000000000000000e+02,-4.200000000000000000e+01
1.679988671832096338e+09,1.658400000000000000e+04,5.120000000000000000e+02,-7.840000000000000000e+02,-1.153000000000000000e+03,-6.220000000000000000e+02,-4.200000000000000000e+01
1.679988671832930326e+09,1.658400000000000000e+04,5.120000000000000000e+02,-7.840000000000000000e+02,-1.153000000000000000e+03,-6.220000000000000000e+02,-4.200000000000000000e+01
1.679988671834461212e+09,1.658400000000000000e+04,5.120000000000000000e+02,-7.840000000000000000e+02,-1.153000000000000000e+03,-6.220000000000000000e+02,-4.200000000000000000e+01
1.679988671835253239e+09,1.658400000000000000e+04,5.120000000000000000e+02,-7.840000000000000000e+02,-1.153000000000000000e+03,-6.220000000000000000e+02,-4.200000000000000000e+01
1.679988671836863279e+09,1.658400000000000000e+04,5.120000000000000000e+02,-7.840000000000000000e+02,-1.153000000000000000e+03,-6.220000000000000000e+02,-4.200000000000000000e+01
1.679988671837627649e+09,1.658400000000000000e+04,5.120000000000000000e+02,-7.840000000000000000e+02,-1.153000000000000000e+03,-6.220000000000000000e+02,-4.200000000000000000e+01
1.679988671839202881e+09,1.658400000000000000e+04,5.120000000000000000e+02,-7.840000000000000000e+02,-1.153000000000000000e+03,-6.220000000000000000e+02,-4.200000000000000000e+01
1.679988671839943886e+09,1.658400000000000000e+04,5.120000000000000000e+02,-7.840000000000000000e+02,-1.153000000000000000e+03,-6.220000000000000000e+02,-4.200000000000000000e+01
1.679988671841443539e+09,1.658400000000000000e+04,5.120000000000000000e+02,-7.840000000000000000e+02,-1.153000000000000000e+03,-6.220000000000000000e+02,-4.200000000000000000e+01
1.679988671842307806e+09,1.658400000000000000e+04,5.120000000000000000e+02,-7.840000000000000000e+02,-1.153000000000000000e+03,-6.220000000000000000e+02,-4.200000000000000000e+01
1.679988671843820572e+09,1.658400000000000000e+04,5.120000000000000000e+02,-7.840000000000000000e+02,-1.153000000000000000e+03,-6.220000000000000000e+02,-4.200000000000000000e+01
1.679988671844706059e+09,1.658400000000000000e+04,5.120000000000000000e+02,-7.840000000000000000e+02,-1.153000000000000000e+03,-6.220000000000000000e+02,-4.200000000000000000e+01
1.679988671846359253e+09,1.658400000000000000e+04,5.120000000000000000e+02,-7.840000000000000000e+02,-1.153000000000000000e+03,-6.220000000000000000e+02,-4.200000000000000000e+01
1.679988671847072363e+09,1.658400000000000000e+04,5.120000000000000000e+02,-7.840000000000000000e+02,-1.153000000000000000e+03,-6.220000000000000000e+02,-4.200000000000000000e+01
1.679988671848600388e+09,1.658400000000000000e+04,5.120000000000000000e+02,-7.840000000000000000e+02,-1.153000000000000000e+03,-6.220000000000000000e+02,-4.200000000000000000e+01
1.679988671849405289e+09,1.658400000000000000e+04,5.120000000000000000e+02,-7.840000000000000000e+02,-1.153000000000000000e+03,-6.220000000000000000e+02,-4.200000000000000000e+01
1.679988671850921392e+09,1.658400000000000000e+04,5.120000000000000000e+02,-7.840000000000000000e+02,-1.153000000000000000e+03,-6.220000000000000000e+02,-4.200000000000000000e+01
1.679988671851791382e+09,1.658400000000000000e+04,5.120000000000000000e+02,-7.840000000000000000e+02,-1.153000000000000000e+03,-6.220000000000000000e+02,-4.200000000000000000e+01
1.679988671853320599e+09,1.658400000000000000e+04,5.120000000000000000e+02,-7.840000000000000000e+02,-1.153000000000000000e+03,-6.220000000000000000e+02,-4.200000000000000000e+01
1.679988671854061365e+09,1.658400000000000000e+04,5.120000000000000000e+02,-7.840000000000000000e+02,-1.153000000000000000e+03,-6.220000000000000000e+02,-4.200000000000000000e+01
1.679988671855626822e+09,1.658400000000000000e+04,5.120000000000000000e+02,-7.840000000000000000e+02,-1.153000000000000000e+03,-6.220000000000000000e+02,-4.200000000000000000e+01
1.679988671856456280e+09,1.658400000000000000e+04,5.120000000000000000e+02,-7.840000000000000000e+02,-1.153000000000000000e+03,-6.220000000000000000e+02,-4.200000000000000000e+01
1.679988671857955694e+09,1.658400000000000000e+04,5.120000000000000000e+02,-7.840000000000000000e+02,-1.153000000000000000e+03,-6.220000000000000000e+02,-4.200000000000000000e+01
1.679988671858818531e+09,1.658400000000000000e+04,5.120000000000000000e+02,-7.840000000000000000e+02,-1.153000000000000000e+03,-6.220000000000000000e+02,-4.200000000000000000e+01
1.679988671860361576e+09,1.658400000000000000e+04,5.120000000000000000e+02,-7.840000000000000000e+02,-1.153000000000000000e+03,-6.220000000000000000e+02,-4.200000000000000000e+01
1.679988671861093283e+09,1.658400000000000000e+04,5.120000000000000000e+02,-7.840000000000000000e+02,-1.153000000000000000e+03,-6.220000000000000000e+02,-4.200000000000000000e+01
1.679988671862626553e+09,1.658400000000000000e+04,5.120000000000000000e+02,-7.840000000000000000e+02,-1.153000000000000000e+03,-6.220000000000000000e+02,-4.200000000000000000e+01
1.679988671863431931e+09,1.658400000000000000e+04,5.120000000000000000e+02,-7.840000000000000000e+02,-1.153000000000000000e+03,-6.220000000000000000e+02,-4.200000000000000000e+01
1.679988671864928484e+09,1.658400000000000000e+04,5.120000000000000000e+02,-7.840000000000000000e+02,-1.153000000000000000e+03,-6.220000000000000000e+02,-4.200000000000000000e+01
1.679988671865851641e+09,1.658400000000000000e+04,5.120000000000000000e+02,-7.840000000000000000e+02,-1.153000000000000000e+03,-6.220000000000000000e+02,-4.200000000000000000e+01
1.679988671867426872e+09,1.658400000000000000e+04,5.120000000000000000e+02,-7.840000000000000000e+02,-1.153000000000000000e+03,-6.220000000000000000e+02,-4.200000000000000000e+01
1.679988671868199348e+09,1.658400000000000000e+04,5.120000000000000000e+02,-7.840000000000000000e+02,-1.153000000000000000e+03,-6.220000000000000000e+02,-4.200000000000000000e+01
1.679988671869750738e+09,1.658400000000000000e+04,5.120000000000000000e+02,-7.840000000000000000e+02,-1.153000000000000000e+03,-6.220000000000000000e+02,-4.200000000000000000e+01
1.679988671870594501e+09,1.658400000000000000e+04,5.120000000000000000e+02,-7.840000000000000000e+02,-1.153000000000000000e+03,-6.220000000000000000e+02,-4.200000000000000000e+01
1.679988671872110844e+09,1.658400000000000000e+04,5.120000000000000000e+02,-7.840000000000000000e+02,-1.153000000000000000e+03,-6.220000000000000000e+02,-4.200000000000000000e+01
1.679988671872928619e+09,1.658400000000000000e+04,5.120000000000000000e+02,-7.840000000000000000e+02,-1.153000000000000000e+03,-6.220000000000000000e+02,-4.200000000000000000e+01
1.679988671874446392e+09,1.658400000000000000e+04,5.120000000000000000e+02,-7.840000000000000000e+02,-1.153000000000000000e+03,-6.220000000000000000e+02,-4.200000000000000000e+01
1.679988671875293016e+09,1.658400000000000000e+04,5.120000000000000000e+02,-7.840000000000000000e+02,-1.153000000000000000e+03,-6.220000000000000000e+02,-4.200000000000000000e+01
1.679988671876878023e+09,1.658400000000000000e+04,5.120000000000000000e+02,-7.840000000000000000e+02,-1.153000000000000000e+03,-6.220000000000000000e+02,-4.200000000000000000e+01
1.679988671877686024e+09,1.658400000000000000e+04,5.120000000000000000e+02,-7.840000000000000000e+02,-1.153000000000000000e+03,-6.220000000000000000e+02,-4.200000000000000000e+01
1.679988671879223347e+09,1.658400000000000000e+04,5.120000000000000000e+02,-7.840000000000000000e+02,-1.153000000000000000e+03,-6.220000000000000000e+02,-4.200000000000000000e+01
1.679988671880064964e+09,1.658400000000000000e+04,5.120000000000000000e+02,-7.840000000000000000e+02,-1.153000000000000000e+03,-6.220000000000000000e+02,-4.200000000000000000e+01
1.679988671881619215e+09,1.658400000000000000e+04,5.120000000000000000e+02,-7.840000000000000000e+02,-1.153000000000000000e+03,-6.220000000000000000e+02,-4.200000000000000000e+01
1.679988671882379293e+09,1.658400000000000000e+04,5.120000000000000000e+02,-7.840000000000000000e+02,-1.153000000000000000e+03,-6.220000000000000000e+02,-4.200000000000000000e+01
1.679988671883890152e+09,1.658400000000000000e+04,5.120000000000000000e+02,-7.840000000000000000e+02,-1.153000000000000000e+03,-6.220000000000000000e+02,-4.200000000000000000e+01
1.679988671884760380e+09,1.658400000000000000e+04,5.120000000000000000e+02,-7.840000000000000000e+02,-1.153000000000000000e+03,-6.220000000000000000e+02,-4.200000000000000000e+01
1.679988671886406660e+09,1.658400000000000000e+04,5.120000000000000000e+02,-7.840000000000000000e+02,-1.153000000000000000e+03,-6.220000000000000000e+02,-4.200000000000000000e+01
1.679988671887138367e+09,1.658400000000000000e+04,5.120000000000000000e+02,-7.840000000000000000e+02,-1.153000000000000000e+03,-6.220000000000000000e+02,-4.200000000000000000e+01
1.679988671888660669e+09,1.658400000000000000e+04,5.120000000000000000e+02,-7.840000000000000000e+02,-1.153000000000000000e+03,-6.220000000000000000e+02,-4.200000000000000000e+01
1.679988671889444113e+09,1.658400000000000000e+04,5.120000000000000000e+02,-7.840000000000000000e+02,-1.153000000000000000e+03,-6.220000000000000000e+02,-4.200000000000000000e+01
1.679988671890991449e+09,1.658400000000000000e+04,5.120000000000000000e+02,-7.840000000000000000e+02,-1.153000000000000000e+03,-6.220000000000000000e+02,-4.200000000000000000e+01
1.679988671891771317e+09,1.658400000000000000e+04,5.120000000000000000e+02,-7.840000000000000000e+02,-1.153000000000000000e+03,-6.220000000000000000e+02,-4.200000000000000000e+01
1.679988671893332481e+09,1.658400000000000000e+04,5.120000000000000000e+02,-7.840000000000000000e+02,-1.153000000000000000e+03,-6.220000000000000000e+02,-4.200000000000000000e+01
1.679988671894092560e+09,1.658400000000000000e+04,5.120000000000000000e+02,-7.840000000000000000e+02,-1.153000000000000000e+03,-6.220000000000000000e+02,-4.200000000000000000e+01
1.679988671895828485e+09,1.658400000000000000e+04,5.120000000000000000e+02,-7.840000000000000000e+02,-1.153000000000000000e+03,-6.220000000000000000e+02,-4.200000000000000000e+01
1.679988671896516085e+09,1.658400000000000000e+04,5.120000000000000000e+02,-7.840000000000000000e+02,-1.153000000000000000e+03,-6.220000000000000000e+02,-4.200000000000000000e+01
1.679988671898044348e+09,1.658400000000000000e+04,5.120000000000000000e+02,-7.840000000000000000e+02,-1.153000000000000000e+03,-6.220000000000000000e+02,-4.200000000000000000e+01
1.679988671898823261e+09,1.658400000000000000e+04,5.120000000000000000e+02,-7.840000000000000000e+02,-1.153000000000000000e+03,-6.220000000000000000e+02,-4.200000000000000000e+01
1.679988671900370359e+09,1.658400000000000000e+04,5.120000000000000000e+02,-7.840000000000000000e+02,-1.153000000000000000e+03,-6.220000000000000000e+02,-4.200000000000000000e+01
1.679988671901173830e+09,1.658400000000000000e+04,5.120000000000000000e+02,-7.840000000000000000e+02,-1.153000000000000000e+03,-6.220000000000000000e+02,-4.200000000000000000e+01
1.679988671902746677e+09,1.658400000000000000e+04,5.120000000000000000e+02,-7.840000000000000000e+02,-1.153000000000000000e+03,-6.220000000000000000e+02,-4.200000000000000000e+01
1.679988671903591633e+09,1.658400000000000000e+04,5.120000000000000000e+02,-7.840000000000000000e+02,-1.153000000000000000e+03,-6.220000000000000000e+02,-4.200000000000000000e+01
1.679988671905149937e+09,1.658400000000000000e+04,5.120000000000000000e+02,-7.840000000000000000e+02,-1.153000000000000000e+03,-6.220000000000000000e+02,-4.200000000000000000e+01
1.679988671907167196e+09,1.658400000000000000e+04,5.120000000000000000e+02,-7.840000000000000000e+02,-1.153000000000000000e+03,-6.220000000000000000e+02,-4.200000000000000000e+01
1.679988671908894539e+09,1.658400000000000000e+04,5.120000000000000000e+02,-7.840000000000000000e+02,-1.153000000000000000e+03,-6.220000000000000000e+02,-4.200000000000000000e+01
1.679988671909530640e+09,1.658400000000000000e+04,5.120000000000000000e+02,-7.840000000000000000e+02,-1.153000000000000000e+03,-6.220000000000000000e+02,-4.200000000000000000e+01
1.679988671911221027e+09,1.658400000000000000e+04,5.120000000000000000e+02,-7.840000000000000000e+02,-1.153000000000000000e+03,-6.220000000000000000e+02,-4.200000000000000000e+01
1.679988671911824703e+09,1.658400000000000000e+04,5.120000000000000000e+02,-7.840000000000000000e+02,-1.153000000000000000e+03,-6.220000000000000000e+02,-4.200000000000000000e+01
1.679988671913556576e+09,1.658400000000000000e+04,5.120000000000000000e+02,-7.840000000000000000e+02,-1.153000000000000000e+03,-6.220000000000000000e+02,-4.200000000000000000e+01
1.679988671914162159e+09,1.658400000000000000e+04,5.120000000000000000e+02,-7.840000000000000000e+02,-1.153000000000000000e+03,-6.220000000000000000e+02,-4.200000000000000000e+01
1.679988671916021824e+09,1.658400000000000000e+04,5.120000000000000000e+02,-7.840000000000000000e+02,-1.153000000000000000e+03,-6.220000000000000000e+02,-4.200000000000000000e+01
1.679988671916611433e+09,1.658400000000000000e+04,5.120000000000000000e+02,-7.840000000000000000e+02,-1.153000000000000000e+03,-6.220000000000000000e+02,-4.200000000000000000e+01
1.679988671918298960e+09,1.658400000000000000e+04,5.120000000000000000e+02,-7.840000000000000000e+02,-1.153000000000000000e+03,-6.220000000000000000e+02,-4.200000000000000000e+01
1.679988671918903112e+09,1.658400000000000000e+04,5.120000000000000000e+02,-7.840000000000000000e+02,-1.153000000000000000e+03,-6.220000000000000000e+02,-4.200000000000000000e+01
1.679988671920599461e+09,1.658400000000000000e+04,5.120000000000000000e+02,-7.840000000000000000e+02,-1.153000000000000000e+03,-6.220000000000000000e+02,-4.200000000000000000e+01
1.679988671921196699e+09,1.658400000000000000e+04,5.120000000000000000e+02,-7.840000000000000000e+02,-1.153000000000000000e+03,-6.220000000000000000e+02,-4.200000000000000000e+01
1.679988671922931194e+09,1.658400000000000000e+04,5.120000000000000000e+02,-7.840000000000000000e+02,-1.153000000000000000e+03,-6.220000000000000000e+02,-4.200000000000000000e+01
1.679988671923552036e+09,1.658400000000000000e+04,5.120000000000000000e+02,-7.840000000000000000e+02,-1.153000000000000000e+03,-6.220000000000000000e+02,-4.200000000000000000e+01
1.679988671925446510e+09,1.658400000000000000e+04,5.120000000000000000e+02,-7.840000000000000000e+02,-1.153000000000000000e+03,-6.220000000000000000e+02,-4.200000000000000000e+01
1.679988671926352501e+09,1.658400000000000000e+04,5.120000000000000000e+02,-7.840000000000000000e+02,-1.153000000000000000e+03,-6.220000000000000000e+02,-4.200000000000000000e+01
1.679988671927946568e+09,1.658400000000000000e+04,5.120000000000000000e+02,-7.840000000000000000e+02,-1.153000000000000000e+03,-6.220000000000000000e+02,-4.200000000000000000e+01
1.679988671928658485e+09,1.658400000000000000e+04,5.120000000000000000e+02,-7.840000000000000000e+02,-1.153000000000000000e+03,-6.220000000000000000e+02,-4.200000000000000000e+01
1.679988671930284500e+09,1.658400000000000000e+04,5.120000000000000000e+02,-7.840000000000000000e+02,-1.153000000000000000e+03,-6.220000000000000000e+02,-4.200000000000000000e+01
1.679988671931044817e+09,1.658400000000000000e+04,5.120000000000000000e+02,-7.840000000000000000e+02,-1.153000000000000000e+03,-6.220000000000000000e+02,-4.200000000000000000e+01
1.679988671932637453e+09,1.658400000000000000e+04,5.120000000000000000e+02,-7.840000000000000000e+02,-1.153000000000000000e+03,-6.220000000000000000e+02,-4.200000000000000000e+01
1.679988671933317423e+09,1.658400000000000000e+04,5.120000000000000000e+02,-7.840000000000000000e+02,-1.153000000000000000e+03,-6.220000000000000000e+02,-4.200000000000000000e+01
1.679988671934918642e+09,1.658400000000000000e+04,5.120000000000000000e+02,-7.840000000000000000e+02,-1.153000000000000000e+03,-6.220000000000000000e+02,-4.200000000000000000e+01
1.679988671935752630e+09,1.658400000000000000e+04,5.120000000000000000e+02,-7.840000000000000000e+02,-1.153000000000000000e+03,-6.220000000000000000e+02,-4.200000000000000000e+01
1.679988671937526941e+09,1.658400000000000000e+04,5.120000000000000000e+02,-7.840000000000000000e+02,-1.153000000000000000e+03,-6.220000000000000000e+02,-4.200000000000000000e+01
1.679988671938373566e+09,1.658400000000000000e+04,5.120000000000000000e+02,-7.840000000000000000e+02,-1.153000000000000000e+03,-6.220000000000000000e+02,-4.200000000000000000e+01
1.679988671939932108e+09,1.658400000000000000e+04,5.120000000000000000e+02,-7.840000000000000000e+02,-1.153000000000000000e+03,-6.220000000000000000e+02,-4.200000000000000000e+01
1.679988671940678835e+09,1.658400000000000000e+04,5.120000000000000000e+02,-7.840000000000000000e+02,-1.153000000000000000e+03,-6.220000000000000000e+02,-4.200000000000000000e+01
1.679988671942292690e+09,1.658400000000000000e+04,5.120000000000000000e+02,-7.840000000000000000e+02,-1.153000000000000000e+03,-6.220000000000000000e+02,-4.200000000000000000e+01
1.679988671942998409e+09,1.658400000000000000e+04,5.120000000000000000e+02,-7.840000000000000000e+02,-1.153000000000000000e+03,-6.220000000000000000e+02,-4.200000000000000000e+01
1.679988671944648027e+09,1.658400000000000000e+04,5.120000000000000000e+02,-7.840000000000000000e+02,-1.153000000000000000e+03,-6.220000000000000000e+02,-4.200000000000000000e+01
1.679988671945448875e+09,1.658400000000000000e+04,5.120000000000000000e+02,-7.840000000000000000e+02,-1.153000000000000000e+03,-6.220000000000000000e+02,-4.200000000000000000e+01
1.679988671947072983e+09,1.658400000000000000e+04,5.120000000000000000e+02,-7.840000000000000000e+02,-1.153000000000000000e+03,-6.220000000000000000e+02,-4.200000000000000000e+01
1.679988671947846889e+09,1.658400000000000000e+04,5.120000000000000000e+02,-7.840000000000000000e+02,-1.153000000000000000e+03,-6.220000000000000000e+02,-4.200000000000000000e+01
1.679988671949475765e+09,1.658400000000000000e+04,5.120000000000000000e+02,-7.840000000000000000e+02,-1.153000000000000000e+03,-6.220000000000000000e+02,-4.200000000000000000e+01
1.679988671950254440e+09,1.658400000000000000e+04,5.120000000000000000e+02,-7.840000000000000000e+02,-1.153000000000000000e+03,-6.220000000000000000e+02,-4.200000000000000000e+01
1.679988671951863766e+09,1.658400000000000000e+04,5.120000000000000000e+02,-7.840000000000000000e+02,-1.153000000000000000e+03,-6.220000000000000000e+02,-4.200000000000000000e+01
1.679988671952612400e+09,1.658400000000000000e+04,5.120000000000000000e+02,-7.840000000000000000e+02,-1.153000000000000000e+03,-6.220000000000000000e+02,-4.200000000000000000e+01
1.679988671954207182e+09,1.658400000000000000e+04,5.120000000000000000e+02,-7.840000000000000000e+02,-1.153000000000000000e+03,-6.220000000000000000e+02,-4.200000000000000000e+01
1.679988671954930782e+09,1.658400000000000000e+04,5.120000000000000000e+02,-7.840000000000000000e+02,-1.153000000000000000e+03,-6.220000000000000000e+02,-4.200000000000000000e+01
1.679988671956620693e+09,1.658400000000000000e+04,5.120000000000000000e+02,-7.840000000000000000e+02,-1.153000000000000000e+03,-6.220000000000000000e+02,-4.200000000000000000e+01
1.679988671957371712e+09,1.658400000000000000e+04,5.120000000000000000e+02,-7.840000000000000000e+02,-1.153000000000000000e+03,-6.220000000000000000e+02,-4.200000000000000000e+01
1.679988671958981037e+09,1.658400000000000000e+04,5.120000000000000000e+02,-7.840000000000000000e+02,-1.153000000000000000e+03,-6.220000000000000000e+02,-4.200000000000000000e+01
1.679988671959760427e+09,1.658400000000000000e+04,5.120000000000000000e+02,-7.840000000000000000e+02,-1.153000000000000000e+03,-6.220000000000000000e+02,-4.200000000000000000e+01
1.679988671961369038e+09,1.658400000000000000e+04,5.120000000000000000e+02,-7.840000000000000000e+02,-1.153000000000000000e+03,-6.220000000000000000e+02,-4.200000000000000000e+01
1.679988671962117434e+09,1.658400000000000000e+04,5.120000000000000000e+02,-7.840000000000000000e+02,-1.153000000000000000e+03,-6.220000000000000000e+02,-4.200000000000000000e+01
1.679988671963721752e+09,1.658400000000000000e+04,5.120000000000000000e+02,-7.840000000000000000e+02,-1.153000000000000000e+03,-6.220000000000000000e+02,-4.200000000000000000e+01
1.679988671964491367e+09,1.658400000000000000e+04,5.120000000000000000e+02,-7.840000000000000000e+02,-1.153000000000000000e+03,-6.220000000000000000e+02,-4.200000000000000000e+01
1.679988671966186285e+09,1.658400000000000000e+04,5.120000000000000000e+02,-7.840000000000000000e+02,-1.153000000000000000e+03,-6.220000000000000000e+02,-4.200000000000000000e+01
1.679988671966929674e+09,1.658400000000000000e+04,5.120000000000000000e+02,-7.840000000000000000e+02,-1.153000000000000000e+03,-6.220000000000000000e+02,-4.200000000000000000e+01
1.679988671968554497e+09,1.658400000000000000e+04,5.120000000000000000e+02,-7.840000000000000000e+02,-1.153000000000000000e+03,-6.220000000000000000e+02,-4.200000000000000000e+01
1.679988671969310284e+09,1.658400000000000000e+04,5.120000000000000000e+02,-7.840000000000000000e+02,-1.153000000000000000e+03,-6.220000000000000000e+02,-4.200000000000000000e+01
1.679988671970907927e+09,1.658400000000000000e+04,5.120000000000000000e+02,-7.840000000000000000e+02,-1.153000000000000000e+03,-6.220000000000000000e+02,-4.200000000000000000e+01
1.679988671971611977e+09,1.658400000000000000e+04,5.120000000000000000e+02,-7.840000000000000000e+02,-1.153000000000000000e+03,-6.220000000000000000e+02,-4.200000000000000000e+01
1.679988671973220825e+09,1.658400000000000000e+04,5.120000000000000000e+02,-7.840000000000000000e+02,-1.153000000000000000e+03,-6.220000000000000000e+02,-4.200000000000000000e+01
1.679988671973925591e+09,1.658400000000000000e+04,5.120000000000000000e+02,-7.840000000000000000e+02,-1.153000000000000000e+03,-6.220000000000000000e+02,-4.200000000000000000e+01
1.679988671975673199e+09,1.658400000000000000e+04,5.120000000000000000e+02,-7.840000000000000000e+02,-1.153000000000000000e+03,-6.220000000000000000e+02,-4.200000000000000000e+01
1.679988671976428509e+09,1.658400000000000000e+04,5.120000000000000000e+02,-7.840000000000000000e+02,-1.153000000000000000e+03,-6.220000000000000000e+02,-4.200000000000000000e+01
1.679988671977995634e+09,1.658400000000000000e+04,5.120000000000000000e+02,-7.840000000000000000e+02,-1.153000000000000000e+03,-6.220000000000000000e+02,-4.200000000000000000e+01
1.679988671978706360e+09,1.658400000000000000e+04,5.120000000000000000e+02,-7.840000000000000000e+02,-1.153000000000000000e+03,-6.220000000000000000e+02,-4.200000000000000000e+01
1.679988671980330706e+09,1.658400000000000000e+04,5.120000000000000000e+02,-7.840000000000000000e+02,-1.153000000000000000e+03,-6.220000000000000000e+02,-4.200000000000000000e+01
1.679988671981057882e+09,1.658400000000000000e+04,5.120000000000000000e+02,-7.840000000000000000e+02,-1.153000000000000000e+03,-6.220000000000000000e+02,-4.200000000000000000e+01
1.679988671982688665e+09,1.658400000000000000e+04,5.120000000000000000e+02,-7.840000000000000000e+02,-1.153000000000000000e+03,-6.220000000000000000e+02,-4.200000000000000000e+01
1.679988671983471632e+09,1.658400000000000000e+04,5.120000000000000000e+02,-7.840000000000000000e+02,-1.153000000000000000e+03,-6.220000000000000000e+02,-4.200000000000000000e+01
1.679988671985096693e+09,1.658400000000000000e+04,5.120000000000000000e+02,-7.840000000000000000e+02,-1.153000000000000000e+03,-6.220000000000000000e+02,-4.200000000000000000e+01
1.679988671985845327e+09,1.658400000000000000e+04,5.120000000000000000e+02,-7.840000000000000000e+02,-1.153000000000000000e+03,-6.220000000000000000e+02,-4.200000000000000000e+01
1.679988671987471342e+09,1.658400000000000000e+04,5.120000000000000000e+02,-7.840000000000000000e+02,-1.153000000000000000e+03,-6.220000000000000000e+02,-4.200000000000000000e+01
1.679988671988172293e+09,1.658400000000000000e+04,5.120000000000000000e+02,-7.840000000000000000e+02,-1.153000000000000000e+03,-6.220000000000000000e+02,-4.200000000000000000e+01
1.679988671989810467e+09,1.658400000000000000e+04,5.120000000000000000e+02,-7.840000000000000000e+02,-1.153000000000000000e+03,-6.220000000000000000e+02,-4.200000000000000000e+01
1.679988671990598917e+09,1.658400000000000000e+04,5.120000000000000000e+02,-7.840000000000000000e+02,-1.153000000000000000e+03,-6.220000000000000000e+02,-4.200000000000000000e+01
1.679988671992178917e+09,1.658400000000000000e+04,5.120000000000000000e+02,-7.840000000000000000e+02,-1.153000000000000000e+03,-6.220000000000000000e+02,-4.200000000000000000e+01
1.679988671992893696e+09,1.658400000000000000e+04,5.120000000000000000e+02,-7.840000000000000000e+02,-1.153000000000000000e+03,-6.220000000000000000e+02,-4.200000000000000000e+01
1.679988671994539499e+09,1.658400000000000000e+04,5.120000000000000000e+02,-7.840000000000000000e+02,-1.153000000000000000e+03,-6.220000000000000000e+02,-4.200000000000000000e+01
1.679988671995290995e+09,1.658400000000000000e+04,5.120000000000000000e+02,-7.840000000000000000e+02,-1.153000000000000000e+03,-6.220000000000000000e+02,-4.200000000000000000e+01
1.679988671996968269e+09,1.658400000000000000e+04,5.120000000000000000e+02,-7.840000000000000000e+02,-1.153000000000000000e+03,-6.220000000000000000e+02,-4.200000000000000000e+01
1.679988671997720718e+09,1.658400000000000000e+04,5.120000000000000000e+02,-7.840000000000000000e+02,-1.153000000000000000e+03,-6.220000000000000000e+02,-4.200000000000000000e+01
1.679988671999368906e+09,1.658400000000000000e+04,5.120000000000000000e+02,-7.840000000000000000e+02,-1.153000000000000000e+03,-6.220000000000000000e+02,-4.200000000000000000e+01
1.679988672000164747e+09,1.658400000000000000e+04,5.120000000000000000e+02,-7.840000000000000000e+02,-1.153000000000000000e+03,-6.220000000000000000e+02,-4.200000000000000000e+01
1.679988672001788139e+09,1.658400000000000000e+04,5.120000000000000000e+02,-7.840000000000000000e+02,-1.153000000000000000e+03,-6.220000000000000000e+02,-4.200000000000000000e+01
1.679988672002569199e+09,1.658400000000000000e+04,5.120000000000000000e+02,-7.840000000000000000e+02,-1.153000000000000000e+03,-6.220000000000000000e+02,-4.200000000000000000e+01
1.679988672004186630e+09,1.658400000000000000e+04,5.120000000000000000e+02,-7.840000000000000000e+02,-1.153000000000000000e+03,-6.220000000000000000e+02,-4.200000000000000000e+01
1.679988672004978895e+09,1.658400000000000000e+04,5.120000000000000000e+02,-7.840000000000000000e+02,-1.153000000000000000e+03,-6.220000000000000000e+02,-4.200000000000000000e+01
1.679988672006627321e+09,1.658400000000000000e+04,5.120000000000000000e+02,-7.840000000000000000e+02,-1.153000000000000000e+03,-6.220000000000000000e+02,-4.200000000000000000e+01
1.679988672007331133e+09,1.658400000000000000e+04,5.120000000000000000e+02,-7.840000000000000000e+02,-1.153000000000000000e+03,-6.220000000000000000e+02,-4.200000000000000000e+01
1.679988672008982420e+09,1.658400000000000000e+04,5.120000000000000000e+02,-7.840000000000000000e+02,-1.153000000000000000e+03,-6.220000000000000000e+02,-4.200000000000000000e+01
1.679988672009753704e+09,1.658400000000000000e+04,5.120000000000000000e+02,-7.840000000000000000e+02,-1.153000000000000000e+03,-6.220000000000000000e+02,-4.200000000000000000e+01
1.679988672011364460e+09,1.658400000000000000e+04,5.120000000000000000e+02,-7.840000000000000000e+02,-1.153000000000000000e+03,-6.220000000000000000e+02,-4.200000000000000000e+01
1.679988672012149334e+09,1.658400000000000000e+04,5.120000000000000000e+02,-7.840000000000000000e+02,-1.153000000000000000e+03,-6.220000000000000000e+02,-4.200000000000000000e+01
1.679988672013905525e+09,1.658400000000000000e+04,5.120000000000000000e+02,-7.840000000000000000e+02,-1.153000000000000000e+03,-6.220000000000000000e+02,-4.200000000000000000e+01
1.679988672014638424e+09,1.658400000000000000e+04,5.120000000000000000e+02,-7.840000000000000000e+02,-1.153000000000000000e+03,-6.220000000000000000e+02,-4.200000000000000000e+01
1.679988672016737223e+09,1.658400000000000000e+04,5.120000000000000000e+02,-7.840000000000000000e+02,-1.153000000000000000e+03,-6.220000000000000000e+02,-4.200000000000000000e+01
1.679988672017565966e+09,1.658400000000000000e+04,5.120000000000000000e+02,-7.840000000000000000e+02,-1.153000000000000000e+03,-6.220000000000000000e+02,-4.200000000000000000e+01
1.679988672019130707e+09,1.658400000000000000e+04,5.120000000000000000e+02,-7.840000000000000000e+02,-1.153000000000000000e+03,-6.220000000000000000e+02,-4.200000000000000000e+01
1.679988672019911051e+09,1.658400000000000000e+04,5.120000000000000000e+02,-7.840000000000000000e+02,-1.153000000000000000e+03,-6.220000000000000000e+02,-4.200000000000000000e+01
1.679988672021475077e+09,1.658400000000000000e+04,5.120000000000000000e+02,-7.840000000000000000e+02,-1.153000000000000000e+03,-6.220000000000000000e+02,-4.200000000000000000e+01
1.679988672022257328e+09,1.658400000000000000e+04,5.120000000000000000e+02,-7.840000000000000000e+02,-1.153000000000000000e+03,-6.220000000000000000e+02,-4.200000000000000000e+01
1.679988672023778915e+09,1.658400000000000000e+04,5.120000000000000000e+02,-7.840000000000000000e+02,-1.153000000000000000e+03,-6.220000000000000000e+02,-4.200000000000000000e+01
1.679988672024654150e+09,1.658400000000000000e+04,5.120000000000000000e+02,-7.840000000000000000e+02,-1.153000000000000000e+03,-6.220000000000000000e+02,-4.200000000000000000e+01
1.679988672026298523e+09,1.658400000000000000e+04,5.120000000000000000e+02,-7.840000000000000000e+02,-1.153000000000000000e+03,-6.220000000000000000e+02,-4.200000000000000000e+01
1.679988672027093410e+09,1.658400000000000000e+04,5.120000000000000000e+02,-7.840000000000000000e+02,-1.153000000000000000e+03,-6.220000000000000000e+02,-4.200000000000000000e+01
1.679988672028646469e+09,1.658400000000000000e+04,5.120000000000000000e+02,-7.840000000000000000e+02,-1.153000000000000000e+03,-6.220000000000000000e+02,-4.200000000000000000e+01
1.679988672029399633e+09,1.658400000000000000e+04,5.120000000000000000e+02,-7.840000000000000000e+02,-1.153000000000000000e+03,-6.220000000000000000e+02,-4.200000000000000000e+01
1.679988672030936480e+09,1.658400000000000000e+04,5.120000000000000000e+02,-7.840000000000000000e+02,-1.153000000000000000e+03,-6.220000000000000000e+02,-4.200000000000000000e+01
1.679988672031783104e+09,1.658400000000000000e+04,5.120000000000000000e+02,-7.840000000000000000e+02,-1.153000000000000000e+03,-6.220000000000000000e+02,-4.200000000000000000e+01
1.679988672033369064e+09,1.658400000000000000e+04,5.120000000000000000e+02,-7.840000000000000000e+02,-1.153000000000000000e+03,-6.220000000000000000e+02,-4.200000000000000000e+01
1.679988672034111500e+09,1.658400000000000000e+04,5.120000000000000000e+02,-7.840000000000000000e+02,-1.153000000000000000e+03,-6.220000000000000000e+02,-4.200000000000000000e+01
1.679988672035830259e+09,1.658400000000000000e+04,5.120000000000000000e+02,-7.840000000000000000e+02,-1.153000000000000000e+03,-6.220000000000000000e+02,-4.200000000000000000e+01
1.679988672036538124e+09,1.658400000000000000e+04,5.120000000000000000e+02,-7.840000000000000000e+02,-1.153000000000000000e+03,-6.220000000000000000e+02,-4.200000000000000000e+01
1.679988672038090706e+09,1.658400000000000000e+04,5.120000000000000000e+02,-7.840000000000000000e+02,-1.153000000000000000e+03,-6.220000000000000000e+02,-4.200000000000000000e+01
1.679988672038849115e+09,1.658400000000000000e+04,5.120000000000000000e+02,-7.840000000000000000e+02,-1.153000000000000000e+03,-6.220000000000000000e+02,-4.200000000000000000e+01
1.679988672040423632e+09,1.658400000000000000e+04,5.120000000000000000e+02,-7.840000000000000000e+02,-1.153000000000000000e+03,-6.220000000000000000e+02,-4.200000000000000000e+01
1.679988672041168451e+09,1.658400000000000000e+04,5.120000000000000000e+02,-7.840000000000000000e+02,-1.153000000000000000e+03,-6.220000000000000000e+02,-4.200000000000000000e+01
1.679988672042744637e+09,1.658400000000000000e+04,5.120000000000000000e+02,-7.840000000000000000e+02,-1.153000000000000000e+03,-6.220000000000000000e+02,-4.200000000000000000e+01
1.679988672043532372e+09,1.658400000000000000e+04,5.120000000000000000e+02,-7.840000000000000000e+02,-1.153000000000000000e+03,-6.220000000000000000e+02,-4.200000000000000000e+01
1.679988672045092821e+09,1.658400000000000000e+04,5.120000000000000000e+02,-7.840000000000000000e+02,-1.153000000000000000e+03,-6.220000000000000000e+02,-4.200000000000000000e+01
1.679988672046046495e+09,1.658400000000000000e+04,5.120000000000000000e+02,-7.840000000000000000e+02,-1.153000000000000000e+03,-6.220000000000000000e+02,-4.200000000000000000e+01
1.679988672047621489e+09,1.658400000000000000e+04,5.120000000000000000e+02,-7.840000000000000000e+02,-1.153000000000000000e+03,-6.220000000000000000e+02,-4.200000000000000000e+01
1.679988672048394918e+09,1.658400000000000000e+04,5.120000000000000000e+02,-7.840000000000000000e+02,-1.153000000000000000e+03,-6.220000000000000000e+02,-4.200000000000000000e+01
1.679988672049982548e+09,1.658400000000000000e+04,5.120000000000000000e+02,-7.840000000000000000e+02,-1.153000000000000000e+03,-6.220000000000000000e+02,-4.200000000000000000e+01
1.679988672050771952e+09,1.658400000000000000e+04,5.120000000000000000e+02,-7.840000000000000000e+02,-1.153000000000000000e+03,-6.220000000000000000e+02,-4.200000000000000000e+01
1.679988672052291632e+09,1.658400000000000000e+04,5.120000000000000000e+02,-7.840000000000000000e+02,-1.153000000000000000e+03,-6.220000000000000000e+02,-4.200000000000000000e+01
1.679988672053198338e+09,1.658400000000000000e+04,5.120000000000000000e+02,-7.840000000000000000e+02,-1.153000000000000000e+03,-6.220000000000000000e+02,-4.200000000000000000e+01
1.679988672054755688e+09,1.658400000000000000e+04,5.120000000000000000e+02,-7.840000000000000000e+02,-1.153000000000000000e+03,-6.220000000000000000e+02,-4.200000000000000000e+01
1.679988672055646658e+09,1.658400000000000000e+04,5.120000000000000000e+02,-7.840000000000000000e+02,-1.153000000000000000e+03,-6.220000000000000000e+02,-4.200000000000000000e+01
1.679988672057245493e+09,1.658400000000000000e+04,5.120000000000000000e+02,-7.840000000000000000e+02,-1.153000000000000000e+03,-6.220000000000000000e+02,-4.200000000000000000e+01
1.679988672058003664e+09,1.658400000000000000e+04,5.120000000000000000e+02,-7.840000000000000000e+02,-1.153000000000000000e+03,-6.220000000000000000e+02,-4.200000000000000000e+01
1.679988672059542418e+09,1.658400000000000000e+04,5.120000000000000000e+02,-7.840000000000000000e+02,-1.153000000000000000e+03,-6.220000000000000000e+02,-4.200000000000000000e+01
1.679988672060391903e+09,1.658400000000000000e+04,5.120000000000000000e+02,-7.840000000000000000e+02,-1.153000000000000000e+03,-6.220000000000000000e+02,-4.200000000000000000e+01
1.679988672061954498e+09,1.658400000000000000e+04,5.120000000000000000e+02,-7.840000000000000000e+02,-1.153000000000000000e+03,-6.220000000000000000e+02,-4.200000000000000000e+01
1.679988672062782764e+09,1.658400000000000000e+04,5.120000000000000000e+02,-7.840000000000000000e+02,-1.153000000000000000e+03,-6.220000000000000000e+02,-4.200000000000000000e+01
1.679988672064357042e+09,1.658400000000000000e+04,5.120000000000000000e+02,-7.840000000000000000e+02,-1.153000000000000000e+03,-6.220000000000000000e+02,-4.200000000000000000e+01
1.679988672065097570e+09,1.658400000000000000e+04,5.120000000000000000e+02,-7.840000000000000000e+02,-1.153000000000000000e+03,-6.220000000000000000e+02,-4.200000000000000000e+01
1.679988672066710711e+09,1.658400000000000000e+04,5.120000000000000000e+02,-7.840000000000000000e+02,-1.153000000000000000e+03,-6.220000000000000000e+02,-4.200000000000000000e+01
1.679988672067475557e+09,1.658400000000000000e+04,5.120000000000000000e+02,-7.840000000000000000e+02,-1.153000000000000000e+03,-6.220000000000000000e+02,-4.200000000000000000e+01
1.679988672069058418e+09,1.658400000000000000e+04,5.120000000000000000e+02,-7.840000000000000000e+02,-1.153000000000000000e+03,-6.220000000000000000e+02,-4.200000000000000000e+01
1.679988672069887638e+09,1.658400000000000000e+04,5.120000000000000000e+02,-7.840000000000000000e+02,-1.153000000000000000e+03,-6.220000000000000000e+02,-4.200000000000000000e+01
1.679988672071508884e+09,1.658400000000000000e+04,5.120000000000000000e+02,-7.840000000000000000e+02,-1.153000000000000000e+03,-6.220000000000000000e+02,-4.200000000000000000e+01
1.679988672072250128e+09,1.658400000000000000e+04,5.120000000000000000e+02,-7.840000000000000000e+02,-1.153000000000000000e+03,-6.220000000000000000e+02,-4.200000000000000000e+01
1.679988672073808908e+09,1.658400000000000000e+04,5.120000000000000000e+02,-7.840000000000000000e+02,-1.153000000000000000e+03,-6.220000000000000000e+02,-4.200000000000000000e+01
1.679988672074617386e+09,1.658400000000000000e+04,5.120000000000000000e+02,-7.840000000000000000e+02,-1.153000000000000000e+03,-6.220000000000000000e+02,-4.200000000000000000e+01
1.679988672076271534e+09,1.658400000000000000e+04,5.120000000000000000e+02,-7.840000000000000000e+02,-1.153000000000000000e+03,-6.220000000000000000e+02,-4.200000000000000000e+01
1.679988672077040434e+09,1.658400000000000000e+04,5.120000000000000000e+02,-7.840000000000000000e+02,-1.153000000000000000e+03,-6.220000000000000000e+02,-4.200000000000000000e+01
1.679988672078596354e+09,1.658400000000000000e+04,5.120000000000000000e+02,-7.840000000000000000e+02,-1.153000000000000000e+03,-6.220000000000000000e+02,-4.200000000000000000e+01
1.679988672079393387e+09,1.658400000000000000e+04,5.120000000000000000e+02,-7.840000000000000000e+02,-1.153000000000000000e+03,-6.220000000000000000e+02,-4.200000000000000000e+01
1.679988672080933571e+09,1.658400000000000000e+04,5.120000000000000000e+02,-7.840000000000000000e+02,-1.153000000000000000e+03,-6.220000000000000000e+02,-4.200000000000000000e+01
1.679988672081806898e+09,1.658400000000000000e+04,5.120000000000000000e+02,-7.840000000000000000e+02,-1.153000000000000000e+03,-6.220000000000000000e+02,-4.200000000000000000e+01
1.679988672083367586e+09,1.658400000000000000e+04,5.120000000000000000e+02,-7.840000000000000000e+02,-1.153000000000000000e+03,-6.220000000000000000e+02,-4.200000000000000000e+01
1.679988672084222555e+09,1.658400000000000000e+04,5.120000000000000000e+02,-7.840000000000000000e+02,-1.153000000000000000e+03,-6.220000000000000000e+02,-4.200000000000000000e+01
1.679988672085891247e+09,1.658400000000000000e+04,5.120000000000000000e+02,-7.840000000000000000e+02,-1.153000000000000000e+03,-6.220000000000000000e+02,-4.200000000000000000e+01
1.679988672086684465e+09,1.658400000000000000e+04,5.120000000000000000e+02,-7.840000000000000000e+02,-1.153000000000000000e+03,-6.220000000000000000e+02,-4.200000000000000000e+01
1.679988672088213205e+09,1.658400000000000000e+04,5.120000000000000000e+02,-7.840000000000000000e+02,-1.153000000000000000e+03,-6.220000000000000000e+02,-4.200000000000000000e+01
1.679988672089117765e+09,1.658400000000000000e+04,5.120000000000000000e+02,-7.840000000000000000e+02,-1.153000000000000000e+03,-6.220000000000000000e+02,-4.200000000000000000e+01
1.679988672090681314e+09,1.658400000000000000e+04,5.120000000000000000e+02,-7.840000000000000000e+02,-1.153000000000000000e+03,-6.220000000000000000e+02,-4.200000000000000000e+01
1.679988672091486692e+09,1.658400000000000000e+04,5.120000000000000000e+02,-7.840000000000000000e+02,-1.153000000000000000e+03,-6.220000000000000000e+02,-4.200000000000000000e+01
1.679988672093073606e+09,1.658400000000000000e+04,5.120000000000000000e+02,-7.840000000000000000e+02,-1.153000000000000000e+03,-6.220000000000000000e+02,-4.200000000000000000e+01
1.679988672093712330e+09,1.658400000000000000e+04,5.120000000000000000e+02,-7.840000000000000000e+02,-1.153000000000000000e+03,-6.220000000000000000e+02,-4.200000000000000000e+01
1.679988672095282316e+09,1.658400000000000000e+04,5.120000000000000000e+02,-7.840000000000000000e+02,-1.153000000000000000e+03,-6.220000000000000000e+02,-4.200000000000000000e+01
1.679988672096123219e+09,1.658400000000000000e+04,5.120000000000000000e+02,-7.840000000000000000e+02,-1.153000000000000000e+03,-6.220000000000000000e+02,-4.200000000000000000e+01
1.679988672097702742e+09,1.658400000000000000e+04,5.120000000000000000e+02,-7.840000000000000000e+02,-1.153000000000000000e+03,-6.220000000000000000e+02,-4.200000000000000000e+01
1.679988672098431826e+09,1.658400000000000000e+04,5.120000000000000000e+02,-7.840000000000000000e+02,-1.153000000000000000e+03,-6.220000000000000000e+02,-4.200000000000000000e+01
1.679988672100063324e+09,1.658400000000000000e+04,5.120000000000000000e+02,-7.840000000000000000e+02,-1.153000000000000000e+03,-6.220000000000000000e+02,-4.200000000000000000e+01
1.679988672100790262e+09,1.658400000000000000e+04,5.120000000000000000e+02,-7.840000000000000000e+02,-1.153000000000000000e+03,-6.220000000000000000e+02,-4.200000000000000000e+01
1.679988672102432251e+09,1.658400000000000000e+04,5.120000000000000000e+02,-7.840000000000000000e+02,-1.153000000000000000e+03,-6.220000000000000000e+02,-4.200000000000000000e+01
1.679988672103189707e+09,1.658400000000000000e+04,5.120000000000000000e+02,-7.840000000000000000e+02,-1.153000000000000000e+03,-6.220000000000000000e+02,-4.200000000000000000e+01
1.679988672104853153e+09,1.658400000000000000e+04,5.120000000000000000e+02,-7.840000000000000000e+02,-1.153000000000000000e+03,-6.220000000000000000e+02,-4.200000000000000000e+01
1.679988672105678082e+09,1.658400000000000000e+04,5.120000000000000000e+02,-7.840000000000000000e+02,-1.153000000000000000e+03,-6.220000000000000000e+02,-4.200000000000000000e+01
1.679988672107296228e+09,1.658400000000000000e+04,5.120000000000000000e+02,-7.840000000000000000e+02,-1.153000000000000000e+03,-6.220000000000000000e+02,-4.200000000000000000e+01
1.679988672108095407e+09,1.658400000000000000e+04,5.120000000000000000e+02,-7.840000000000000000e+02,-1.153000000000000000e+03,-6.220000000000000000e+02,-4.200000000000000000e+01
1.679988672109745264e+09,1.658400000000000000e+04,5.120000000000000000e+02,-7.840000000000000000e+02,-1.153000000000000000e+03,-6.220000000000000000e+02,-4.200000000000000000e+01
1.679988672110466719e+09,1.658400000000000000e+04,5.120000000000000000e+02,-7.840000000000000000e+02,-1.153000000000000000e+03,-6.220000000000000000e+02,-4.200000000000000000e+01
1.679988672112077475e+09,1.658400000000000000e+04,5.120000000000000000e+02,-7.840000000000000000e+02,-1.153000000000000000e+03,-6.220000000000000000e+02,-4.200000000000000000e+01
1.679988672112826347e+09,1.658400000000000000e+04,5.120000000000000000e+02,-7.840000000000000000e+02,-1.153000000000000000e+03,-6.220000000000000000e+02,-4.200000000000000000e+01
1.679988672114451647e+09,1.658400000000000000e+04,5.120000000000000000e+02,-7.840000000000000000e+02,-1.153000000000000000e+03,-6.220000000000000000e+02,-4.200000000000000000e+01
1.679988672115619183e+09,1.658400000000000000e+04,5.120000000000000000e+02,-7.840000000000000000e+02,-1.153000000000000000e+03,-6.220000000000000000e+02,-4.200000000000000000e+01
1.679988672117301702e+09,1.658400000000000000e+04,5.120000000000000000e+02,-7.840000000000000000e+02,-1.153000000000000000e+03,-6.220000000000000000e+02,-4.200000000000000000e+01
1.679988672118228674e+09,1.658400000000000000e+04,5.120000000000000000e+02,-7.840000000000000000e+02,-1.153000000000000000e+03,-6.220000000000000000e+02,-4.200000000000000000e+01
1.679988672120008707e+09,1.658400000000000000e+04,5.120000000000000000e+02,-7.840000000000000000e+02,-1.153000000000000000e+03,-6.220000000000000000e+02,-4.200000000000000000e+01
1.679988672120800495e+09,1.658400000000000000e+04,5.120000000000000000e+02,-7.840000000000000000e+02,-1.153000000000000000e+03,-6.220000000000000000e+02,-4.200000000000000000e+01
1.679988672122435093e+09,1.658400000000000000e+04,5.120000000000000000e+02,-7.840000000000000000e+02,-1.153000000000000000e+03,-6.220000000000000000e+02,-4.200000000000000000e+01
1.679988672123149157e+09,1.658400000000000000e+04,5.120000000000000000e+02,-7.840000000000000000e+02,-1.153000000000000000e+03,-6.220000000000000000e+02,-4.200000000000000000e+01
1.679988672124785423e+09,1.658400000000000000e+04,5.120000000000000000e+02,-7.840000000000000000e+02,-1.153000000000000000e+03,-6.220000000000000000e+02,-4.200000000000000000e+01
1.679988672125643730e+09,1.658400000000000000e+04,5.120000000000000000e+02,-7.840000000000000000e+02,-1.153000000000000000e+03,-6.220000000000000000e+02,-4.200000000000000000e+01
1.679988672127253056e+09,1.658400000000000000e+04,5.120000000000000000e+02,-7.840000000000000000e+02,-1.153000000000000000e+03,-6.220000000000000000e+02,-4.200000000000000000e+01
1.679988672128020287e+09,1.658400000000000000e+04,5.120000000000000000e+02,-7.840000000000000000e+02,-1.153000000000000000e+03,-6.220000000000000000e+02,-4.200000000000000000e+01
1.679988672129647255e+09,1.658400000000000000e+04,5.120000000000000000e+02,-7.840000000000000000e+02,-1.153000000000000000e+03,-6.220000000000000000e+02,-4.200000000000000000e+01
1.679988672130374670e+09,1.658400000000000000e+04,5.120000000000000000e+02,-7.840000000000000000e+02,-1.153000000000000000e+03,-6.220000000000000000e+02,-4.200000000000000000e+01
1.679988672132020712e+09,1.658400000000000000e+04,5.120000000000000000e+02,-7.840000000000000000e+02,-1.153000000000000000e+03,-6.220000000000000000e+02,-4.200000000000000000e+01
1.679988672132893085e+09,1.658400000000000000e+04,5.120000000000000000e+02,-7.840000000000000000e+02,-1.153000000000000000e+03,-6.220000000000000000e+02,-4.200000000000000000e+01
1.679988672134494066e+09,1.658400000000000000e+04,5.120000000000000000e+02,-7.840000000000000000e+02,-1.153000000000000000e+03,-6.220000000000000000e+02,-4.200000000000000000e+01
1.679988672135243416e+09,1.658400000000000000e+04,5.120000000000000000e+02,-7.840000000000000000e+02,-1.153000000000000000e+03,-6.220000000000000000e+02,-4.200000000000000000e+01
1.679988672136967182e+09,1.658400000000000000e+04,5.120000000000000000e+02,-7.840000000000000000e+02,-1.153000000000000000e+03,-6.220000000000000000e+02,-4.200000000000000000e+01
1.679988672137749910e+09,1.658400000000000000e+04,5.120000000000000000e+02,-7.840000000000000000e+02,-1.153000000000000000e+03,-6.220000000000000000e+02,-4.200000000000000000e+01
1.679988672139362574e+09,1.658400000000000000e+04,5.120000000000000000e+02,-7.840000000000000000e+02,-1.153000000000000000e+03,-6.220000000000000000e+02,-4.200000000000000000e+01
1.679988672140088320e+09,1.658400000000000000e+04,5.120000000000000000e+02,-7.840000000000000000e+02,-1.153000000000000000e+03,-6.220000000000000000e+02,-4.200000000000000000e+01
1.679988672141738653e+09,1.658400000000000000e+04,5.120000000000000000e+02,-7.840000000000000000e+02,-1.153000000000000000e+03,-6.220000000000000000e+02,-4.200000000000000000e+01
1.679988672142463207e+09,1.658400000000000000e+04,5.120000000000000000e+02,-7.840000000000000000e+02,-1.153000000000000000e+03,-6.220000000000000000e+02,-4.200000000000000000e+01
1.679988672144130707e+09,1.658400000000000000e+04,5.120000000000000000e+02,-7.840000000000000000e+02,-1.153000000000000000e+03,-6.220000000000000000e+02,-4.200000000000000000e+01
1.679988672144901037e+09,1.658400000000000000e+04,5.120000000000000000e+02,-7.840000000000000000e+02,-1.153000000000000000e+03,-6.220000000000000000e+02,-4.200000000000000000e+01
1.679988672146583796e+09,1.658400000000000000e+04,5.120000000000000000e+02,-7.840000000000000000e+02,-1.153000000000000000e+03,-6.220000000000000000e+02,-4.200000000000000000e+01
1.679988672147294521e+09,1.658400000000000000e+04,5.120000000000000000e+02,-7.840000000000000000e+02,-1.153000000000000000e+03,-6.220000000000000000e+02,-4.200000000000000000e+01
1.679988672148949623e+09,1.658400000000000000e+04,5.120000000000000000e+02,-7.840000000000000000e+02,-1.153000000000000000e+03,-6.220000000000000000e+02,-4.200000000000000000e+01
1.679988672149703741e+09,1.658400000000000000e+04,5.120000000000000000e+02,-7.840000000000000000e+02,-1.153000000000000000e+03,-6.220000000000000000e+02,-4.200000000000000000e+01
1.679988672151367188e+09,1.658400000000000000e+04,5.120000000000000000e+02,-7.840000000000000000e+02,-1.153000000000000000e+03,-6.220000000000000000e+02,-4.200000000000000000e+01
1.679988672152185917e+09,1.658400000000000000e+04,5.120000000000000000e+02,-7.840000000000000000e+02,-1.153000000000000000e+03,-6.220000000000000000e+02,-4.200000000000000000e+01
1.679988672153808117e+09,1.658400000000000000e+04,5.120000000000000000e+02,-7.840000000000000000e+02,-1.153000000000000000e+03,-6.220000000000000000e+02,-4.200000000000000000e+01
1.679988672154564142e+09,1.658400000000000000e+04,5.120000000000000000e+02,-7.840000000000000000e+02,-1.153000000000000000e+03,-6.220000000000000000e+02,-4.200000000000000000e+01
1.679988672156302929e+09,1.658400000000000000e+04,5.120000000000000000e+02,-7.840000000000000000e+02,-1.153000000000000000e+03,-6.220000000000000000e+02,-4.200000000000000000e+01
1.679988672157061338e+09,1.658400000000000000e+04,5.120000000000000000e+02,-7.840000000000000000e+02,-1.153000000000000000e+03,-6.220000000000000000e+02,-4.200000000000000000e+01
1.679988672158698559e+09,1.658400000000000000e+04,5.120000000000000000e+02,-7.840000000000000000e+02,-1.153000000000000000e+03,-6.220000000000000000e+02,-4.200000000000000000e+01
1.679988672159524679e+09,1.658400000000000000e+04,5.120000000000000000e+02,-7.840000000000000000e+02,-1.153000000000000000e+03,-6.220000000000000000e+02,-4.200000000000000000e+01
1.679988672161149740e+09,1.658400000000000000e+04,5.120000000000000000e+02,-7.840000000000000000e+02,-1.153000000000000000e+03,-6.220000000000000000e+02,-4.200000000000000000e+01
1.679988672161861897e+09,1.658400000000000000e+04,5.120000000000000000e+02,-7.840000000000000000e+02,-1.153000000000000000e+03,-6.220000000000000000e+02,-4.200000000000000000e+01
1.679988672163519382e+09,1.658400000000000000e+04,5.120000000000000000e+02,-7.840000000000000000e+02,-1.153000000000000000e+03,-6.220000000000000000e+02,-4.200000000000000000e+01
1.679988672164257526e+09,1.658400000000000000e+04,5.120000000000000000e+02,-7.840000000000000000e+02,-1.153000000000000000e+03,-6.220000000000000000e+02,-4.200000000000000000e+01
1.679988672165997028e+09,1.658400000000000000e+04,5.120000000000000000e+02,-7.840000000000000000e+02,-1.153000000000000000e+03,-6.220000000000000000e+02,-4.200000000000000000e+01
1.679988672167268515e+09,1.658400000000000000e+04,5.120000000000000000e+02,-7.840000000000000000e+02,-1.153000000000000000e+03,-6.220000000000000000e+02,-4.200000000000000000e+01
1.679988672168871164e+09,1.658400000000000000e+04,5.120000000000000000e+02,-7.840000000000000000e+02,-1.153000000000000000e+03,-6.220000000000000000e+02,-4.200000000000000000e+01
1.679988672169628620e+09,1.658400000000000000e+04,5.120000000000000000e+02,-7.840000000000000000e+02,-1.153000000000000000e+03,-6.220000000000000000e+02,-4.200000000000000000e+01
1.679988672171187878e+09,1.658400000000000000e+04,5.120000000000000000e+02,-7.840000000000000000e+02,-1.153000000000000000e+03,-6.220000000000000000e+02,-4.200000000000000000e+01
1.679988672172001600e+09,1.658400000000000000e+04,5.120000000000000000e+02,-7.840000000000000000e+02,-1.153000000000000000e+03,-6.220000000000000000e+02,-4.200000000000000000e+01
1.679988672173613071e+09,1.658400000000000000e+04,5.120000000000000000e+02,-7.840000000000000000e+02,-1.153000000000000000e+03,-6.220000000000000000e+02,-4.200000000000000000e+01
1.679988672174411535e+09,1.658400000000000000e+04,5.120000000000000000e+02,-7.840000000000000000e+02,-1.153000000000000000e+03,-6.220000000000000000e+02,-4.200000000000000000e+01
1.679988672176277399e+09,1.658400000000000000e+04,5.120000000000000000e+02,-7.840000000000000000e+02,-1.153000000000000000e+03,-6.220000000000000000e+02,-4.200000000000000000e+01
1.679988672176957846e+09,1.658400000000000000e+04,5.120000000000000000e+02,-7.840000000000000000e+02,-1.153000000000000000e+03,-6.220000000000000000e+02,-4.200000000000000000e+01
1.679988672178501844e+09,1.658400000000000000e+04,5.120000000000000000e+02,-7.840000000000000000e+02,-1.153000000000000000e+03,-6.220000000000000000e+02,-4.200000000000000000e+01
1.679988672179351807e+09,1.658400000000000000e+04,5.120000000000000000e+02,-7.840000000000000000e+02,-1.153000000000000000e+03,-6.220000000000000000e+02,-4.200000000000000000e+01
1.679988672180965900e+09,1.658400000000000000e+04,5.120000000000000000e+02,-7.840000000000000000e+02,-1.153000000000000000e+03,-6.220000000000000000e+02,-4.200000000000000000e+01
1.679988672181764603e+09,1.658400000000000000e+04,5.120000000000000000e+02,-7.840000000000000000e+02,-1.153000000000000000e+03,-6.220000000000000000e+02,-4.200000000000000000e+01
1.679988672183340549e+09,1.658400000000000000e+04,5.120000000000000000e+02,-7.840000000000000000e+02,-1.153000000000000000e+03,-6.220000000000000000e+02,-4.200000000000000000e+01
1.679988672184098959e+09,1.658400000000000000e+04,5.120000000000000000e+02,-7.840000000000000000e+02,-1.153000000000000000e+03,-6.220000000000000000e+02,-4.200000000000000000e+01
1.679988672185818434e+09,1.658400000000000000e+04,5.120000000000000000e+02,-7.840000000000000000e+02,-1.153000000000000000e+03,-6.220000000000000000e+02,-4.200000000000000000e+01
1.679988672186543703e+09,1.658400000000000000e+04,5.120000000000000000e+02,-7.840000000000000000e+02,-1.153000000000000000e+03,-6.220000000000000000e+02,-4.200000000000000000e+01
1.679988672188152552e+09,1.658400000000000000e+04,5.120000000000000000e+02,-7.840000000000000000e+02,-1.153000000000000000e+03,-6.220000000000000000e+02,-4.200000000000000000e+01
1.679988672188941479e+09,1.658400000000000000e+04,5.120000000000000000e+02,-7.840000000000000000e+02,-1.153000000000000000e+03,-6.220000000000000000e+02,-4.200000000000000000e+01
1.679988672190531731e+09,1.658400000000000000e+04,5.120000000000000000e+02,-7.840000000000000000e+02,-1.153000000000000000e+03,-6.220000000000000000e+02,-4.200000000000000000e+01
1.679988672191292524e+09,1.658400000000000000e+04,5.120000000000000000e+02,-7.840000000000000000e+02,-1.153000000000000000e+03,-6.220000000000000000e+02,-4.200000000000000000e+01
1.679988672192851305e+09,1.658400000000000000e+04,5.120000000000000000e+02,-7.840000000000000000e+02,-1.153000000000000000e+03,-6.220000000000000000e+02,-4.200000000000000000e+01
1.679988672193668365e+09,1.658400000000000000e+04,5.120000000000000000e+02,-7.840000000000000000e+02,-1.153000000000000000e+03,-6.220000000000000000e+02,-4.200000000000000000e+01
1.679988672195402145e+09,1.658400000000000000e+04,5.120000000000000000e+02,-7.840000000000000000e+02,-1.153000000000000000e+03,-6.220000000000000000e+02,-4.200000000000000000e+01
1.679988672196337223e+09,1.658400000000000000e+04,5.120000000000000000e+02,-7.840000000000000000e+02,-1.153000000000000000e+03,-6.220000000000000000e+02,-4.200000000000000000e+01
1.679988672198084831e+09,1.658400000000000000e+04,5.120000000000000000e+02,-7.840000000000000000e+02,-1.153000000000000000e+03,-6.220000000000000000e+02,-4.200000000000000000e+01
1.679988672198893785e+09,1.658400000000000000e+04,5.120000000000000000e+02,-7.840000000000000000e+02,-1.153000000000000000e+03,-6.220000000000000000e+02,-4.200000000000000000e+01
1.679988672200669765e+09,1.658400000000000000e+04,5.120000000000000000e+02,-7.840000000000000000e+02,-1.153000000000000000e+03,-6.220000000000000000e+02,-4.200000000000000000e+01
1.679988672201497555e+09,1.658400000000000000e+04,5.120000000000000000e+02,-7.840000000000000000e+02,-1.153000000000000000e+03,-6.220000000000000000e+02,-4.200000000000000000e+01
1.679988672203215361e+09,1.658400000000000000e+04,5.120000000000000000e+02,-7.840000000000000000e+02,-1.153000000000000000e+03,-6.220000000000000000e+02,-4.200000000000000000e+01
1.679988672204050064e+09,1.658400000000000000e+04,5.120000000000000000e+02,-7.840000000000000000e+02,-1.153000000000000000e+03,-6.220000000000000000e+02,-4.200000000000000000e+01
1.679988672205936193e+09,1.658400000000000000e+04,5.120000000000000000e+02,-7.840000000000000000e+02,-1.153000000000000000e+03,-6.220000000000000000e+02,-4.200000000000000000e+01
1.679988672206717730e+09,1.658400000000000000e+04,5.120000000000000000e+02,-7.840000000000000000e+02,-1.153000000000000000e+03,-6.220000000000000000e+02,-4.200000000000000000e+01
1.679988672208456993e+09,1.658400000000000000e+04,5.120000000000000000e+02,-7.840000000000000000e+02,-1.153000000000000000e+03,-6.220000000000000000e+02,-4.200000000000000000e+01
1.679988672209279537e+09,1.658400000000000000e+04,5.120000000000000000e+02,-7.840000000000000000e+02,-1.153000000000000000e+03,-6.220000000000000000e+02,-4.200000000000000000e+01
1.679988672211085796e+09,1.658400000000000000e+04,5.120000000000000000e+02,-7.840000000000000000e+02,-1.153000000000000000e+03,-6.220000000000000000e+02,-4.200000000000000000e+01
1.679988672211897135e+09,1.658400000000000000e+04,5.120000000000000000e+02,-7.840000000000000000e+02,-1.153000000000000000e+03,-6.220000000000000000e+02,-4.200000000000000000e+01
1.679988672213682413e+09,1.658400000000000000e+04,5.120000000000000000e+02,-7.840000000000000000e+02,-1.153000000000000000e+03,-6.220000000000000000e+02,-4.200000000000000000e+01
1.679988672214563131e+09,1.658400000000000000e+04,5.120000000000000000e+02,-7.840000000000000000e+02,-1.153000000000000000e+03,-6.220000000000000000e+02,-4.200000000000000000e+01
1.679988672216508627e+09,1.658400000000000000e+04,5.120000000000000000e+02,-7.840000000000000000e+02,-1.153000000000000000e+03,-6.220000000000000000e+02,-4.200000000000000000e+01
1.679988672217187166e+09,1.658400000000000000e+04,5.120000000000000000e+02,-7.840000000000000000e+02,-1.153000000000000000e+03,-6.220000000000000000e+02,-4.200000000000000000e+01
1.679988672219369888e+09,1.658400000000000000e+04,5.120000000000000000e+02,-7.840000000000000000e+02,-1.153000000000000000e+03,-6.220000000000000000e+02,-4.200000000000000000e+01
1.679988672219905853e+09,1.658400000000000000e+04,5.120000000000000000e+02,-7.840000000000000000e+02,-1.153000000000000000e+03,-6.220000000000000000e+02,-4.200000000000000000e+01
1.679988672221677065e+09,1.658400000000000000e+04,5.120000000000000000e+02,-7.840000000000000000e+02,-1.153000000000000000e+03,-6.220000000000000000e+02,-4.200000000000000000e+01
1.679988672222239971e+09,1.658400000000000000e+04,5.120000000000000000e+02,-7.840000000000000000e+02,-1.153000000000000000e+03,-6.220000000000000000e+02,-4.200000000000000000e+01
1.679988672224141598e+09,1.658400000000000000e+04,5.120000000000000000e+02,-7.840000000000000000e+02,-1.153000000000000000e+03,-6.220000000000000000e+02,-4.200000000000000000e+01
1.679988672224666834e+09,1.658400000000000000e+04,5.120000000000000000e+02,-7.840000000000000000e+02,-1.153000000000000000e+03,-6.220000000000000000e+02,-4.200000000000000000e+01
1.679988672226599216e+09,1.658400000000000000e+04,5.120000000000000000e+02,-7.840000000000000000e+02,-1.153000000000000000e+03,-6.220000000000000000e+02,-4.200000000000000000e+01
1.679988672227119684e+09,1.658400000000000000e+04,5.120000000000000000e+02,-7.840000000000000000e+02,-1.153000000000000000e+03,-6.220000000000000000e+02,-4.200000000000000000e+01
1.679988672229013205e+09,1.658400000000000000e+04,5.120000000000000000e+02,-7.840000000000000000e+02,-1.153000000000000000e+03,-6.220000000000000000e+02,-4.200000000000000000e+01
1.679988672229534388e+09,1.658400000000000000e+04,5.120000000000000000e+02,-7.840000000000000000e+02,-1.153000000000000000e+03,-6.220000000000000000e+02,-4.200000000000000000e+01
1.679988672231414080e+09,1.658400000000000000e+04,5.120000000000000000e+02,-7.840000000000000000e+02,-1.153000000000000000e+03,-6.220000000000000000e+02,-4.200000000000000000e+01
1.679988672231927633e+09,1.658400000000000000e+04,5.120000000000000000e+02,-7.840000000000000000e+02,-1.153000000000000000e+03,-6.220000000000000000e+02,-4.200000000000000000e+01
1.679988672233821869e+09,1.658400000000000000e+04,5.120000000000000000e+02,-7.840000000000000000e+02,-1.153000000000000000e+03,-6.220000000000000000e+02,-4.200000000000000000e+01
1.679988672234363794e+09,1.658400000000000000e+04,5.120000000000000000e+02,-7.840000000000000000e+02,-1.153000000000000000e+03,-6.220000000000000000e+02,-4.200000000000000000e+01
1.679988672236240149e+09,1.658400000000000000e+04,5.120000000000000000e+02,-7.840000000000000000e+02,-1.153000000000000000e+03,-6.220000000000000000e+02,-4.200000000000000000e+01
1.679988672236761808e+09,1.658400000000000000e+04,5.120000000000000000e+02,-7.840000000000000000e+02,-1.153000000000000000e+03,-6.220000000000000000e+02,-4.200000000000000000e+01
1.679988672238675117e+09,1.658400000000000000e+04,5.120000000000000000e+02,-7.840000000000000000e+02,-1.153000000000000000e+03,-6.220000000000000000e+02,-4.200000000000000000e+01
1.679988672239203215e+09,1.658400000000000000e+04,5.120000000000000000e+02,-7.840000000000000000e+02,-1.153000000000000000e+03,-6.220000000000000000e+02,-4.200000000000000000e+01
1.679988672241089821e+09,1.658400000000000000e+04,5.120000000000000000e+02,-7.840000000000000000e+02,-1.153000000000000000e+03,-6.220000000000000000e+02,-4.200000000000000000e+01
1.679988672241629601e+09,1.658400000000000000e+04,5.120000000000000000e+02,-7.840000000000000000e+02,-1.153000000000000000e+03,-6.220000000000000000e+02,-4.200000000000000000e+01
1.679988672243512392e+09,1.658400000000000000e+04,5.120000000000000000e+02,-7.840000000000000000e+02,-1.153000000000000000e+03,-6.220000000000000000e+02,-4.200000000000000000e+01
1.679988672244040012e+09,1.658400000000000000e+04,5.120000000000000000e+02,-7.840000000000000000e+02,-1.153000000000000000e+03,-6.220000000000000000e+02,-4.200000000000000000e+01
1.679988672246007204e+09,1.658400000000000000e+04,5.120000000000000000e+02,-7.840000000000000000e+02,-1.153000000000000000e+03,-6.220000000000000000e+02,-4.200000000000000000e+01
1.679988672246513128e+09,1.658400000000000000e+04,5.120000000000000000e+02,-7.840000000000000000e+02,-1.153000000000000000e+03,-6.220000000000000000e+02,-4.200000000000000000e+01
1.679988672248424053e+09,1.658400000000000000e+04,5.120000000000000000e+02,-7.840000000000000000e+02,-1.153000000000000000e+03,-6.220000000000000000e+02,-4.200000000000000000e+01
1.679988672248960257e+09,1.658400000000000000e+04,5.120000000000000000e+02,-7.840000000000000000e+02,-1.153000000000000000e+03,-6.220000000000000000e+02,-4.200000000000000000e+01
1.679988672250848055e+09,1.658400000000000000e+04,5.120000000000000000e+02,-7.840000000000000000e+02,-1.153000000000000000e+03,-6.220000000000000000e+02,-4.200000000000000000e+01
1.679988672251370192e+09,1.658400000000000000e+04,5.120000000000000000e+02,-7.840000000000000000e+02,-1.153000000000000000e+03,-6.220000000000000000e+02,-4.200000000000000000e+01
1.679988672253255844e+09,1.658400000000000000e+04,5.120000000000000000e+02,-7.840000000000000000e+02,-1.153000000000000000e+03,-6.220000000000000000e+02,-4.200000000000000000e+01
1.679988672253786087e+09,1.658400000000000000e+04,5.120000000000000000e+02,-7.840000000000000000e+02,-1.153000000000000000e+03,-6.220000000000000000e+02,-4.200000000000000000e+01
1.679988672255719185e+09,1.658400000000000000e+04,5.120000000000000000e+02,-7.840000000000000000e+02,-1.153000000000000000e+03,-6.220000000000000000e+02,-4.200000000000000000e+01
1.679988672256258011e+09,1.658400000000000000e+04,5.120000000000000000e+02,-7.840000000000000000e+02,-1.153000000000000000e+03,-6.220000000000000000e+02,-4.200000000000000000e+01
1.679988672258098364e+09,1.658400000000000000e+04,5.120000000000000000e+02,-7.840000000000000000e+02,-1.153000000000000000e+03,-6.220000000000000000e+02,-4.200000000000000000e+01
1.679988672258606434e+09,1.658400000000000000e+04,5.120000000000000000e+02,-7.840000000000000000e+02,-1.153000000000000000e+03,-6.220000000000000000e+02,-4.200000000000000000e+01
1.679988672260501862e+09,1.658400000000000000e+04,5.120000000000000000e+02,-7.840000000000000000e+02,-1.153000000000000000e+03,-6.220000000000000000e+02,-4.200000000000000000e+01
1.679988672261010647e+09,1.658400000000000000e+04,5.120000000000000000e+02,-7.840000000000000000e+02,-1.153000000000000000e+03,-6.220000000000000000e+02,-4.200000000000000000e+01
1.679988672262902737e+09,1.658400000000000000e+04,5.120000000000000000e+02,-7.840000000000000000e+02,-1.153000000000000000e+03,-6.220000000000000000e+02,-4.200000000000000000e+01
1.679988672263438225e+09,1.658400000000000000e+04,5.120000000000000000e+02,-7.840000000000000000e+02,-1.153000000000000000e+03,-6.220000000000000000e+02,-4.200000000000000000e+01
1.679988672265316963e+09,1.658400000000000000e+04,5.120000000000000000e+02,-7.840000000000000000e+02,-1.153000000000000000e+03,-6.220000000000000000e+02,-4.200000000000000000e+01
1.679988672265924454e+09,1.658400000000000000e+04,5.120000000000000000e+02,-7.840000000000000000e+02,-1.153000000000000000e+03,-6.220000000000000000e+02,-4.200000000000000000e+01
1.679988672267821312e+09,1.658400000000000000e+04,5.120000000000000000e+02,-7.840000000000000000e+02,-1.153000000000000000e+03,-6.220000000000000000e+02,-4.200000000000000000e+01
1.679988672268375158e+09,1.658400000000000000e+04,5.120000000000000000e+02,-7.840000000000000000e+02,-1.153000000000000000e+03,-6.220000000000000000e+02,-4.200000000000000000e+01
1.679988672270278215e+09,1.658400000000000000e+04,5.120000000000000000e+02,-7.840000000000000000e+02,-1.153000000000000000e+03,-6.220000000000000000e+02,-4.200000000000000000e+01
1.679988672270810127e+09,1.658400000000000000e+04,5.120000000000000000e+02,-7.840000000000000000e+02,-1.153000000000000000e+03,-6.220000000000000000e+02,-4.200000000000000000e+01
1.679988672272654295e+09,1.658400000000000000e+04,5.120000000000000000e+02,-7.840000000000000000e+02,-1.153000000000000000e+03,-6.220000000000000000e+02,-4.200000000000000000e+01
1.679988672273188591e+09,1.658400000000000000e+04,5.120000000000000000e+02,-7.840000000000000000e+02,-1.153000000000000000e+03,-6.220000000000000000e+02,-4.200000000000000000e+01
1.679988672275084734e+09,1.658400000000000000e+04,5.120000000000000000e+02,-7.840000000000000000e+02,-1.153000000000000000e+03,-6.220000000000000000e+02,-4.200000000000000000e+01
1.679988672275699615e+09,1.658400000000000000e+04,5.120000000000000000e+02,-7.840000000000000000e+02,-1.153000000000000000e+03,-6.220000000000000000e+02,-4.200000000000000000e+01
1.679988672277544260e+09,1.658400000000000000e+04,5.120000000000000000e+02,-7.840000000000000000e+02,-1.153000000000000000e+03,-6.220000000000000000e+02,-4.200000000000000000e+01
1.679988672278087616e+09,1.658400000000000000e+04,5.120000000000000000e+02,-7.840000000000000000e+02,-1.153000000000000000e+03,-6.220000000000000000e+02,-4.200000000000000000e+01
1.679988672279962540e+09,1.658400000000000000e+04,5.120000000000000000e+02,-7.840000000000000000e+02,-1.153000000000000000e+03,-6.220000000000000000e+02,-4.200000000000000000e+01
1.679988672280490160e+09,1.658400000000000000e+04,5.120000000000000000e+02,-7.840000000000000000e+02,-1.153000000000000000e+03,-6.220000000000000000e+02,-4.200000000000000000e+01
1.679988672282393932e+09,1.658400000000000000e+04,5.120000000000000000e+02,-7.840000000000000000e+02,-1.153000000000000000e+03,-6.220000000000000000e+02,-4.200000000000000000e+01
1.679988672282918930e+09,1.658400000000000000e+04,5.120000000000000000e+02,-7.840000000000000000e+02,-1.153000000000000000e+03,-6.220000000000000000e+02,-4.200000000000000000e+01
1.679988672284824133e+09,1.658400000000000000e+04,5.120000000000000000e+02,-7.840000000000000000e+02,-1.153000000000000000e+03,-6.220000000000000000e+02,-4.200000000000000000e+01
1.679988672285363913e+09,1.658400000000000000e+04,5.120000000000000000e+02,-7.840000000000000000e+02,-1.153000000000000000e+03,-6.220000000000000000e+02,-4.200000000000000000e+01
1.679988672287240028e+09,1.658400000000000000e+04,5.120000000000000000e+02,-7.840000000000000000e+02,-1.153000000000000000e+03,-6.220000000000000000e+02,-4.200000000000000000e+01
1.679988672287766218e+09,1.658400000000000000e+04,5.120000000000000000e+02,-7.840000000000000000e+02,-1.153000000000000000e+03,-6.220000000000000000e+02,-4.200000000000000000e+01
1.679988672289667845e+09,1.658400000000000000e+04,5.120000000000000000e+02,-7.840000000000000000e+02,-1.153000000000000000e+03,-6.220000000000000000e+02,-4.200000000000000000e+01
1.679988672290191889e+09,1.658400000000000000e+04,5.120000000000000000e+02,-7.840000000000000000e+02,-1.153000000000000000e+03,-6.220000000000000000e+02,-4.200000000000000000e+01
1.679988672292093515e+09,1.658400000000000000e+04,5.120000000000000000e+02,-7.840000000000000000e+02,-1.153000000000000000e+03,-6.220000000000000000e+02,-4.200000000000000000e+01
1.679988672292631626e+09,1.658400000000000000e+04,5.120000000000000000e+02,-7.840000000000000000e+02,-1.153000000000000000e+03,-6.220000000000000000e+02,-4.200000000000000000e+01
1.679988672294507027e+09,1.658400000000000000e+04,5.120000000000000000e+02,-7.840000000000000000e+02,-1.153000000000000000e+03,-6.220000000000000000e+02,-4.200000000000000000e+01
1.679988672295039177e+09,1.658400000000000000e+04,5.120000000000000000e+02,-7.840000000000000000e+02,-1.153000000000000000e+03,-6.220000000000000000e+02,-4.200000000000000000e+01
1.679988672296929836e+09,1.658400000000000000e+04,5.120000000000000000e+02,-7.840000000000000000e+02,-1.153000000000000000e+03,-6.220000000000000000e+02,-4.200000000000000000e+01
1.679988672297469854e+09,1.658400000000000000e+04,5.120000000000000000e+02,-7.840000000000000000e+02,-1.153000000000000000e+03,-6.220000000000000000e+02,-4.200000000000000000e+01
1.679988672299391031e+09,1.658400000000000000e+04,5.120000000000000000e+02,-7.840000000000000000e+02,-1.153000000000000000e+03,-6.220000000000000000e+02,-4.200000000000000000e+01
1.679988672299933195e+09,1.658400000000000000e+04,5.120000000000000000e+02,-7.840000000000000000e+02,-1.153000000000000000e+03,-6.220000000000000000e+02,-4.200000000000000000e+01
1.679988672301743269e+09,1.658400000000000000e+04,5.120000000000000000e+02,-7.840000000000000000e+02,-1.153000000000000000e+03,-6.220000000000000000e+02,-4.200000000000000000e+01
1.679988672302285671e+09,1.658400000000000000e+04,5.120000000000000000e+02,-7.840000000000000000e+02,-1.153000000000000000e+03,-6.220000000000000000e+02,-4.200000000000000000e+01
1.679988672304206371e+09,1.658400000000000000e+04,5.120000000000000000e+02,-7.840000000000000000e+02,-1.153000000000000000e+03,-6.220000000000000000e+02,-4.200000000000000000e+01
1.679988672304737806e+09,1.658400000000000000e+04,5.120000000000000000e+02,-7.840000000000000000e+02,-1.153000000000000000e+03,-6.220000000000000000e+02,-4.200000000000000000e+01
1.679988672306664705e+09,1.658400000000000000e+04,5.120000000000000000e+02,-7.840000000000000000e+02,-1.153000000000000000e+03,-6.220000000000000000e+02,-4.200000000000000000e+01
1.679988672307207584e+09,1.658400000000000000e+04,5.120000000000000000e+02,-7.840000000000000000e+02,-1.153000000000000000e+03,-6.220000000000000000e+02,-4.200000000000000000e+01
1.679988672309067011e+09,1.658400000000000000e+04,5.120000000000000000e+02,-7.840000000000000000e+02,-1.153000000000000000e+03,-6.220000000000000000e+02,-4.200000000000000000e+01
1.679988672309600353e+09,1.658400000000000000e+04,5.120000000000000000e+02,-7.840000000000000000e+02,-1.153000000000000000e+03,-6.220000000000000000e+02,-4.200000000000000000e+01
1.679988672311541319e+09,1.658400000000000000e+04,5.120000000000000000e+02,-7.840000000000000000e+02,-1.153000000000000000e+03,-6.220000000000000000e+02,-4.200000000000000000e+01
1.679988672312076807e+09,1.658400000000000000e+04,5.120000000000000000e+02,-7.840000000000000000e+02,-1.153000000000000000e+03,-6.220000000000000000e+02,-4.200000000000000000e+01
1.679988672313973188e+09,1.658400000000000000e+04,5.120000000000000000e+02,-7.840000000000000000e+02,-1.153000000000000000e+03,-6.220000000000000000e+02,-4.200000000000000000e+01
1.679988672314503431e+09,1.658400000000000000e+04,5.120000000000000000e+02,-7.840000000000000000e+02,-1.153000000000000000e+03,-6.220000000000000000e+02,-4.200000000000000000e+01
1.679988672316428185e+09,1.658400000000000000e+04,5.120000000000000000e+02,-7.840000000000000000e+02,-1.153000000000000000e+03,-6.220000000000000000e+02,-4.200000000000000000e+01
1.679988672316942930e+09,1.658400000000000000e+04,5.120000000000000000e+02,-7.840000000000000000e+02,-1.153000000000000000e+03,-6.220000000000000000e+02,-4.200000000000000000e+01
1.679988672318872690e+09,1.658400000000000000e+04,5.120000000000000000e+02,-7.840000000000000000e+02,-1.153000000000000000e+03,-6.220000000000000000e+02,-4.200000000000000000e+01
1.679988672319387913e+09,1.658400000000000000e+04,5.120000000000000000e+02,-7.840000000000000000e+02,-1.153000000000000000e+03,-6.220000000000000000e+02,-4.200000000000000000e+01
1.679988672321284294e+09,1.658400000000000000e+04,5.120000000000000000e+02,-7.840000000000000000e+02,-1.153000000000000000e+03,-6.220000000000000000e+02,-4.200000000000000000e+01
1.679988672321797371e+09,1.658400000000000000e+04,5.120000000000000000e+02,-7.840000000000000000e+02,-1.153000000000000000e+03,-6.220000000000000000e+02,-4.200000000000000000e+01
1.679988672323694229e+09,1.658400000000000000e+04,5.120000000000000000e+02,-7.840000000000000000e+02,-1.153000000000000000e+03,-6.220000000000000000e+02,-4.200000000000000000e+01
1.679988672324205875e+09,1.658400000000000000e+04,5.120000000000000000e+02,-7.840000000000000000e+02,-1.153000000000000000e+03,-6.220000000000000000e+02,-4.200000000000000000e+01
1.679988672326192379e+09,1.658400000000000000e+04,5.120000000000000000e+02,-7.840000000000000000e+02,-1.153000000000000000e+03,-6.220000000000000000e+02,-4.200000000000000000e+01
1.679988672326700449e+09,1.658400000000000000e+04,5.120000000000000000e+02,-7.840000000000000000e+02,-1.153000000000000000e+03,-6.220000000000000000e+02,-4.200000000000000000e+01
1.679988672328604460e+09,1.658400000000000000e+04,5.120000000000000000e+02,-7.840000000000000000e+02,-1.153000000000000000e+03,-6.220000000000000000e+02,-4.200000000000000000e+01
1.679988672329148531e+09,1.658400000000000000e+04,5.120000000000000000e+02,-7.840000000000000000e+02,-1.153000000000000000e+03,-6.220000000000000000e+02,-4.200000000000000000e+01
1.679988672331031084e+09,1.658400000000000000e+04,5.120000000000000000e+02,-7.840000000000000000e+02,-1.153000000000000000e+03,-6.220000000000000000e+02,-4.200000000000000000e+01
1.679988672331578016e+09,1.658400000000000000e+04,5.120000000000000000e+02,-7.840000000000000000e+02,-1.153000000000000000e+03,-6.220000000000000000e+02,-4.200000000000000000e+01
1.679988672333462954e+09,1.658400000000000000e+04,5.120000000000000000e+02,-7.840000000000000000e+02,-1.153000000000000000e+03,-6.220000000000000000e+02,-4.200000000000000000e+01
1.679988672333990335e+09,1.658400000000000000e+04,5.120000000000000000e+02,-7.840000000000000000e+02,-1.153000000000000000e+03,-6.220000000000000000e+02,-4.200000000000000000e+01
1.679988672335943699e+09,1.658400000000000000e+04,5.120000000000000000e+02,-7.840000000000000000e+02,-1.153000000000000000e+03,-6.220000000000000000e+02,-4.200000000000000000e+01
1.679988672336471796e+09,1.658400000000000000e+04,5.120000000000000000e+02,-7.840000000000000000e+02,-1.153000000000000000e+03,-6.220000000000000000e+02,-4.200000000000000000e+01
1.679988672338351250e+09,1.658400000000000000e+04,5.120000000000000000e+02,-7.840000000000000000e+02,-1.153000000000000000e+03,-6.220000000000000000e+02,-4.200000000000000000e+01
1.679988672338884115e+09,1.658400000000000000e+04,5.120000000000000000e+02,-7.840000000000000000e+02,-1.153000000000000000e+03,-6.220000000000000000e+02,-4.200000000000000000e+01
1.679988672340808868e+09,1.658400000000000000e+04,5.120000000000000000e+02,-7.840000000000000000e+02,-1.153000000000000000e+03,-6.220000000000000000e+02,-4.200000000000000000e+01
1.679988672341327667e+09,1.658400000000000000e+04,5.120000000000000000e+02,-7.840000000000000000e+02,-1.153000000000000000e+03,-6.220000000000000000e+02,-4.200000000000000000e+01
1.679988672343251944e+09,1.658400000000000000e+04,5.120000000000000000e+02,-7.840000000000000000e+02,-1.153000000000000000e+03,-6.220000000000000000e+02,-4.200000000000000000e+01
1.679988672343792439e+09,1.658400000000000000e+04,5.120000000000000000e+02,-7.840000000000000000e+02,-1.153000000000000000e+03,-6.220000000000000000e+02,-4.200000000000000000e+01
1.679988672345786810e+09,1.658400000000000000e+04,5.120000000000000000e+02,-7.840000000000000000e+02,-1.153000000000000000e+03,-6.220000000000000000e+02,-4.200000000000000000e+01
1.679988672346296072e+09,1.658400000000000000e+04,5.120000000000000000e+02,-7.840000000000000000e+02,-1.153000000000000000e+03,-6.220000000000000000e+02,-4.200000000000000000e+01
1.679988672348216534e+09,1.658400000000000000e+04,5.120000000000000000e+02,-7.840000000000000000e+02,-1.153000000000000000e+03,-6.220000000000000000e+02,-4.200000000000000000e+01
1.679988672348733425e+09,1.658400000000000000e+04,5.120000000000000000e+02,-7.840000000000000000e+02,-1.153000000000000000e+03,-6.220000000000000000e+02,-4.200000000000000000e+01
1.679988672350647211e+09,1.658400000000000000e+04,5.120000000000000000e+02,-7.840000000000000000e+02,-1.153000000000000000e+03,-6.220000000000000000e+02,-4.200000000000000000e+01
1.679988672351176262e+09,1.658400000000000000e+04,5.120000000000000000e+02,-7.840000000000000000e+02,-1.153000000000000000e+03,-6.220000000000000000e+02,-4.200000000000000000e+01
1.679988672353069544e+09,1.658400000000000000e+04,5.120000000000000000e+02,-7.840000000000000000e+02,-1.153000000000000000e+03,-6.220000000000000000e+02,-4.200000000000000000e+01
1.679988672353579521e+09,1.658400000000000000e+04,5.120000000000000000e+02,-7.840000000000000000e+02,-1.153000000000000000e+03,-6.220000000000000000e+02,-4.200000000000000000e+01
1.679988672355554342e+09,1.658400000000000000e+04,5.120000000000000000e+02,-7.840000000000000000e+02,-1.153000000000000000e+03,-6.220000000000000000e+02,-4.200000000000000000e+01
1.679988672356074095e+09,1.658400000000000000e+04,5.120000000000000000e+02,-7.840000000000000000e+02,-1.153000000000000000e+03,-6.220000000000000000e+02,-4.200000000000000000e+01
1.679988672357946873e+09,1.658400000000000000e+04,5.120000000000000000e+02,-7.840000000000000000e+02,-1.153000000000000000e+03,-6.220000000000000000e+02,-4.200000000000000000e+01
1.679988672358470440e+09,1.658400000000000000e+04,5.120000000000000000e+02,-7.840000000000000000e+02,-1.153000000000000000e+03,-6.220000000000000000e+02,-4.200000000000000000e+01
1.679988672360259771e+09,1.658400000000000000e+04,5.120000000000000000e+02,-7.840000000000000000e+02,-1.153000000000000000e+03,-6.220000000000000000e+02,-4.200000000000000000e+01
1.679988672360823870e+09,1.658400000000000000e+04,5.120000000000000000e+02,-7.840000000000000000e+02,-1.153000000000000000e+03,-6.220000000000000000e+02,-4.200000000000000000e+01
1.679988672362929106e+09,1.658400000000000000e+04,5.120000000000000000e+02,-7.840000000000000000e+02,-1.153000000000000000e+03,-6.220000000000000000e+02,-4.200000000000000000e+01
1.679988672363476515e+09,1.658400000000000000e+04,5.120000000000000000e+02,-7.840000000000000000e+02,-1.153000000000000000e+03,-6.220000000000000000e+02,-4.200000000000000000e+01
1.679988672365262747e+09,1.658400000000000000e+04,5.120000000000000000e+02,-7.840000000000000000e+02,-1.153000000000000000e+03,-6.220000000000000000e+02,-4.200000000000000000e+01
1.679988672365837336e+09,1.658400000000000000e+04,5.120000000000000000e+02,-7.840000000000000000e+02,-1.153000000000000000e+03,-6.220000000000000000e+02,-4.200000000000000000e+01
1.679988672368034124e+09,1.658400000000000000e+04,5.120000000000000000e+02,-7.840000000000000000e+02,-1.153000000000000000e+03,-6.220000000000000000e+02,-4.200000000000000000e+01
1.679988672368549109e+09,1.658400000000000000e+04,5.120000000000000000e+02,-7.840000000000000000e+02,-1.153000000000000000e+03,-6.220000000000000000e+02,-4.200000000000000000e+01
1.679988672370458126e+09,1.658400000000000000e+04,5.120000000000000000e+02,-7.840000000000000000e+02,-1.153000000000000000e+03,-6.220000000000000000e+02,-4.200000000000000000e+01
1.679988672370986700e+09,1.658400000000000000e+04,5.120000000000000000e+02,-7.840000000000000000e+02,-1.153000000000000000e+03,-6.220000000000000000e+02,-4.200000000000000000e+01
1.679988672372922421e+09,1.658400000000000000e+04,5.120000000000000000e+02,-7.840000000000000000e+02,-1.153000000000000000e+03,-6.220000000000000000e+02,-4.200000000000000000e+01
1.679988672373477936e+09,1.658400000000000000e+04,5.120000000000000000e+02,-7.840000000000000000e+02,-1.153000000000000000e+03,-6.220000000000000000e+02,-4.200000000000000000e+01
1.679988672375346422e+09,1.658400000000000000e+04,5.120000000000000000e+02,-7.840000000000000000e+02,-1.153000000000000000e+03,-6.220000000000000000e+02,-4.200000000000000000e+01
1.679988672375980377e+09,1.658400000000000000e+04,5.120000000000000000e+02,-7.840000000000000000e+02,-1.153000000000000000e+03,-6.220000000000000000e+02,-4.200000000000000000e+01
1.679988672377779007e+09,1.658400000000000000e+04,5.120000000000000000e+02,-7.840000000000000000e+02,-1.153000000000000000e+03,-6.220000000000000000e+02,-4.200000000000000000e+01
1.679988672378316641e+09,1.658400000000000000e+04,5.120000000000000000e+02,-7.840000000000000000e+02,-1.153000000000000000e+03,-6.220000000000000000e+02,-4.200000000000000000e+01
1.679988672380254030e+09,1.658400000000000000e+04,5.120000000000000000e+02,-7.840000000000000000e+02,-1.153000000000000000e+03,-6.220000000000000000e+02,-4.200000000000000000e+01
1.679988672380787134e+09,1.658400000000000000e+04,5.120000000000000000e+02,-7.840000000000000000e+02,-1.153000000000000000e+03,-6.220000000000000000e+02,-4.200000000000000000e+01
1.679988672382681131e+09,1.658400000000000000e+04,5.120000000000000000e+02,-7.840000000000000000e+02,-1.153000000000000000e+03,-6.220000000000000000e+02,-4.200000000000000000e+01
1.679988672383209467e+09,1.658400000000000000e+04,5.120000000000000000e+02,-7.840000000000000000e+02,-1.153000000000000000e+03,-6.220000000000000000e+02,-4.200000000000000000e+01
1.679988672385110617e+09,1.658400000000000000e+04,5.120000000000000000e+02,-7.840000000000000000e+02,-1.153000000000000000e+03,-6.220000000000000000e+02,-4.200000000000000000e+01
1.679988672385696411e+09,1.658400000000000000e+04,5.120000000000000000e+02,-7.840000000000000000e+02,-1.153000000000000000e+03,-6.220000000000000000e+02,-4.200000000000000000e+01
1.679988672387604713e+09,1.658400000000000000e+04,5.120000000000000000e+02,-7.840000000000000000e+02,-1.153000000000000000e+03,-6.220000000000000000e+02,-4.200000000000000000e+01
1.679988672388142586e+09,1.658400000000000000e+04,5.120000000000000000e+02,-7.840000000000000000e+02,-1.153000000000000000e+03,-6.220000000000000000e+02,-4.200000000000000000e+01
1.679988672390029430e+09,1.658400000000000000e+04,5.120000000000000000e+02,-7.840000000000000000e+02,-1.153000000000000000e+03,-6.220000000000000000e+02,-4.200000000000000000e+01
1.679988672390553713e+09,1.658400000000000000e+04,5.120000000000000000e+02,-7.840000000000000000e+02,-1.153000000000000000e+03,-6.220000000000000000e+02,-4.200000000000000000e+01
1.679988672392491817e+09,1.658400000000000000e+04,5.120000000000000000e+02,-7.840000000000000000e+02,-1.153000000000000000e+03,-6.220000000000000000e+02,-4.200000000000000000e+01
1.679988672393023968e+09,1.658400000000000000e+04,5.120000000000000000e+02,-7.840000000000000000e+02,-1.153000000000000000e+03,-6.220000000000000000e+02,-4.200000000000000000e+01
1.679988672394942760e+09,1.658400000000000000e+04,5.120000000000000000e+02,-7.840000000000000000e+02,-1.153000000000000000e+03,-6.220000000000000000e+02,-4.200000000000000000e+01
1.679988672395555258e+09,1.658400000000000000e+04,5.120000000000000000e+02,-7.840000000000000000e+02,-1.153000000000000000e+03,-6.220000000000000000e+02,-4.200000000000000000e+01
1.679988672397392035e+09,1.658400000000000000e+04,5.120000000000000000e+02,-7.840000000000000000e+02,-1.153000000000000000e+03,-6.220000000000000000e+02,-4.200000000000000000e+01
1.679988672397938967e+09,1.658400000000000000e+04,5.120000000000000000e+02,-7.840000000000000000e+02,-1.153000000000000000e+03,-6.220000000000000000e+02,-4.200000000000000000e+01
1.679988672399795771e+09,1.658400000000000000e+04,5.120000000000000000e+02,-7.840000000000000000e+02,-1.153000000000000000e+03,-6.220000000000000000e+02,-4.200000000000000000e+01
1.679988672400326729e+09,1.658400000000000000e+04,5.120000000000000000e+02,-7.840000000000000000e+02,-1.153000000000000000e+03,-6.220000000000000000e+02,-4.200000000000000000e+01
1.679988672402312994e+09,1.658400000000000000e+04,5.120000000000000000e+02,-7.840000000000000000e+02,-1.153000000000000000e+03,-6.220000000000000000e+02,-4.200000000000000000e+01
1.679988672402841330e+09,1.658400000000000000e+04,5.120000000000000000e+02,-7.840000000000000000e+02,-1.153000000000000000e+03,-6.220000000000000000e+02,-4.200000000000000000e+01
1.679988672404770136e+09,1.658400000000000000e+04,5.120000000000000000e+02,-7.840000000000000000e+02,-1.153000000000000000e+03,-6.220000000000000000e+02,-4.200000000000000000e+01
1.679988672405314207e+09,1.658400000000000000e+04,5.120000000000000000e+02,-7.840000000000000000e+02,-1.153000000000000000e+03,-6.220000000000000000e+02,-4.200000000000000000e+01
1.679988672407240152e+09,1.658400000000000000e+04,5.120000000000000000e+02,-7.840000000000000000e+02,-1.153000000000000000e+03,-6.220000000000000000e+02,-4.200000000000000000e+01
1.679988672407764435e+09,1.658400000000000000e+04,5.120000000000000000e+02,-7.840000000000000000e+02,-1.153000000000000000e+03,-6.220000000000000000e+02,-4.200000000000000000e+01
1.679988672409594059e+09,1.658400000000000000e+04,5.120000000000000000e+02,-7.840000000000000000e+02,-1.153000000000000000e+03,-6.220000000000000000e+02,-4.200000000000000000e+01
1.679988672410118103e+09,1.658400000000000000e+04,5.120000000000000000e+02,-7.840000000000000000e+02,-1.153000000000000000e+03,-6.220000000000000000e+02,-4.200000000000000000e+01
1.679988672412233829e+09,1.658400000000000000e+04,5.120000000000000000e+02,-7.840000000000000000e+02,-1.153000000000000000e+03,-6.220000000000000000e+02,-4.200000000000000000e+01
1.679988672412789822e+09,1.658400000000000000e+04,5.120000000000000000e+02,-7.840000000000000000e+02,-1.153000000000000000e+03,-6.220000000000000000e+02,-4.200000000000000000e+01
1.679988672414661646e+09,1.658400000000000000e+04,5.120000000000000000e+02,-7.840000000000000000e+02,-1.153000000000000000e+03,-6.220000000000000000e+02,-4.200000000000000000e+01
1.679988672415200710e+09,1.658400000000000000e+04,5.120000000000000000e+02,-7.840000000000000000e+02,-1.153000000000000000e+03,-6.220000000000000000e+02,-4.200000000000000000e+01
1.679988672417201996e+09,1.658400000000000000e+04,5.120000000000000000e+02,-7.840000000000000000e+02,-1.153000000000000000e+03,-6.220000000000000000e+02,-4.200000000000000000e+01
1.679988672417732000e+09,1.658400000000000000e+04,5.120000000000000000e+02,-7.840000000000000000e+02,-1.153000000000000000e+03,-6.220000000000000000e+02,-4.200000000000000000e+01
1.679988672419679403e+09,1.658400000000000000e+04,5.120000000000000000e+02,-7.840000000000000000e+02,-1.153000000000000000e+03,-6.220000000000000000e+02,-4.200000000000000000e+01
1.679988672420224667e+09,1.658400000000000000e+04,5.120000000000000000e+02,-7.840000000000000000e+02,-1.153000000000000000e+03,-6.220000000000000000e+02,-4.200000000000000000e+01
1.679988672422101259e+09,1.658400000000000000e+04,5.120000000000000000e+02,-7.840000000000000000e+02,-1.153000000000000000e+03,-6.220000000000000000e+02,-4.200000000000000000e+01
1.679988672422643185e+09,1.658400000000000000e+04,5.120000000000000000e+02,-7.840000000000000000e+02,-1.153000000000000000e+03,-6.220000000000000000e+02,-4.200000000000000000e+01
1.679988672424534321e+09,1.658400000000000000e+04,5.120000000000000000e+02,-7.840000000000000000e+02,-1.153000000000000000e+03,-6.220000000000000000e+02,-4.200000000000000000e+01
1.679988672425086975e+09,1.658400000000000000e+04,5.120000000000000000e+02,-7.840000000000000000e+02,-1.153000000000000000e+03,-6.220000000000000000e+02,-4.200000000000000000e+01
1.679988672427042484e+09,1.658400000000000000e+04,5.120000000000000000e+02,-7.840000000000000000e+02,-1.153000000000000000e+03,-6.220000000000000000e+02,-4.200000000000000000e+01
1.679988672427582502e+09,1.658400000000000000e+04,5.120000000000000000e+02,-7.840000000000000000e+02,-1.153000000000000000e+03,-6.220000000000000000e+02,-4.200000000000000000e+01
1.679988672429481506e+09,1.658400000000000000e+04,5.120000000000000000e+02,-7.840000000000000000e+02,-1.153000000000000000e+03,-6.220000000000000000e+02,-4.200000000000000000e+01
1.679988672430023670e+09,1.658400000000000000e+04,5.120000000000000000e+02,-7.840000000000000000e+02,-1.153000000000000000e+03,-6.220000000000000000e+02,-4.200000000000000000e+01
1.679988672431946039e+09,1.658400000000000000e+04,5.120000000000000000e+02,-7.840000000000000000e+02,-1.153000000000000000e+03,-6.220000000000000000e+02,-4.200000000000000000e+01
1.679988672432493210e+09,1.658400000000000000e+04,5.120000000000000000e+02,-7.840000000000000000e+02,-1.153000000000000000e+03,-6.220000000000000000e+02,-4.200000000000000000e+01
1.679988672434318781e+09,1.658400000000000000e+04,5.120000000000000000e+02,-7.840000000000000000e+02,-1.153000000000000000e+03,-6.220000000000000000e+02,-4.200000000000000000e+01
1.679988672434848547e+09,1.658400000000000000e+04,5.120000000000000000e+02,-7.840000000000000000e+02,-1.153000000000000000e+03,-6.220000000000000000e+02,-4.200000000000000000e+01
1.679988672437004805e+09,1.658400000000000000e+04,5.120000000000000000e+02,-7.840000000000000000e+02,-1.153000000000000000e+03,-6.220000000000000000e+02,-4.200000000000000000e+01
1.679988672437542439e+09,1.658400000000000000e+04,5.120000000000000000e+02,-7.840000000000000000e+02,-1.153000000000000000e+03,-6.220000000000000000e+02,-4.200000000000000000e+01
1.679988672439453125e+09,1.658400000000000000e+04,5.120000000000000000e+02,-7.840000000000000000e+02,-1.153000000000000000e+03,-6.220000000000000000e+02,-4.200000000000000000e+01
1.679988672439973593e+09,1.658400000000000000e+04,5.120000000000000000e+02,-7.840000000000000000e+02,-1.153000000000000000e+03,-6.220000000000000000e+02,-4.200000000000000000e+01
1.679988672441890001e+09,1.658400000000000000e+04,5.120000000000000000e+02,-7.840000000000000000e+02,-1.153000000000000000e+03,-6.220000000000000000e+02,-4.200000000000000000e+01
1.679988672442442656e+09,1.658400000000000000e+04,5.120000000000000000e+02,-7.840000000000000000e+02,-1.153000000000000000e+03,-6.220000000000000000e+02,-4.200000000000000000e+01
1.679988672444347620e+09,1.658400000000000000e+04,5.120000000000000000e+02,-7.840000000000000000e+02,-1.153000000000000000e+03,-6.220000000000000000e+02,-4.200000000000000000e+01
1.679988672444881916e+09,1.658400000000000000e+04,5.120000000000000000e+02,-7.840000000000000000e+02,-1.153000000000000000e+03,-6.220000000000000000e+02,-4.200000000000000000e+01
1.679988672446852207e+09,1.658400000000000000e+04,5.120000000000000000e+02,-7.840000000000000000e+02,-1.153000000000000000e+03,-6.220000000000000000e+02,-4.200000000000000000e+01
1.679988672447385788e+09,1.658400000000000000e+04,5.120000000000000000e+02,-7.840000000000000000e+02,-1.153000000000000000e+03,-6.220000000000000000e+02,-4.200000000000000000e+01
1.679988672449324608e+09,1.658400000000000000e+04,5.120000000000000000e+02,-7.840000000000000000e+02,-1.153000000000000000e+03,-6.220000000000000000e+02,-4.200000000000000000e+01
1.679988672449878693e+09,1.658400000000000000e+04,5.120000000000000000e+02,-7.840000000000000000e+02,-1.153000000000000000e+03,-6.220000000000000000e+02,-4.200000000000000000e+01
1.679988672451789141e+09,1.658400000000000000e+04,5.120000000000000000e+02,-7.840000000000000000e+02,-1.153000000000000000e+03,-6.220000000000000000e+02,-4.200000000000000000e+01
1.679988672452321053e+09,1.658400000000000000e+04,5.120000000000000000e+02,-7.840000000000000000e+02,-1.153000000000000000e+03,-6.220000000000000000e+02,-4.200000000000000000e+01
1.679988672454314232e+09,1.658400000000000000e+04,5.120000000000000000e+02,-7.840000000000000000e+02,-1.153000000000000000e+03,-6.220000000000000000e+02,-4.200000000000000000e+01
1.679988672454831362e+09,1.658400000000000000e+04,5.120000000000000000e+02,-7.840000000000000000e+02,-1.153000000000000000e+03,-6.220000000000000000e+02,-4.200000000000000000e+01
1.679988672456798553e+09,1.658400000000000000e+04,5.120000000000000000e+02,-7.840000000000000000e+02,-1.153000000000000000e+03,-6.220000000000000000e+02,-4.200000000000000000e+01
1.679988672457351685e+09,1.658400000000000000e+04,5.120000000000000000e+02,-7.840000000000000000e+02,-1.153000000000000000e+03,-6.220000000000000000e+02,-4.200000000000000000e+01
1.679988672459183931e+09,1.658400000000000000e+04,5.120000000000000000e+02,-7.840000000000000000e+02,-1.153000000000000000e+03,-6.220000000000000000e+02,-4.200000000000000000e+01
1.679988672459732294e+09,1.658400000000000000e+04,5.120000000000000000e+02,-7.840000000000000000e+02,-1.153000000000000000e+03,-6.220000000000000000e+02,-4.200000000000000000e+01
1.679988672461667299e+09,1.658400000000000000e+04,5.120000000000000000e+02,-7.840000000000000000e+02,-1.153000000000000000e+03,-6.220000000000000000e+02,-4.200000000000000000e+01
1.679988672462203979e+09,1.658400000000000000e+04,5.120000000000000000e+02,-7.840000000000000000e+02,-1.153000000000000000e+03,-6.220000000000000000e+02,-4.200000000000000000e+01
1.679988672464117289e+09,1.658400000000000000e+04,5.120000000000000000e+02,-7.840000000000000000e+02,-1.153000000000000000e+03,-6.220000000000000000e+02,-4.200000000000000000e+01
1.679988672464665890e+09,1.658400000000000000e+04,5.120000000000000000e+02,-7.840000000000000000e+02,-1.153000000000000000e+03,-6.220000000000000000e+02,-4.200000000000000000e+01
1.679988672466541767e+09,1.658400000000000000e+04,5.120000000000000000e+02,-7.840000000000000000e+02,-1.153000000000000000e+03,-6.220000000000000000e+02,-4.200000000000000000e+01
1.679988672467054605e+09,1.658400000000000000e+04,5.120000000000000000e+02,-7.840000000000000000e+02,-1.153000000000000000e+03,-6.220000000000000000e+02,-4.200000000000000000e+01
1.679988672468944073e+09,1.658400000000000000e+04,5.120000000000000000e+02,-7.840000000000000000e+02,-1.153000000000000000e+03,-6.220000000000000000e+02,-4.200000000000000000e+01
1.679988672469675541e+09,1.658400000000000000e+04,5.120000000000000000e+02,-7.840000000000000000e+02,-1.153000000000000000e+03,-6.220000000000000000e+02,-4.200000000000000000e+01
1.679988672471299648e+09,1.658400000000000000e+04,5.120000000000000000e+02,-7.840000000000000000e+02,-1.153000000000000000e+03,-6.220000000000000000e+02,-4.200000000000000000e+01
1.679988672472188950e+09,1.658400000000000000e+04,5.120000000000000000e+02,-7.840000000000000000e+02,-1.153000000000000000e+03,-6.220000000000000000e+02,-4.200000000000000000e+01
1.679988672474009752e+09,1.658400000000000000e+04,5.120000000000000000e+02,-7.840000000000000000e+02,-1.153000000000000000e+03,-6.220000000000000000e+02,-4.200000000000000000e+01
1.679988672474780560e+09,1.658400000000000000e+04,5.120000000000000000e+02,-7.840000000000000000e+02,-1.153000000000000000e+03,-6.220000000000000000e+02,-4.200000000000000000e+01
1.679988672476662874e+09,1.658400000000000000e+04,5.120000000000000000e+02,-7.840000000000000000e+02,-1.153000000000000000e+03,-6.220000000000000000e+02,-4.200000000000000000e+01
1.679988672477734089e+09,1.658400000000000000e+04,5.120000000000000000e+02,-7.840000000000000000e+02,-1.153000000000000000e+03,-6.220000000000000000e+02,-4.200000000000000000e+01
1.679988672480727196e+09,1.658400000000000000e+04,5.120000000000000000e+02,-7.840000000000000000e+02,-1.153000000000000000e+03,-6.220000000000000000e+02,-4.200000000000000000e+01
1.679988672481842995e+09,1.658400000000000000e+04,5.120000000000000000e+02,-7.840000000000000000e+02,-1.153000000000000000e+03,-6.220000000000000000e+02,-4.200000000000000000e+01
1.679988672483481169e+09,1.658400000000000000e+04,5.120000000000000000e+02,-7.840000000000000000e+02,-1.153000000000000000e+03,-6.220000000000000000e+02,-4.200000000000000000e+01
1.679988672484264374e+09,1.658400000000000000e+04,5.120000000000000000e+02,-7.840000000000000000e+02,-1.153000000000000000e+03,-6.220000000000000000e+02,-4.200000000000000000e+01
1.679988672485882282e+09,1.658400000000000000e+04,5.120000000000000000e+02,-7.840000000000000000e+02,-1.153000000000000000e+03,-6.220000000000000000e+02,-4.200000000000000000e+01
1.679988672486769915e+09,1.658400000000000000e+04,5.120000000000000000e+02,-7.840000000000000000e+02,-1.153000000000000000e+03,-6.220000000000000000e+02,-4.200000000000000000e+01
1.679988672488377333e+09,1.658400000000000000e+04,5.120000000000000000e+02,-7.840000000000000000e+02,-1.153000000000000000e+03,-6.220000000000000000e+02,-4.200000000000000000e+01
1.679988672489315033e+09,1.658400000000000000e+04,5.120000000000000000e+02,-7.840000000000000000e+02,-1.153000000000000000e+03,-6.220000000000000000e+02,-4.200000000000000000e+01
1.679988672491009235e+09,1.658400000000000000e+04,5.120000000000000000e+02,-7.840000000000000000e+02,-1.153000000000000000e+03,-6.220000000000000000e+02,-4.200000000000000000e+01
1.679988672491761208e+09,1.658400000000000000e+04,5.120000000000000000e+02,-7.840000000000000000e+02,-1.153000000000000000e+03,-6.220000000000000000e+02,-4.200000000000000000e+01
1.679988672493390799e+09,1.658400000000000000e+04,5.120000000000000000e+02,-7.840000000000000000e+02,-1.153000000000000000e+03,-6.220000000000000000e+02,-4.200000000000000000e+01
1.679988672494328737e+09,1.658400000000000000e+04,5.120000000000000000e+02,-7.840000000000000000e+02,-1.153000000000000000e+03,-6.220000000000000000e+02,-4.200000000000000000e+01
1.679988672496052265e+09,1.658400000000000000e+04,5.120000000000000000e+02,-7.840000000000000000e+02,-1.153000000000000000e+03,-6.220000000000000000e+02,-4.200000000000000000e+01
1.679988672496976376e+09,1.658400000000000000e+04,5.120000000000000000e+02,-7.840000000000000000e+02,-1.153000000000000000e+03,-6.220000000000000000e+02,-4.200000000000000000e+01
1.679988672499008179e+09,1.658400000000000000e+04,5.120000000000000000e+02,-7.840000000000000000e+02,-1.153000000000000000e+03,-6.220000000000000000e+02,-4.200000000000000000e+01
1.679988672499537230e+09,1.658400000000000000e+04,5.120000000000000000e+02,-7.840000000000000000e+02,-1.153000000000000000e+03,-6.220000000000000000e+02,-4.200000000000000000e+01
1.679988672501469374e+09,1.658400000000000000e+04,5.120000000000000000e+02,-7.840000000000000000e+02,-1.153000000000000000e+03,-6.220000000000000000e+02,-4.200000000000000000e+01
1.679988672501993418e+09,1.658400000000000000e+04,5.120000000000000000e+02,-7.840000000000000000e+02,-1.153000000000000000e+03,-6.220000000000000000e+02,-4.200000000000000000e+01
1.679988672503946543e+09,1.658400000000000000e+04,5.120000000000000000e+02,-7.840000000000000000e+02,-1.153000000000000000e+03,-6.220000000000000000e+02,-4.200000000000000000e+01
1.679988672504484892e+09,1.658400000000000000e+04,5.120000000000000000e+02,-7.840000000000000000e+02,-1.153000000000000000e+03,-6.220000000000000000e+02,-4.200000000000000000e+01
1.679988672506420374e+09,1.658400000000000000e+04,5.120000000000000000e+02,-7.840000000000000000e+02,-1.153000000000000000e+03,-6.220000000000000000e+02,-4.200000000000000000e+01
1.679988672507001877e+09,1.658400000000000000e+04,5.120000000000000000e+02,-7.840000000000000000e+02,-1.153000000000000000e+03,-6.220000000000000000e+02,-4.200000000000000000e+01
1.679988672508880377e+09,1.658400000000000000e+04,5.120000000000000000e+02,-7.840000000000000000e+02,-1.153000000000000000e+03,-6.220000000000000000e+02,-4.200000000000000000e+01
1.679988672509421825e+09,1.658400000000000000e+04,5.120000000000000000e+02,-7.840000000000000000e+02,-1.153000000000000000e+03,-6.220000000000000000e+02,-4.200000000000000000e+01
1.679988672511386633e+09,1.658400000000000000e+04,5.120000000000000000e+02,-7.840000000000000000e+02,-1.153000000000000000e+03,-6.220000000000000000e+02,-4.200000000000000000e+01
1.679988672511933327e+09,1.658400000000000000e+04,5.120000000000000000e+02,-7.840000000000000000e+02,-1.153000000000000000e+03,-6.220000000000000000e+02,-4.200000000000000000e+01
1.679988672513841629e+09,1.658400000000000000e+04,5.120000000000000000e+02,-7.840000000000000000e+02,-1.153000000000000000e+03,-6.220000000000000000e+02,-4.200000000000000000e+01
1.679988672514362574e+09,1.658400000000000000e+04,5.120000000000000000e+02,-7.840000000000000000e+02,-1.153000000000000000e+03,-6.220000000000000000e+02,-4.200000000000000000e+01
1.679988672516472340e+09,1.658400000000000000e+04,5.120000000000000000e+02,-7.840000000000000000e+02,-1.153000000000000000e+03,-6.220000000000000000e+02,-4.200000000000000000e+01
1.679988672516986370e+09,1.658400000000000000e+04,5.120000000000000000e+02,-7.840000000000000000e+02,-1.153000000000000000e+03,-6.220000000000000000e+02,-4.200000000000000000e+01
1.679988672518923521e+09,1.658400000000000000e+04,5.120000000000000000e+02,-7.840000000000000000e+02,-1.153000000000000000e+03,-6.220000000000000000e+02,-4.200000000000000000e+01
1.679988672519460678e+09,1.658400000000000000e+04,5.120000000000000000e+02,-7.840000000000000000e+02,-1.153000000000000000e+03,-6.220000000000000000e+02,-4.200000000000000000e+01
1.679988672521364689e+09,1.658400000000000000e+04,5.120000000000000000e+02,-7.840000000000000000e+02,-1.153000000000000000e+03,-6.220000000000000000e+02,-4.200000000000000000e+01
1.679988672521908522e+09,1.658400000000000000e+04,5.120000000000000000e+02,-7.840000000000000000e+02,-1.153000000000000000e+03,-6.220000000000000000e+02,-4.200000000000000000e+01
1.679988672523849249e+09,1.658400000000000000e+04,5.120000000000000000e+02,-7.840000000000000000e+02,-1.153000000000000000e+03,-6.220000000000000000e+02,-4.200000000000000000e+01
1.679988672524400949e+09,1.658400000000000000e+04,5.120000000000000000e+02,-7.840000000000000000e+02,-1.153000000000000000e+03,-6.220000000000000000e+02,-4.200000000000000000e+01
1.679988672526368141e+09,1.658400000000000000e+04,5.120000000000000000e+02,-7.840000000000000000e+02,-1.153000000000000000e+03,-6.220000000000000000e+02,-4.200000000000000000e+01
1.679988672526906967e+09,1.658400000000000000e+04,5.120000000000000000e+02,-7.840000000000000000e+02,-1.153000000000000000e+03,-6.220000000000000000e+02,-4.200000000000000000e+01
1.679988672528822184e+09,1.658400000000000000e+04,5.120000000000000000e+02,-7.840000000000000000e+02,-1.153000000000000000e+03,-6.220000000000000000e+02,-4.200000000000000000e+01
1.679988672529367447e+09,1.658400000000000000e+04,5.120000000000000000e+02,-7.840000000000000000e+02,-1.153000000000000000e+03,-6.220000000000000000e+02,-4.200000000000000000e+01
1.679988672531215429e+09,1.658400000000000000e+04,5.120000000000000000e+02,-7.840000000000000000e+02,-1.153000000000000000e+03,-6.220000000000000000e+02,-4.200000000000000000e+01
1.679988672531746387e+09,1.658400000000000000e+04,5.120000000000000000e+02,-7.840000000000000000e+02,-1.153000000000000000e+03,-6.220000000000000000e+02,-4.200000000000000000e+01
1.679988672533627510e+09,1.658400000000000000e+04,5.120000000000000000e+02,-7.840000000000000000e+02,-1.153000000000000000e+03,-6.220000000000000000e+02,-4.200000000000000000e+01
1.679988672534348249e+09,1.658400000000000000e+04,5.120000000000000000e+02,-7.840000000000000000e+02,-1.153000000000000000e+03,-6.220000000000000000e+02,-4.200000000000000000e+01
1.679988672535995483e+09,1.658400000000000000e+04,5.120000000000000000e+02,-7.840000000000000000e+02,-1.153000000000000000e+03,-6.220000000000000000e+02,-4.200000000000000000e+01
1.679988672536844969e+09,1.658400000000000000e+04,5.120000000000000000e+02,-7.840000000000000000e+02,-1.153000000000000000e+03,-6.220000000000000000e+02,-4.200000000000000000e+01
1.679988672538478613e+09,1.658400000000000000e+04,5.120000000000000000e+02,-7.840000000000000000e+02,-1.153000000000000000e+03,-6.220000000000000000e+02,-4.200000000000000000e+01
1.679988672539351702e+09,1.658400000000000000e+04,5.120000000000000000e+02,-7.840000000000000000e+02,-1.153000000000000000e+03,-6.220000000000000000e+02,-4.200000000000000000e+01
1.679988672540977955e+09,1.658400000000000000e+04,5.120000000000000000e+02,-7.840000000000000000e+02,-1.153000000000000000e+03,-6.220000000000000000e+02,-4.200000000000000000e+01
1.679988672541866779e+09,1.658400000000000000e+04,5.120000000000000000e+02,-7.840000000000000000e+02,-1.153000000000000000e+03,-6.220000000000000000e+02,-4.200000000000000000e+01
1.679988672543589354e+09,1.658400000000000000e+04,5.120000000000000000e+02,-7.840000000000000000e+02,-1.153000000000000000e+03,-6.220000000000000000e+02,-4.200000000000000000e+01
1.679988672544333220e+09,1.658400000000000000e+04,5.120000000000000000e+02,-7.840000000000000000e+02,-1.153000000000000000e+03,-6.220000000000000000e+02,-4.200000000000000000e+01
1.679988672545973539e+09,1.658400000000000000e+04,5.120000000000000000e+02,-7.840000000000000000e+02,-1.153000000000000000e+03,-6.220000000000000000e+02,-4.200000000000000000e+01
1.679988672546767712e+09,1.658400000000000000e+04,5.120000000000000000e+02,-7.840000000000000000e+02,-1.153000000000000000e+03,-6.220000000000000000e+02,-4.200000000000000000e+01
1.679988672548448801e+09,1.658400000000000000e+04,5.120000000000000000e+02,-7.840000000000000000e+02,-1.153000000000000000e+03,-6.220000000000000000e+02,-4.200000000000000000e+01
1.679988672549252510e+09,1.658400000000000000e+04,5.120000000000000000e+02,-7.840000000000000000e+02,-1.153000000000000000e+03,-6.220000000000000000e+02,-4.200000000000000000e+01
1.679988672551003218e+09,1.658400000000000000e+04,5.120000000000000000e+02,-7.840000000000000000e+02,-1.153000000000000000e+03,-6.220000000000000000e+02,-4.200000000000000000e+01
1.679988672551770210e+09,1.658400000000000000e+04,5.120000000000000000e+02,-7.840000000000000000e+02,-1.153000000000000000e+03,-6.220000000000000000e+02,-4.200000000000000000e+01
1.679988672553482533e+09,1.658400000000000000e+04,5.120000000000000000e+02,-7.840000000000000000e+02,-1.153000000000000000e+03,-6.220000000000000000e+02,-4.200000000000000000e+01
1.679988672554262877e+09,1.658400000000000000e+04,5.120000000000000000e+02,-7.840000000000000000e+02,-1.153000000000000000e+03,-6.220000000000000000e+02,-4.200000000000000000e+01
1.679988672556070089e+09,1.658400000000000000e+04,5.120000000000000000e+02,-7.840000000000000000e+02,-1.153000000000000000e+03,-6.220000000000000000e+02,-4.200000000000000000e+01
1.679988672556829214e+09,1.658400000000000000e+04,5.120000000000000000e+02,-7.840000000000000000e+02,-1.153000000000000000e+03,-6.220000000000000000e+02,-4.200000000000000000e+01
1.679988672558508396e+09,1.658400000000000000e+04,5.120000000000000000e+02,-7.840000000000000000e+02,-1.153000000000000000e+03,-6.220000000000000000e+02,-4.200000000000000000e+01
1.679988672559307575e+09,1.658400000000000000e+04,5.120000000000000000e+02,-7.840000000000000000e+02,-1.153000000000000000e+03,-6.220000000000000000e+02,-4.200000000000000000e+01
1.679988672561032534e+09,1.658400000000000000e+04,5.120000000000000000e+02,-7.840000000000000000e+02,-1.153000000000000000e+03,-6.220000000000000000e+02,-4.200000000000000000e+01
1.679988672561735630e+09,1.658400000000000000e+04,5.120000000000000000e+02,-7.840000000000000000e+02,-1.153000000000000000e+03,-6.220000000000000000e+02,-4.200000000000000000e+01
1.679988672563448906e+09,1.658400000000000000e+04,5.120000000000000000e+02,-7.840000000000000000e+02,-1.153000000000000000e+03,-6.220000000000000000e+02,-4.200000000000000000e+01
1.679988672564205885e+09,1.658400000000000000e+04,5.120000000000000000e+02,-7.840000000000000000e+02,-1.153000000000000000e+03,-6.220000000000000000e+02,-4.200000000000000000e+01
1.679988672565987110e+09,1.658400000000000000e+04,5.120000000000000000e+02,-7.840000000000000000e+02,-1.153000000000000000e+03,-6.220000000000000000e+02,-4.200000000000000000e+01
1.679988672566797972e+09,1.658400000000000000e+04,5.120000000000000000e+02,-7.840000000000000000e+02,-1.153000000000000000e+03,-6.220000000000000000e+02,-4.200000000000000000e+01
1.679988672568952084e+09,1.658400000000000000e+04,5.120000000000000000e+02,-7.840000000000000000e+02,-1.153000000000000000e+03,-6.220000000000000000e+02,-4.200000000000000000e+01
1.679988672569681644e+09,1.658400000000000000e+04,5.120000000000000000e+02,-7.840000000000000000e+02,-1.153000000000000000e+03,-6.220000000000000000e+02,-4.200000000000000000e+01
1.679988672571325779e+09,1.658400000000000000e+04,5.120000000000000000e+02,-7.840000000000000000e+02,-1.153000000000000000e+03,-6.220000000000000000e+02,-4.200000000000000000e+01
1.679988672572042704e+09,1.658400000000000000e+04,5.120000000000000000e+02,-7.840000000000000000e+02,-1.153000000000000000e+03,-6.220000000000000000e+02,-4.200000000000000000e+01
1.679988672573777437e+09,1.658400000000000000e+04,5.120000000000000000e+02,-7.840000000000000000e+02,-1.153000000000000000e+03,-6.220000000000000000e+02,-4.200000000000000000e+01
1.679988672574570417e+09,1.658400000000000000e+04,5.120000000000000000e+02,-7.840000000000000000e+02,-1.153000000000000000e+03,-6.220000000000000000e+02,-4.200000000000000000e+01
1.679988672576342344e+09,1.658400000000000000e+04,5.120000000000000000e+02,-7.840000000000000000e+02,-1.153000000000000000e+03,-6.220000000000000000e+02,-4.200000000000000000e+01
1.679988672577173948e+09,1.658400000000000000e+04,5.120000000000000000e+02,-7.840000000000000000e+02,-1.153000000000000000e+03,-6.220000000000000000e+02,-4.200000000000000000e+01
1.679988672578852177e+09,1.658400000000000000e+04,5.120000000000000000e+02,-7.840000000000000000e+02,-1.153000000000000000e+03,-6.220000000000000000e+02,-4.200000000000000000e+01
1.679988672579662323e+09,1.658400000000000000e+04,5.120000000000000000e+02,-7.840000000000000000e+02,-1.153000000000000000e+03,-6.220000000000000000e+02,-4.200000000000000000e+01
1.679988672581356764e+09,1.658400000000000000e+04,5.120000000000000000e+02,-7.840000000000000000e+02,-1.153000000000000000e+03,-6.220000000000000000e+02,-4.200000000000000000e+01
1.679988672582178116e+09,1.658400000000000000e+04,5.120000000000000000e+02,-7.840000000000000000e+02,-1.153000000000000000e+03,-6.220000000000000000e+02,-4.200000000000000000e+01
1.679988672583878040e+09,1.658400000000000000e+04,5.120000000000000000e+02,-7.840000000000000000e+02,-1.153000000000000000e+03,-6.220000000000000000e+02,-4.200000000000000000e+01
1.679988672584665298e+09,1.658400000000000000e+04,5.120000000000000000e+02,-7.840000000000000000e+02,-1.153000000000000000e+03,-6.220000000000000000e+02,-4.200000000000000000e+01
1.679988672586399078e+09,1.658400000000000000e+04,5.120000000000000000e+02,-7.840000000000000000e+02,-1.153000000000000000e+03,-6.220000000000000000e+02,-4.200000000000000000e+01
1.679988672587231636e+09,1.658400000000000000e+04,5.120000000000000000e+02,-7.840000000000000000e+02,-1.153000000000000000e+03,-6.220000000000000000e+02,-4.200000000000000000e+01
1.679988672588923454e+09,1.658400000000000000e+04,5.120000000000000000e+02,-7.840000000000000000e+02,-1.153000000000000000e+03,-6.220000000000000000e+02,-4.200000000000000000e+01
1.679988672589681625e+09,1.658400000000000000e+04,5.120000000000000000e+02,-7.840000000000000000e+02,-1.153000000000000000e+03,-6.220000000000000000e+02,-4.200000000000000000e+01
1.679988672591398001e+09,1.658400000000000000e+04,5.120000000000000000e+02,-7.840000000000000000e+02,-1.153000000000000000e+03,-6.220000000000000000e+02,-4.200000000000000000e+01
1.679988672592166662e+09,1.658400000000000000e+04,5.120000000000000000e+02,-7.840000000000000000e+02,-1.153000000000000000e+03,-6.220000000000000000e+02,-4.200000000000000000e+01
1.679988672593867064e+09,1.658400000000000000e+04,5.120000000000000000e+02,-7.840000000000000000e+02,-1.153000000000000000e+03,-6.220000000000000000e+02,-4.200000000000000000e+01
1.679988672594607592e+09,1.658400000000000000e+04,5.120000000000000000e+02,-7.840000000000000000e+02,-1.153000000000000000e+03,-6.220000000000000000e+02,-4.200000000000000000e+01
1.679988672596349955e+09,1.658400000000000000e+04,5.120000000000000000e+02,-7.840000000000000000e+02,-1.153000000000000000e+03,-6.220000000000000000e+02,-4.200000000000000000e+01
1.679988672597069979e+09,1.658400000000000000e+04,5.120000000000000000e+02,-7.840000000000000000e+02,-1.153000000000000000e+03,-6.220000000000000000e+02,-4.200000000000000000e+01
1.679988672598783016e+09,1.658400000000000000e+04,5.120000000000000000e+02,-7.840000000000000000e+02,-1.153000000000000000e+03,-6.220000000000000000e+02,-4.200000000000000000e+01
1.679988672599600554e+09,1.658400000000000000e+04,5.120000000000000000e+02,-7.840000000000000000e+02,-1.153000000000000000e+03,-6.220000000000000000e+02,-4.200000000000000000e+01
1.679988672601285458e+09,1.658400000000000000e+04,5.120000000000000000e+02,-7.840000000000000000e+02,-1.153000000000000000e+03,-6.220000000000000000e+02,-4.200000000000000000e+01
1.679988672602060318e+09,1.658400000000000000e+04,5.120000000000000000e+02,-7.840000000000000000e+02,-1.153000000000000000e+03,-6.220000000000000000e+02,-4.200000000000000000e+01
1.679988672603779554e+09,1.658400000000000000e+04,5.120000000000000000e+02,-7.840000000000000000e+02,-1.153000000000000000e+03,-6.220000000000000000e+02,-4.200000000000000000e+01
1.679988672604508400e+09,1.658400000000000000e+04,5.120000000000000000e+02,-7.840000000000000000e+02,-1.153000000000000000e+03,-6.220000000000000000e+02,-4.200000000000000000e+01
1.679988672606277466e+09,1.658400000000000000e+04,5.120000000000000000e+02,-7.840000000000000000e+02,-1.153000000000000000e+03,-6.220000000000000000e+02,-4.200000000000000000e+01
1.679988672607112885e+09,1.658400000000000000e+04,5.120000000000000000e+02,-7.840000000000000000e+02,-1.153000000000000000e+03,-6.220000000000000000e+02,-4.200000000000000000e+01
1.679988672608803272e+09,1.658400000000000000e+04,5.120000000000000000e+02,-7.840000000000000000e+02,-1.153000000000000000e+03,-6.220000000000000000e+02,-4.200000000000000000e+01
1.679988672609596014e+09,1.658400000000000000e+04,5.120000000000000000e+02,-7.840000000000000000e+02,-1.153000000000000000e+03,-6.220000000000000000e+02,-4.200000000000000000e+01
1.679988672611308098e+09,1.658400000000000000e+04,5.120000000000000000e+02,-7.840000000000000000e+02,-1.153000000000000000e+03,-6.220000000000000000e+02,-4.200000000000000000e+01
1.679988672612118721e+09,1.658400000000000000e+04,5.120000000000000000e+02,-7.840000000000000000e+02,-1.153000000000000000e+03,-6.220000000000000000e+02,-4.200000000000000000e+01
1.679988672613829374e+09,1.658400000000000000e+04,5.120000000000000000e+02,-7.840000000000000000e+02,-1.153000000000000000e+03,-6.220000000000000000e+02,-4.200000000000000000e+01
1.679988672614666700e+09,1.658400000000000000e+04,5.120000000000000000e+02,-7.840000000000000000e+02,-1.153000000000000000e+03,-6.220000000000000000e+02,-4.200000000000000000e+01
1.679988672616433859e+09,1.658400000000000000e+04,5.120000000000000000e+02,-7.840000000000000000e+02,-1.153000000000000000e+03,-6.220000000000000000e+02,-4.200000000000000000e+01
1.679988672617201567e+09,1.658400000000000000e+04,5.120000000000000000e+02,-7.840000000000000000e+02,-1.153000000000000000e+03,-6.220000000000000000e+02,-4.200000000000000000e+01
1.679988672618936062e+09,1.658400000000000000e+04,5.120000000000000000e+02,-7.840000000000000000e+02,-1.153000000000000000e+03,-6.220000000000000000e+02,-4.200000000000000000e+01
1.679988672619726658e+09,1.658400000000000000e+04,5.120000000000000000e+02,-7.840000000000000000e+02,-1.153000000000000000e+03,-6.220000000000000000e+02,-4.200000000000000000e+01
1.679988672621448517e+09,1.658400000000000000e+04,5.120000000000000000e+02,-7.840000000000000000e+02,-1.153000000000000000e+03,-6.220000000000000000e+02,-4.200000000000000000e+01
1.679988672622256756e+09,1.658400000000000000e+04,5.120000000000000000e+02,-7.840000000000000000e+02,-1.153000000000000000e+03,-6.220000000000000000e+02,-4.200000000000000000e+01
1.679988672623941898e+09,1.658400000000000000e+04,5.120000000000000000e+02,-7.840000000000000000e+02,-1.153000000000000000e+03,-6.220000000000000000e+02,-4.200000000000000000e+01
1.679988672624688148e+09,1.658400000000000000e+04,5.120000000000000000e+02,-7.840000000000000000e+02,-1.153000000000000000e+03,-6.220000000000000000e+02,-4.200000000000000000e+01
1.679988672626438856e+09,1.658400000000000000e+04,5.120000000000000000e+02,-7.840000000000000000e+02,-1.153000000000000000e+03,-6.220000000000000000e+02,-4.200000000000000000e+01
1.679988672627161741e+09,1.658400000000000000e+04,5.120000000000000000e+02,-7.840000000000000000e+02,-1.153000000000000000e+03,-6.220000000000000000e+02,-4.200000000000000000e+01
1.679988672628883123e+09,1.658400000000000000e+04,5.120000000000000000e+02,-7.840000000000000000e+02,-1.153000000000000000e+03,-6.220000000000000000e+02,-4.200000000000000000e+01
1.679988672629723549e+09,1.658400000000000000e+04,5.120000000000000000e+02,-7.840000000000000000e+02,-1.153000000000000000e+03,-6.220000000000000000e+02,-4.200000000000000000e+01
1.679988672631399632e+09,1.658400000000000000e+04,5.120000000000000000e+02,-7.840000000000000000e+02,-1.153000000000000000e+03,-6.220000000000000000e+02,-4.200000000000000000e+01
1.679988672632133961e+09,1.658400000000000000e+04,5.120000000000000000e+02,-7.840000000000000000e+02,-1.153000000000000000e+03,-6.220000000000000000e+02,-4.200000000000000000e+01
1.679988672633857012e+09,1.658400000000000000e+04,5.120000000000000000e+02,-7.840000000000000000e+02,-1.153000000000000000e+03,-6.220000000000000000e+02,-4.200000000000000000e+01
1.679988672634616613e+09,1.658400000000000000e+04,5.120000000000000000e+02,-7.840000000000000000e+02,-1.153000000000000000e+03,-6.220000000000000000e+02,-4.200000000000000000e+01
1.679988672636368275e+09,1.658400000000000000e+04,5.120000000000000000e+02,-7.840000000000000000e+02,-1.153000000000000000e+03,-6.220000000000000000e+02,-4.200000000000000000e+01
1.679988672637206316e+09,1.658400000000000000e+04,5.120000000000000000e+02,-7.840000000000000000e+02,-1.153000000000000000e+03,-6.220000000000000000e+02,-4.200000000000000000e+01
1.679988672638886213e+09,1.658400000000000000e+04,5.120000000000000000e+02,-7.840000000000000000e+02,-1.153000000000000000e+03,-6.220000000000000000e+02,-4.200000000000000000e+01
1.679988672639656782e+09,1.658400000000000000e+04,5.120000000000000000e+02,-7.840000000000000000e+02,-1.153000000000000000e+03,-6.220000000000000000e+02,-4.200000000000000000e+01
1.679988672641386032e+09,1.658400000000000000e+04,5.120000000000000000e+02,-7.840000000000000000e+02,-1.153000000000000000e+03,-6.220000000000000000e+02,-4.200000000000000000e+01
1.679988672642179012e+09,1.658400000000000000e+04,5.120000000000000000e+02,-7.840000000000000000e+02,-1.153000000000000000e+03,-6.220000000000000000e+02,-4.200000000000000000e+01
1.679988672643915892e+09,1.658400000000000000e+04,5.120000000000000000e+02,-7.840000000000000000e+02,-1.153000000000000000e+03,-6.220000000000000000e+02,-4.200000000000000000e+01
1.679988672644769192e+09,1.658400000000000000e+04,5.120000000000000000e+02,-7.840000000000000000e+02,-1.153000000000000000e+03,-6.220000000000000000e+02,-4.200000000000000000e+01
1.679988672646502256e+09,1.658400000000000000e+04,5.120000000000000000e+02,-7.840000000000000000e+02,-1.153000000000000000e+03,-6.220000000000000000e+02,-4.200000000000000000e+01
1.679988672647328138e+09,1.658400000000000000e+04,5.120000000000000000e+02,-7.840000000000000000e+02,-1.153000000000000000e+03,-6.220000000000000000e+02,-4.200000000000000000e+01
1.679988672649019241e+09,1.658400000000000000e+04,5.120000000000000000e+02,-7.840000000000000000e+02,-1.153000000000000000e+03,-6.220000000000000000e+02,-4.200000000000000000e+01
1.679988672649832249e+09,1.658400000000000000e+04,5.120000000000000000e+02,-7.840000000000000000e+02,-1.153000000000000000e+03,-6.220000000000000000e+02,-4.200000000000000000e+01
1.679988672651533365e+09,1.658400000000000000e+04,5.120000000000000000e+02,-7.840000000000000000e+02,-1.153000000000000000e+03,-6.220000000000000000e+02,-4.200000000000000000e+01
1.679988672652349949e+09,1.658400000000000000e+04,5.120000000000000000e+02,-7.840000000000000000e+02,-1.153000000000000000e+03,-6.220000000000000000e+02,-4.200000000000000000e+01
1.679988672654043436e+09,1.658400000000000000e+04,5.120000000000000000e+02,-7.840000000000000000e+02,-1.153000000000000000e+03,-6.220000000000000000e+02,-4.200000000000000000e+01
1.679988672654812336e+09,1.658400000000000000e+04,5.120000000000000000e+02,-7.840000000000000000e+02,-1.153000000000000000e+03,-6.220000000000000000e+02,-4.200000000000000000e+01
1.679988672656563520e+09,1.658400000000000000e+04,5.120000000000000000e+02,-7.840000000000000000e+02,-1.153000000000000000e+03,-6.220000000000000000e+02,-4.200000000000000000e+01
1.679988672657328606e+09,1.658400000000000000e+04,5.120000000000000000e+02,-7.840000000000000000e+02,-1.153000000000000000e+03,-6.220000000000000000e+02,-4.200000000000000000e+01
1.679988672659053087e+09,1.658400000000000000e+04,5.120000000000000000e+02,-7.840000000000000000e+02,-1.153000000000000000e+03,-6.220000000000000000e+02,-4.200000000000000000e+01
1.679988672659896374e+09,1.658400000000000000e+04,5.120000000000000000e+02,-7.840000000000000000e+02,-1.153000000000000000e+03,-6.220000000000000000e+02,-4.200000000000000000e+01
1.679988672661589146e+09,1.658400000000000000e+04,5.120000000000000000e+02,-7.840000000000000000e+02,-1.153000000000000000e+03,-6.220000000000000000e+02,-4.200000000000000000e+01
1.679988672662405014e+09,1.658400000000000000e+04,5.120000000000000000e+02,-7.840000000000000000e+02,-1.153000000000000000e+03,-6.220000000000000000e+02,-4.200000000000000000e+01
1.679988672664105415e+09,1.658400000000000000e+04,5.120000000000000000e+02,-7.840000000000000000e+02,-1.153000000000000000e+03,-6.220000000000000000e+02,-4.200000000000000000e+01
1.679988672664862633e+09,1.658400000000000000e+04,5.120000000000000000e+02,-7.840000000000000000e+02,-1.153000000000000000e+03,-6.220000000000000000e+02,-4.200000000000000000e+01
1.679988672666618347e+09,1.658400000000000000e+04,5.120000000000000000e+02,-7.840000000000000000e+02,-1.153000000000000000e+03,-6.220000000000000000e+02,-4.200000000000000000e+01
1.679988672667453766e+09,1.658400000000000000e+04,5.120000000000000000e+02,-7.840000000000000000e+02,-1.153000000000000000e+03,-6.220000000000000000e+02,-4.200000000000000000e+01
1.679988672669169903e+09,1.658400000000000000e+04,5.120000000000000000e+02,-7.840000000000000000e+02,-1.153000000000000000e+03,-6.220000000000000000e+02,-4.200000000000000000e+01
1.679988672670084238e+09,1.658400000000000000e+04,5.120000000000000000e+02,-7.840000000000000000e+02,-1.153000000000000000e+03,-6.220000000000000000e+02,-4.200000000000000000e+01
1.679988672671755314e+09,1.658400000000000000e+04,5.120000000000000000e+02,-7.840000000000000000e+02,-1.153000000000000000e+03,-6.220000000000000000e+02,-4.200000000000000000e+01
1.679988672672375202e+09,1.658400000000000000e+04,5.120000000000000000e+02,-7.840000000000000000e+02,-1.153000000000000000e+03,-6.220000000000000000e+02,-4.200000000000000000e+01
1.679988672674122334e+09,1.658400000000000000e+04,5.120000000000000000e+02,-7.840000000000000000e+02,-1.153000000000000000e+03,-6.220000000000000000e+02,-4.200000000000000000e+01
1.679988672674793005e+09,1.658400000000000000e+04,5.120000000000000000e+02,-7.840000000000000000e+02,-1.153000000000000000e+03,-6.220000000000000000e+02,-4.200000000000000000e+01
1.679988672676630020e+09,1.658400000000000000e+04,5.120000000000000000e+02,-7.840000000000000000e+02,-1.153000000000000000e+03,-6.220000000000000000e+02,-4.200000000000000000e+01
1.679988672677262783e+09,1.658400000000000000e+04,5.120000000000000000e+02,-7.840000000000000000e+02,-1.153000000000000000e+03,-6.220000000000000000e+02,-4.200000000000000000e+01
1.679988672679114342e+09,1.658400000000000000e+04,5.120000000000000000e+02,-7.840000000000000000e+02,-1.153000000000000000e+03,-6.220000000000000000e+02,-4.200000000000000000e+01
1.679988672679841280e+09,1.658400000000000000e+04,5.120000000000000000e+02,-7.840000000000000000e+02,-1.153000000000000000e+03,-6.220000000000000000e+02,-4.200000000000000000e+01
1.679988672681658506e+09,1.658400000000000000e+04,5.120000000000000000e+02,-7.840000000000000000e+02,-1.153000000000000000e+03,-6.220000000000000000e+02,-4.200000000000000000e+01
1.679988672682292700e+09,1.658400000000000000e+04,5.120000000000000000e+02,-7.840000000000000000e+02,-1.153000000000000000e+03,-6.220000000000000000e+02,-4.200000000000000000e+01
1.679988672684129715e+09,1.658400000000000000e+04,5.120000000000000000e+02,-7.840000000000000000e+02,-1.153000000000000000e+03,-6.220000000000000000e+02,-4.200000000000000000e+01
1.679988672684784174e+09,1.658400000000000000e+04,5.120000000000000000e+02,-7.840000000000000000e+02,-1.153000000000000000e+03,-6.220000000000000000e+02,-4.200000000000000000e+01
1.679988672686620235e+09,1.658400000000000000e+04,5.120000000000000000e+02,-7.840000000000000000e+02,-1.153000000000000000e+03,-6.220000000000000000e+02,-4.200000000000000000e+01
1.679988672687251568e+09,1.658400000000000000e+04,5.120000000000000000e+02,-7.840000000000000000e+02,-1.153000000000000000e+03,-6.220000000000000000e+02,-4.200000000000000000e+01
1.679988672689167261e+09,1.658400000000000000e+04,5.120000000000000000e+02,-7.840000000000000000e+02,-1.153000000000000000e+03,-6.220000000000000000e+02,-4.200000000000000000e+01
1.679988672689791918e+09,1.658400000000000000e+04,5.120000000000000000e+02,-7.840000000000000000e+02,-1.153000000000000000e+03,-6.220000000000000000e+02,-4.200000000000000000e+01
1.679988672691649199e+09,1.658400000000000000e+04,5.120000000000000000e+02,-7.840000000000000000e+02,-1.153000000000000000e+03,-6.220000000000000000e+02,-4.200000000000000000e+01
1.679988672692323446e+09,1.658400000000000000e+04,5.120000000000000000e+02,-7.840000000000000000e+02,-1.153000000000000000e+03,-6.220000000000000000e+02,-4.200000000000000000e+01
1.679988672694328547e+09,1.658400000000000000e+04,5.120000000000000000e+02,-7.840000000000000000e+02,-1.153000000000000000e+03,-6.220000000000000000e+02,-4.200000000000000000e+01
1.679988672694982767e+09,1.658400000000000000e+04,5.120000000000000000e+02,-7.840000000000000000e+02,-1.153000000000000000e+03,-6.220000000000000000e+02,-4.200000000000000000e+01
1.679988672696807861e+09,1.658400000000000000e+04,5.120000000000000000e+02,-7.840000000000000000e+02,-1.153000000000000000e+03,-6.220000000000000000e+02,-4.200000000000000000e+01
1.679988672697472811e+09,1.658400000000000000e+04,5.120000000000000000e+02,-7.840000000000000000e+02,-1.153000000000000000e+03,-6.220000000000000000e+02,-4.200000000000000000e+01
1.679988672699340582e+09,1.658400000000000000e+04,5.120000000000000000e+02,-7.840000000000000000e+02,-1.153000000000000000e+03,-6.220000000000000000e+02,-4.200000000000000000e+01
1.679988672700009108e+09,1.658400000000000000e+04,5.120000000000000000e+02,-7.840000000000000000e+02,-1.153000000000000000e+03,-6.220000000000000000e+02,-4.200000000000000000e+01
1.679988672701825142e+09,1.658400000000000000e+04,5.120000000000000000e+02,-7.840000000000000000e+02,-1.153000000000000000e+03,-6.220000000000000000e+02,-4.200000000000000000e+01
1.679988672702478647e+09,1.658400000000000000e+04,5.120000000000000000e+02,-7.840000000000000000e+02,-1.153000000000000000e+03,-6.220000000000000000e+02,-4.200000000000000000e+01
1.679988672704298735e+09,1.658400000000000000e+04,5.120000000000000000e+02,-7.840000000000000000e+02,-1.153000000000000000e+03,-6.220000000000000000e+02,-4.200000000000000000e+01
1.679988672704947233e+09,1.658400000000000000e+04,5.120000000000000000e+02,-7.840000000000000000e+02,-1.153000000000000000e+03,-6.220000000000000000e+02,-4.200000000000000000e+01
1.679988672706864834e+09,1.658400000000000000e+04,5.120000000000000000e+02,-7.840000000000000000e+02,-1.153000000000000000e+03,-6.220000000000000000e+02,-4.200000000000000000e+01
1.679988672707528591e+09,1.658400000000000000e+04,5.120000000000000000e+02,-7.840000000000000000e+02,-1.153000000000000000e+03,-6.220000000000000000e+02,-4.200000000000000000e+01
1.679988672709350824e+09,1.658400000000000000e+04,5.120000000000000000e+02,-7.840000000000000000e+02,-1.153000000000000000e+03,-6.220000000000000000e+02,-4.200000000000000000e+01
1.679988672709995031e+09,1.658400000000000000e+04,5.120000000000000000e+02,-7.840000000000000000e+02,-1.153000000000000000e+03,-6.220000000000000000e+02,-4.200000000000000000e+01
1.679988672711827993e+09,1.658400000000000000e+04,5.120000000000000000e+02,-7.840000000000000000e+02,-1.153000000000000000e+03,-6.220000000000000000e+02,-4.200000000000000000e+01
1.679988672712471724e+09,1.658400000000000000e+04,5.120000000000000000e+02,-7.840000000000000000e+02,-1.153000000000000000e+03,-6.220000000000000000e+02,-4.200000000000000000e+01
1.679988672714331865e+09,1.658400000000000000e+04,5.120000000000000000e+02,-7.840000000000000000e+02,-1.153000000000000000e+03,-6.220000000000000000e+02,-4.200000000000000000e+01
1.679988672714994192e+09,1.658400000000000000e+04,5.120000000000000000e+02,-7.840000000000000000e+02,-1.153000000000000000e+03,-6.220000000000000000e+02,-4.200000000000000000e+01
1.679988672717027664e+09,1.658400000000000000e+04,5.120000000000000000e+02,-7.840000000000000000e+02,-1.153000000000000000e+03,-6.220000000000000000e+02,-4.200000000000000000e+01
1.679988672717693329e+09,1.658400000000000000e+04,5.120000000000000000e+02,-7.840000000000000000e+02,-1.153000000000000000e+03,-6.220000000000000000e+02,-4.200000000000000000e+01
1.679988672719480753e+09,1.658400000000000000e+04,5.120000000000000000e+02,-7.840000000000000000e+02,-1.153000000000000000e+03,-6.220000000000000000e+02,-4.200000000000000000e+01
1.679988672720124245e+09,1.658400000000000000e+04,5.120000000000000000e+02,-7.840000000000000000e+02,-1.153000000000000000e+03,-6.220000000000000000e+02,-4.200000000000000000e+01
1.679988672721963406e+09,1.658400000000000000e+04,5.120000000000000000e+02,-7.840000000000000000e+02,-1.153000000000000000e+03,-6.220000000000000000e+02,-4.200000000000000000e+01
1.679988672722636700e+09,1.658400000000000000e+04,5.120000000000000000e+02,-7.840000000000000000e+02,-1.153000000000000000e+03,-6.220000000000000000e+02,-4.200000000000000000e+01
1.679988672724488974e+09,1.658400000000000000e+04,5.120000000000000000e+02,-7.840000000000000000e+02,-1.153000000000000000e+03,-6.220000000000000000e+02,-4.200000000000000000e+01
1.679988672725156784e+09,1.658400000000000000e+04,5.120000000000000000e+02,-7.840000000000000000e+02,-1.153000000000000000e+03,-6.220000000000000000e+02,-4.200000000000000000e+01
1.679988672726995707e+09,1.658400000000000000e+04,5.120000000000000000e+02,-7.840000000000000000e+02,-1.153000000000000000e+03,-6.220000000000000000e+02,-4.200000000000000000e+01
1.679988672727659702e+09,1.658400000000000000e+04,5.120000000000000000e+02,-7.840000000000000000e+02,-1.153000000000000000e+03,-6.220000000000000000e+02,-4.200000000000000000e+01
1.679988672729516029e+09,1.658400000000000000e+04,5.120000000000000000e+02,-7.840000000000000000e+02,-1.153000000000000000e+03,-6.220000000000000000e+02,-4.200000000000000000e+01
1.679988672730196476e+09,1.658400000000000000e+04,5.120000000000000000e+02,-7.840000000000000000e+02,-1.153000000000000000e+03,-6.220000000000000000e+02,-4.200000000000000000e+01
1.679988672732019663e+09,1.658400000000000000e+04,5.120000000000000000e+02,-7.840000000000000000e+02,-1.153000000000000000e+03,-6.220000000000000000e+02,-4.200000000000000000e+01
1.679988672732675314e+09,1.658400000000000000e+04,5.120000000000000000e+02,-7.840000000000000000e+02,-1.153000000000000000e+03,-6.220000000000000000e+02,-4.200000000000000000e+01
1.679988672734537125e+09,1.658400000000000000e+04,5.120000000000000000e+02,-7.840000000000000000e+02,-1.153000000000000000e+03,-6.220000000000000000e+02,-4.200000000000000000e+01
1.679988672735194921e+09,1.658400000000000000e+04,5.120000000000000000e+02,-7.840000000000000000e+02,-1.153000000000000000e+03,-6.220000000000000000e+02,-4.200000000000000000e+01
1.679988672737056494e+09,1.658400000000000000e+04,5.120000000000000000e+02,-7.840000000000000000e+02,-1.153000000000000000e+03,-6.220000000000000000e+02,-4.200000000000000000e+01
1.679988672737706661e+09,1.658400000000000000e+04,5.120000000000000000e+02,-7.840000000000000000e+02,-1.153000000000000000e+03,-6.220000000000000000e+02,-4.200000000000000000e+01
1.679988672739571571e+09,1.658400000000000000e+04,5.120000000000000000e+02,-7.840000000000000000e+02,-1.153000000000000000e+03,-6.220000000000000000e+02,-4.200000000000000000e+01
1.679988672740230322e+09,1.658400000000000000e+04,5.120000000000000000e+02,-7.840000000000000000e+02,-1.153000000000000000e+03,-6.220000000000000000e+02,-4.200000000000000000e+01
1.679988672742077589e+09,1.658400000000000000e+04,5.120000000000000000e+02,-7.840000000000000000e+02,-1.153000000000000000e+03,-6.220000000000000000e+02,-4.200000000000000000e+01
1.679988672742734909e+09,1.658400000000000000e+04,5.120000000000000000e+02,-7.840000000000000000e+02,-1.153000000000000000e+03,-6.220000000000000000e+02,-4.200000000000000000e+01
1.679988672744605303e+09,1.658400000000000000e+04,5.120000000000000000e+02,-7.840000000000000000e+02,-1.153000000000000000e+03,-6.220000000000000000e+02,-4.200000000000000000e+01
1.679988672745279789e+09,1.658400000000000000e+04,5.120000000000000000e+02,-7.840000000000000000e+02,-1.153000000000000000e+03,-6.220000000000000000e+02,-4.200000000000000000e+01
1.679988672747126102e+09,1.658400000000000000e+04,5.120000000000000000e+02,-7.840000000000000000e+02,-1.153000000000000000e+03,-6.220000000000000000e+02,-4.200000000000000000e+01
1.679988672747782230e+09,1.658400000000000000e+04,5.120000000000000000e+02,-7.840000000000000000e+02,-1.153000000000000000e+03,-6.220000000000000000e+02,-4.200000000000000000e+01
1.679988672749615192e+09,1.658400000000000000e+04,5.120000000000000000e+02,-7.840000000000000000e+02,-1.153000000000000000e+03,-6.220000000000000000e+02,-4.200000000000000000e+01
1.679988672750270128e+09,1.658400000000000000e+04,5.120000000000000000e+02,-7.840000000000000000e+02,-1.153000000000000000e+03,-6.220000000000000000e+02,-4.200000000000000000e+01
1.679988672752112627e+09,1.658400000000000000e+04,5.120000000000000000e+02,-7.840000000000000000e+02,-1.153000000000000000e+03,-6.220000000000000000e+02,-4.200000000000000000e+01
1.679988672752773046e+09,1.658400000000000000e+04,5.120000000000000000e+02,-7.840000000000000000e+02,-1.153000000000000000e+03,-6.220000000000000000e+02,-4.200000000000000000e+01
1.679988672754620075e+09,1.658400000000000000e+04,5.120000000000000000e+02,-7.840000000000000000e+02,-1.153000000000000000e+03,-6.220000000000000000e+02,-4.200000000000000000e+01
1.679988672755260944e+09,1.658400000000000000e+04,5.120000000000000000e+02,-7.840000000000000000e+02,-1.153000000000000000e+03,-6.220000000000000000e+02,-4.200000000000000000e+01
1.679988672757154226e+09,1.658400000000000000e+04,5.120000000000000000e+02,-7.840000000000000000e+02,-1.153000000000000000e+03,-6.220000000000000000e+02,-4.200000000000000000e+01
1.679988672757817745e+09,1.658400000000000000e+04,5.120000000000000000e+02,-7.840000000000000000e+02,-1.153000000000000000e+03,-6.220000000000000000e+02,-4.200000000000000000e+01
1.679988672759633780e+09,1.658400000000000000e+04,5.120000000000000000e+02,-7.840000000000000000e+02,-1.153000000000000000e+03,-6.220000000000000000e+02,-4.200000000000000000e+01
1.679988672760303497e+09,1.658400000000000000e+04,5.120000000000000000e+02,-7.840000000000000000e+02,-1.153000000000000000e+03,-6.220000000000000000e+02,-4.200000000000000000e+01
1.679988672762152195e+09,1.658400000000000000e+04,5.120000000000000000e+02,-7.840000000000000000e+02,-1.153000000000000000e+03,-6.220000000000000000e+02,-4.200000000000000000e+01
1.679988672762816668e+09,1.658400000000000000e+04,5.120000000000000000e+02,-7.840000000000000000e+02,-1.153000000000000000e+03,-6.220000000000000000e+02,-4.200000000000000000e+01
1.679988672764631033e+09,1.658400000000000000e+04,5.120000000000000000e+02,-7.840000000000000000e+02,-1.153000000000000000e+03,-6.220000000000000000e+02,-4.200000000000000000e+01
1.679988672765293360e+09,1.658400000000000000e+04,5.120000000000000000e+02,-7.840000000000000000e+02,-1.153000000000000000e+03,-6.220000000000000000e+02,-4.200000000000000000e+01
1.679988672767161369e+09,1.658400000000000000e+04,5.120000000000000000e+02,-7.840000000000000000e+02,-1.153000000000000000e+03,-6.220000000000000000e+02,-4.200000000000000000e+01
1.679988672767851353e+09,1.658400000000000000e+04,5.120000000000000000e+02,-7.840000000000000000e+02,-1.153000000000000000e+03,-6.220000000000000000e+02,-4.200000000000000000e+01
1.679988672769686699e+09,1.658400000000000000e+04,5.120000000000000000e+02,-7.840000000000000000e+02,-1.153000000000000000e+03,-6.220000000000000000e+02,-4.200000000000000000e+01
1.679988672770406485e+09,1.658400000000000000e+04,5.120000000000000000e+02,-7.840000000000000000e+02,-1.153000000000000000e+03,-6.220000000000000000e+02,-4.200000000000000000e+01
1.679988672772229671e+09,1.658400000000000000e+04,5.120000000000000000e+02,-7.840000000000000000e+02,-1.153000000000000000e+03,-6.220000000000000000e+02,-4.200000000000000000e+01
1.679988672772873402e+09,1.658400000000000000e+04,5.120000000000000000e+02,-7.840000000000000000e+02,-1.153000000000000000e+03,-6.220000000000000000e+02,-4.200000000000000000e+01
1.679988672774731159e+09,1.658400000000000000e+04,5.120000000000000000e+02,-7.840000000000000000e+02,-1.153000000000000000e+03,-6.220000000000000000e+02,-4.200000000000000000e+01
1.679988672775417328e+09,1.658400000000000000e+04,5.120000000000000000e+02,-7.840000000000000000e+02,-1.153000000000000000e+03,-6.220000000000000000e+02,-4.200000000000000000e+01
1.679988672777276278e+09,1.658400000000000000e+04,5.120000000000000000e+02,-7.840000000000000000e+02,-1.153000000000000000e+03,-6.220000000000000000e+02,-4.200000000000000000e+01
1.679988672777939081e+09,1.658400000000000000e+04,5.120000000000000000e+02,-7.840000000000000000e+02,-1.153000000000000000e+03,-6.220000000000000000e+02,-4.200000000000000000e+01
1.679988672779762745e+09,1.658400000000000000e+04,5.120000000000000000e+02,-7.840000000000000000e+02,-1.153000000000000000e+03,-6.220000000000000000e+02,-4.200000000000000000e+01
1.679988672780414820e+09,1.658400000000000000e+04,5.120000000000000000e+02,-7.840000000000000000e+02,-1.153000000000000000e+03,-6.220000000000000000e+02,-4.200000000000000000e+01
1.679988672782263994e+09,1.658400000000000000e+04,5.120000000000000000e+02,-7.840000000000000000e+02,-1.153000000000000000e+03,-6.220000000000000000e+02,-4.200000000000000000e+01
1.679988672782937288e+09,1.658400000000000000e+04,5.120000000000000000e+02,-7.840000000000000000e+02,-1.153000000000000000e+03,-6.220000000000000000e+02,-4.200000000000000000e+01
1.679988672784828186e+09,1.658400000000000000e+04,5.120000000000000000e+02,-7.840000000000000000e+02,-1.153000000000000000e+03,-6.220000000000000000e+02,-4.200000000000000000e+01
1.679988672785521269e+09,1.658400000000000000e+04,5.120000000000000000e+02,-7.840000000000000000e+02,-1.153000000000000000e+03,-6.220000000000000000e+02,-4.200000000000000000e+01
1.679988672787387848e+09,1.658400000000000000e+04,5.120000000000000000e+02,-7.840000000000000000e+02,-1.153000000000000000e+03,-6.220000000000000000e+02,-4.200000000000000000e+01
1.679988672788057804e+09,1.658400000000000000e+04,5.120000000000000000e+02,-7.840000000000000000e+02,-1.153000000000000000e+03,-6.220000000000000000e+02,-4.200000000000000000e+01
1.679988672789908648e+09,1.658400000000000000e+04,5.120000000000000000e+02,-7.840000000000000000e+02,-1.153000000000000000e+03,-6.220000000000000000e+02,-4.200000000000000000e+01
1.679988672790585041e+09,1.658400000000000000e+04,5.120000000000000000e+02,-7.840000000000000000e+02,-1.153000000000000000e+03,-6.220000000000000000e+02,-4.200000000000000000e+01
1.679988672792424679e+09,1.658400000000000000e+04,5.120000000000000000e+02,-7.840000000000000000e+02,-1.153000000000000000e+03,-6.220000000000000000e+02,-4.200000000000000000e+01
1.679988672793080807e+09,1.658400000000000000e+04,5.120000000000000000e+02,-7.840000000000000000e+02,-1.153000000000000000e+03,-6.220000000000000000e+02,-4.200000000000000000e+01
1.679988672794949770e+09,1.658400000000000000e+04,5.120000000000000000e+02,-7.840000000000000000e+02,-1.153000000000000000e+03,-6.220000000000000000e+02,-4.200000000000000000e+01
1.679988672795655251e+09,1.658400000000000000e+04,5.120000000000000000e+02,-7.840000000000000000e+02,-1.153000000000000000e+03,-6.220000000000000000e+02,-4.200000000000000000e+01
1.679988672797508001e+09,1.658400000000000000e+04,5.120000000000000000e+02,-7.840000000000000000e+02,-1.153000000000000000e+03,-6.220000000000000000e+02,-4.200000000000000000e+01
1.679988672798186302e+09,1.658400000000000000e+04,5.120000000000000000e+02,-7.840000000000000000e+02,-1.153000000000000000e+03,-6.220000000000000000e+02,-4.200000000000000000e+01
1.679988672800032616e+09,1.658400000000000000e+04,5.120000000000000000e+02,-7.840000000000000000e+02,-1.153000000000000000e+03,-6.220000000000000000e+02,-4.200000000000000000e+01
1.679988672800690174e+09,1.658400000000000000e+04,5.120000000000000000e+02,-7.840000000000000000e+02,-1.153000000000000000e+03,-6.220000000000000000e+02,-4.200000000000000000e+01
1.679988672802576542e+09,1.658400000000000000e+04,5.120000000000000000e+02,-7.840000000000000000e+02,-1.153000000000000000e+03,-6.220000000000000000e+02,-4.200000000000000000e+01
1.679988672803229332e+09,1.658400000000000000e+04,5.120000000000000000e+02,-7.840000000000000000e+02,-1.153000000000000000e+03,-6.220000000000000000e+02,-4.200000000000000000e+01
1.679988672805110931e+09,1.658400000000000000e+04,5.120000000000000000e+02,-7.840000000000000000e+02,-1.153000000000000000e+03,-6.220000000000000000e+02,-4.200000000000000000e+01
1.679988672805855751e+09,1.658400000000000000e+04,5.120000000000000000e+02,-7.840000000000000000e+02,-1.153000000000000000e+03,-6.220000000000000000e+02,-4.200000000000000000e+01
1.679988672807666540e+09,1.658400000000000000e+04,5.120000000000000000e+02,-7.840000000000000000e+02,-1.153000000000000000e+03,-6.220000000000000000e+02,-4.200000000000000000e+01
1.679988672808341026e+09,1.658400000000000000e+04,5.120000000000000000e+02,-7.840000000000000000e+02,-1.153000000000000000e+03,-6.220000000000000000e+02,-4.200000000000000000e+01
1.679988672810189247e+09,1.658400000000000000e+04,5.120000000000000000e+02,-7.840000000000000000e+02,-1.153000000000000000e+03,-6.220000000000000000e+02,-4.200000000000000000e+01
1.679988672810861111e+09,1.658400000000000000e+04,5.120000000000000000e+02,-7.840000000000000000e+02,-1.153000000000000000e+03,-6.220000000000000000e+02,-4.200000000000000000e+01
1.679988672812701464e+09,1.658400000000000000e+04,5.120000000000000000e+02,-7.840000000000000000e+02,-1.153000000000000000e+03,-6.220000000000000000e+02,-4.200000000000000000e+01
1.679988672813361406e+09,1.658400000000000000e+04,5.120000000000000000e+02,-7.840000000000000000e+02,-1.153000000000000000e+03,-6.220000000000000000e+02,-4.200000000000000000e+01
1.679988672815189600e+09,1.658400000000000000e+04,5.120000000000000000e+02,-7.840000000000000000e+02,-1.153000000000000000e+03,-6.220000000000000000e+02,-4.200000000000000000e+01
1.679988672815899849e+09,1.658400000000000000e+04,5.120000000000000000e+02,-7.840000000000000000e+02,-1.153000000000000000e+03,-6.220000000000000000e+02,-4.200000000000000000e+01
1.679988672817748785e+09,1.658400000000000000e+04,5.120000000000000000e+02,-7.840000000000000000e+02,-1.153000000000000000e+03,-6.220000000000000000e+02,-4.200000000000000000e+01
1.679988672818402052e+09,1.658400000000000000e+04,5.120000000000000000e+02,-7.840000000000000000e+02,-1.153000000000000000e+03,-6.220000000000000000e+02,-4.200000000000000000e+01
1.679988672820260286e+09,1.658400000000000000e+04,5.120000000000000000e+02,-7.840000000000000000e+02,-1.153000000000000000e+03,-6.220000000000000000e+02,-4.200000000000000000e+01
1.679988672820925951e+09,1.658400000000000000e+04,5.120000000000000000e+02,-7.840000000000000000e+02,-1.153000000000000000e+03,-6.220000000000000000e+02,-4.200000000000000000e+01
1.679988672822769642e+09,1.658400000000000000e+04,5.120000000000000000e+02,-7.840000000000000000e+02,-1.153000000000000000e+03,-6.220000000000000000e+02,-4.200000000000000000e+01
1.679988672823422909e+09,1.658400000000000000e+04,5.120000000000000000e+02,-7.840000000000000000e+02,-1.153000000000000000e+03,-6.220000000000000000e+02,-4.200000000000000000e+01
1.679988672825269222e+09,1.658400000000000000e+04,5.120000000000000000e+02,-7.840000000000000000e+02,-1.153000000000000000e+03,-6.220000000000000000e+02,-4.200000000000000000e+01
1.679988672825976133e+09,1.658400000000000000e+04,5.120000000000000000e+02,-7.840000000000000000e+02,-1.153000000000000000e+03,-6.220000000000000000e+02,-4.200000000000000000e+01
1.679988672827817440e+09,1.658400000000000000e+04,5.120000000000000000e+02,-7.840000000000000000e+02,-1.153000000000000000e+03,-6.220000000000000000e+02,-4.200000000000000000e+01
1.679988672828481197e+09,1.658400000000000000e+04,5.120000000000000000e+02,-7.840000000000000000e+02,-1.153000000000000000e+03,-6.220000000000000000e+02,-4.200000000000000000e+01
1.679988672830326557e+09,1.658400000000000000e+04,5.120000000000000000e+02,-7.840000000000000000e+02,-1.153000000000000000e+03,-6.220000000000000000e+02,-4.200000000000000000e+01
1.679988672831001043e+09,1.658400000000000000e+04,5.120000000000000000e+02,-7.840000000000000000e+02,-1.153000000000000000e+03,-6.220000000000000000e+02,-4.200000000000000000e+01
1.679988672832844973e+09,1.658400000000000000e+04,5.120000000000000000e+02,-7.840000000000000000e+02,-1.153000000000000000e+03,-6.220000000000000000e+02,-4.200000000000000000e+01
1.679988672833514214e+09,1.658400000000000000e+04,5.120000000000000000e+02,-7.840000000000000000e+02,-1.153000000000000000e+03,-6.220000000000000000e+02,-4.200000000000000000e+01
1.679988672835602999e+09,1.658400000000000000e+04,5.120000000000000000e+02,-7.840000000000000000e+02,-1.153000000000000000e+03,-6.220000000000000000e+02,-4.200000000000000000e+01
1.679988672836488485e+09,1.658400000000000000e+04,5.120000000000000000e+02,-7.840000000000000000e+02,-1.153000000000000000e+03,-6.220000000000000000e+02,-4.200000000000000000e+01
1.679988672838196993e+09,1.658400000000000000e+04,5.120000000000000000e+02,-7.840000000000000000e+02,-1.153000000000000000e+03,-6.220000000000000000e+02,-4.200000000000000000e+01
1.679988672838967800e+09,1.658400000000000000e+04,5.120000000000000000e+02,-7.840000000000000000e+02,-1.153000000000000000e+03,-6.220000000000000000e+02,-4.200000000000000000e+01
1.679988672840706825e+09,1.658400000000000000e+04,5.120000000000000000e+02,-7.840000000000000000e+02,-1.153000000000000000e+03,-6.220000000000000000e+02,-4.200000000000000000e+01
1.679988672841496468e+09,1.658400000000000000e+04,5.120000000000000000e+02,-7.840000000000000000e+02,-1.153000000000000000e+03,-6.220000000000000000e+02,-4.200000000000000000e+01
1.679988672843254089e+09,1.658400000000000000e+04,5.120000000000000000e+02,-7.840000000000000000e+02,-1.153000000000000000e+03,-6.220000000000000000e+02,-4.200000000000000000e+01
1.679988672844063044e+09,1.658400000000000000e+04,5.120000000000000000e+02,-7.840000000000000000e+02,-1.153000000000000000e+03,-6.220000000000000000e+02,-4.200000000000000000e+01
1.679988672845862150e+09,1.658400000000000000e+04,5.120000000000000000e+02,-7.840000000000000000e+02,-1.153000000000000000e+03,-6.220000000000000000e+02,-4.200000000000000000e+01
1.679988672846663237e+09,1.658400000000000000e+04,5.120000000000000000e+02,-7.840000000000000000e+02,-1.153000000000000000e+03,-6.220000000000000000e+02,-4.200000000000000000e+01
1.679988672848395109e+09,1.658400000000000000e+04,5.120000000000000000e+02,-7.840000000000000000e+02,-1.153000000000000000e+03,-6.220000000000000000e+02,-4.200000000000000000e+01
1.679988672849201441e+09,1.658400000000000000e+04,5.120000000000000000e+02,-7.840000000000000000e+02,-1.153000000000000000e+03,-6.220000000000000000e+02,-4.200000000000000000e+01
1.679988672850947618e+09,1.658400000000000000e+04,5.120000000000000000e+02,-7.840000000000000000e+02,-1.153000000000000000e+03,-6.220000000000000000e+02,-4.200000000000000000e+01
1.679988672851819515e+09,1.658400000000000000e+04,5.120000000000000000e+02,-7.840000000000000000e+02,-1.153000000000000000e+03,-6.220000000000000000e+02,-4.200000000000000000e+01
1.679988672853528500e+09,1.658400000000000000e+04,5.120000000000000000e+02,-7.840000000000000000e+02,-1.153000000000000000e+03,-6.220000000000000000e+02,-4.200000000000000000e+01
1.679988672854322195e+09,1.658400000000000000e+04,5.120000000000000000e+02,-7.840000000000000000e+02,-1.153000000000000000e+03,-6.220000000000000000e+02,-4.200000000000000000e+01
1.679988672856161833e+09,1.658400000000000000e+04,5.120000000000000000e+02,-7.840000000000000000e+02,-1.153000000000000000e+03,-6.220000000000000000e+02,-4.200000000000000000e+01
1.679988672856954813e+09,1.658400000000000000e+04,5.120000000000000000e+02,-7.840000000000000000e+02,-1.153000000000000000e+03,-6.220000000000000000e+02,-4.200000000000000000e+01
1.679988672858716726e+09,1.658400000000000000e+04,5.120000000000000000e+02,-7.840000000000000000e+02,-1.153000000000000000e+03,-6.220000000000000000e+02,-4.200000000000000000e+01
1.679988672859581947e+09,1.658400000000000000e+04,5.120000000000000000e+02,-7.840000000000000000e+02,-1.153000000000000000e+03,-6.220000000000000000e+02,-4.200000000000000000e+01
1.679988672861280441e+09,1.658400000000000000e+04,5.120000000000000000e+02,-7.840000000000000000e+02,-1.153000000000000000e+03,-6.220000000000000000e+02,-4.200000000000000000e+01
1.679988672862054586e+09,1.658400000000000000e+04,5.120000000000000000e+02,-7.840000000000000000e+02,-1.153000000000000000e+03,-6.220000000000000000e+02,-4.200000000000000000e+01
1.679988672863829136e+09,1.658400000000000000e+04,5.120000000000000000e+02,-7.840000000000000000e+02,-1.153000000000000000e+03,-6.220000000000000000e+02,-4.200000000000000000e+01
1.679988672864729404e+09,1.658400000000000000e+04,5.120000000000000000e+02,-7.840000000000000000e+02,-1.153000000000000000e+03,-6.220000000000000000e+02,-4.200000000000000000e+01
1.679988672866476774e+09,1.658400000000000000e+04,5.120000000000000000e+02,-7.840000000000000000e+02,-1.153000000000000000e+03,-6.220000000000000000e+02,-4.200000000000000000e+01
1.679988672867205858e+09,1.658400000000000000e+04,5.120000000000000000e+02,-7.840000000000000000e+02,-1.153000000000000000e+03,-6.220000000000000000e+02,-4.200000000000000000e+01
1.679988672868956566e+09,1.658400000000000000e+04,5.120000000000000000e+02,-7.840000000000000000e+02,-1.153000000000000000e+03,-6.220000000000000000e+02,-4.200000000000000000e+01
1.679988672869804621e+09,1.658400000000000000e+04,5.120000000000000000e+02,-7.840000000000000000e+02,-1.153000000000000000e+03,-6.220000000000000000e+02,-4.200000000000000000e+01
1.679988672871569157e+09,1.658400000000000000e+04,5.120000000000000000e+02,-7.840000000000000000e+02,-1.153000000000000000e+03,-6.220000000000000000e+02,-4.200000000000000000e+01
1.679988672872310877e+09,1.658400000000000000e+04,5.120000000000000000e+02,-7.840000000000000000e+02,-1.153000000000000000e+03,-6.220000000000000000e+02,-4.200000000000000000e+01
1.679988672874062300e+09,1.658400000000000000e+04,5.120000000000000000e+02,-7.840000000000000000e+02,-1.153000000000000000e+03,-6.220000000000000000e+02,-4.200000000000000000e+01
1.679988672874854326e+09,1.658400000000000000e+04,5.120000000000000000e+02,-7.840000000000000000e+02,-1.153000000000000000e+03,-6.220000000000000000e+02,-4.200000000000000000e+01
1.679988672876637220e+09,1.658400000000000000e+04,5.120000000000000000e+02,-7.840000000000000000e+02,-1.153000000000000000e+03,-6.220000000000000000e+02,-4.200000000000000000e+01
1.679988672877386093e+09,1.658400000000000000e+04,5.120000000000000000e+02,-7.840000000000000000e+02,-1.153000000000000000e+03,-6.220000000000000000e+02,-4.200000000000000000e+01
1.679988672879138231e+09,1.658400000000000000e+04,5.120000000000000000e+02,-7.840000000000000000e+02,-1.153000000000000000e+03,-6.220000000000000000e+02,-4.200000000000000000e+01
1.679988672879894972e+09,1.658400000000000000e+04,5.120000000000000000e+02,-7.840000000000000000e+02,-1.153000000000000000e+03,-6.220000000000000000e+02,-4.200000000000000000e+01
1.679988672881671190e+09,1.658400000000000000e+04,5.120000000000000000e+02,-7.840000000000000000e+02,-1.153000000000000000e+03,-6.220000000000000000e+02,-4.200000000000000000e+01
1.679988672882465839e+09,1.658400000000000000e+04,5.120000000000000000e+02,-7.840000000000000000e+02,-1.153000000000000000e+03,-6.220000000000000000e+02,-4.200000000000000000e+01
1.679988672884212017e+09,1.658400000000000000e+04,5.120000000000000000e+02,-7.840000000000000000e+02,-1.153000000000000000e+03,-6.220000000000000000e+02,-4.200000000000000000e+01
1.679988672885059595e+09,1.658400000000000000e+04,5.120000000000000000e+02,-7.840000000000000000e+02,-1.153000000000000000e+03,-6.220000000000000000e+02,-4.200000000000000000e+01
1.679988672886895180e+09,1.658400000000000000e+04,5.120000000000000000e+02,-7.840000000000000000e+02,-1.153000000000000000e+03,-6.220000000000000000e+02,-4.200000000000000000e+01
1.679988672887654066e+09,1.658400000000000000e+04,5.120000000000000000e+02,-7.840000000000000000e+02,-1.153000000000000000e+03,-6.220000000000000000e+02,-4.200000000000000000e+01
1.679988672889425516e+09,1.658400000000000000e+04,5.120000000000000000e+02,-7.840000000000000000e+02,-1.153000000000000000e+03,-6.220000000000000000e+02,-4.200000000000000000e+01
1.679988672890259981e+09,1.658400000000000000e+04,5.120000000000000000e+02,-7.840000000000000000e+02,-1.153000000000000000e+03,-6.220000000000000000e+02,-4.200000000000000000e+01
1.679988672892009974e+09,1.658400000000000000e+04,5.120000000000000000e+02,-7.840000000000000000e+02,-1.153000000000000000e+03,-6.220000000000000000e+02,-4.200000000000000000e+01
1.679988672892871618e+09,1.658400000000000000e+04,5.120000000000000000e+02,-7.840000000000000000e+02,-1.153000000000000000e+03,-6.220000000000000000e+02,-4.200000000000000000e+01
1.679988672894602299e+09,1.658400000000000000e+04,5.120000000000000000e+02,-7.840000000000000000e+02,-1.153000000000000000e+03,-6.220000000000000000e+02,-4.200000000000000000e+01
1.679988672895424366e+09,1.658400000000000000e+04,5.120000000000000000e+02,-7.840000000000000000e+02,-1.153000000000000000e+03,-6.220000000000000000e+02,-4.200000000000000000e+01
1.679988672897233486e+09,1.658400000000000000e+04,5.120000000000000000e+02,-7.840000000000000000e+02,-1.153000000000000000e+03,-6.220000000000000000e+02,-4.200000000000000000e+01
1.679988672898072720e+09,1.658400000000000000e+04,5.120000000000000000e+02,-7.840000000000000000e+02,-1.153000000000000000e+03,-6.220000000000000000e+02,-4.200000000000000000e+01
1.679988672899800777e+09,1.658400000000000000e+04,5.120000000000000000e+02,-7.840000000000000000e+02,-1.153000000000000000e+03,-6.220000000000000000e+02,-4.200000000000000000e+01
1.679988672900599003e+09,1.658400000000000000e+04,5.120000000000000000e+02,-7.840000000000000000e+02,-1.153000000000000000e+03,-6.220000000000000000e+02,-4.200000000000000000e+01
1.679988672902354002e+09,1.658400000000000000e+04,5.120000000000000000e+02,-7.840000000000000000e+02,-1.153000000000000000e+03,-6.220000000000000000e+02,-4.200000000000000000e+01
1.679988672903072357e+09,1.658400000000000000e+04,5.120000000000000000e+02,-7.840000000000000000e+02,-1.153000000000000000e+03,-6.220000000000000000e+02,-4.200000000000000000e+01
1.679988672904887438e+09,1.658400000000000000e+04,5.120000000000000000e+02,-7.840000000000000000e+02,-1.153000000000000000e+03,-6.220000000000000000e+02,-4.200000000000000000e+01
1.679988672905773878e+09,1.658400000000000000e+04,5.120000000000000000e+02,-7.840000000000000000e+02,-1.153000000000000000e+03,-6.220000000000000000e+02,-4.200000000000000000e+01
1.679988672907507181e+09,1.658400000000000000e+04,5.120000000000000000e+02,-7.840000000000000000e+02,-1.153000000000000000e+03,-6.220000000000000000e+02,-4.200000000000000000e+01
1.679988672908308983e+09,1.658400000000000000e+04,5.120000000000000000e+02,-7.840000000000000000e+02,-1.153000000000000000e+03,-6.220000000000000000e+02,-4.200000000000000000e+01
1.679988672910043716e+09,1.658400000000000000e+04,5.120000000000000000e+02,-7.840000000000000000e+02,-1.153000000000000000e+03,-6.220000000000000000e+02,-4.200000000000000000e+01
1.679988672910858154e+09,1.658400000000000000e+04,5.120000000000000000e+02,-7.840000000000000000e+02,-1.153000000000000000e+03,-6.220000000000000000e+02,-4.200000000000000000e+01
1.679988672912615061e+09,1.658400000000000000e+04,5.120000000000000000e+02,-7.840000000000000000e+02,-1.153000000000000000e+03,-6.220000000000000000e+02,-4.200000000000000000e+01
1.679988672913427114e+09,1.658400000000000000e+04,5.120000000000000000e+02,-7.840000000000000000e+02,-1.153000000000000000e+03,-6.220000000000000000e+02,-4.200000000000000000e+01
1.679988672915186167e+09,1.658400000000000000e+04,5.120000000000000000e+02,-7.840000000000000000e+02,-1.153000000000000000e+03,-6.220000000000000000e+02,-4.200000000000000000e+01
1.679988672916012764e+09,1.658400000000000000e+04,5.120000000000000000e+02,-7.840000000000000000e+02,-1.153000000000000000e+03,-6.220000000000000000e+02,-4.200000000000000000e+01
1.679988672917744637e+09,1.658400000000000000e+04,5.120000000000000000e+02,-7.840000000000000000e+02,-1.153000000000000000e+03,-6.220000000000000000e+02,-4.200000000000000000e+01
1.679988672918542862e+09,1.658400000000000000e+04,5.120000000000000000e+02,-7.840000000000000000e+02,-1.153000000000000000e+03,-6.220000000000000000e+02,-4.200000000000000000e+01
1.679988672920280933e+09,1.658400000000000000e+04,5.120000000000000000e+02,-7.840000000000000000e+02,-1.153000000000000000e+03,-6.220000000000000000e+02,-4.200000000000000000e+01
1.679988672921066999e+09,1.658400000000000000e+04,5.120000000000000000e+02,-7.840000000000000000e+02,-1.153000000000000000e+03,-6.220000000000000000e+02,-4.200000000000000000e+01
1.679988672922831535e+09,1.658400000000000000e+04,5.120000000000000000e+02,-7.840000000000000000e+02,-1.153000000000000000e+03,-6.220000000000000000e+02,-4.200000000000000000e+01
1.679988672923671246e+09,1.658400000000000000e+04,5.120000000000000000e+02,-7.840000000000000000e+02,-1.153000000000000000e+03,-6.220000000000000000e+02,-4.200000000000000000e+01
1.679988672925367832e+09,1.658400000000000000e+04,5.120000000000000000e+02,-7.840000000000000000e+02,-1.153000000000000000e+03,-6.220000000000000000e+02,-4.200000000000000000e+01
1.679988672926146030e+09,1.658400000000000000e+04,5.120000000000000000e+02,-7.840000000000000000e+02,-1.153000000000000000e+03,-6.220000000000000000e+02,-4.200000000000000000e+01
1.679988672927892923e+09,1.658400000000000000e+04,5.120000000000000000e+02,-7.840000000000000000e+02,-1.153000000000000000e+03,-6.220000000000000000e+02,-4.200000000000000000e+01
1.679988672928724766e+09,1.658400000000000000e+04,5.120000000000000000e+02,-7.840000000000000000e+02,-1.153000000000000000e+03,-6.220000000000000000e+02,-4.200000000000000000e+01
1.679988672930474758e+09,1.658400000000000000e+04,5.120000000000000000e+02,-7.840000000000000000e+02,-1.153000000000000000e+03,-6.220000000000000000e+02,-4.200000000000000000e+01
1.679988672931321144e+09,1.658400000000000000e+04,5.120000000000000000e+02,-7.840000000000000000e+02,-1.153000000000000000e+03,-6.220000000000000000e+02,-4.200000000000000000e+01
1.679988672933042765e+09,1.658400000000000000e+04,5.120000000000000000e+02,-7.840000000000000000e+02,-1.153000000000000000e+03,-6.220000000000000000e+02,-4.200000000000000000e+01
1.679988672933835268e+09,1.658400000000000000e+04,5.120000000000000000e+02,-7.840000000000000000e+02,-1.153000000000000000e+03,-6.220000000000000000e+02,-4.200000000000000000e+01
1.679988672935651779e+09,1.658400000000000000e+04,5.120000000000000000e+02,-7.840000000000000000e+02,-1.153000000000000000e+03,-6.220000000000000000e+02,-4.200000000000000000e+01
1.679988672936404228e+09,1.658400000000000000e+04,5.120000000000000000e+02,-7.840000000000000000e+02,-1.153000000000000000e+03,-6.220000000000000000e+02,-4.200000000000000000e+01
1.679988672938299179e+09,1.658400000000000000e+04,5.120000000000000000e+02,-7.840000000000000000e+02,-1.153000000000000000e+03,-6.220000000000000000e+02,-4.200000000000000000e+01
1.679988672939067602e+09,1.658400000000000000e+04,5.120000000000000000e+02,-7.840000000000000000e+02,-1.153000000000000000e+03,-6.220000000000000000e+02,-4.200000000000000000e+01
1.679988672940807104e+09,1.658400000000000000e+04,5.120000000000000000e+02,-7.840000000000000000e+02,-1.153000000000000000e+03,-6.220000000000000000e+02,-4.200000000000000000e+01
1.679988672941527367e+09,1.658400000000000000e+04,5.120000000000000000e+02,-7.840000000000000000e+02,-1.153000000000000000e+03,-6.220000000000000000e+02,-4.200000000000000000e+01
1.679988672943298817e+09,1.658400000000000000e+04,5.120000000000000000e+02,-7.840000000000000000e+02,-1.153000000000000000e+03,-6.220000000000000000e+02,-4.200000000000000000e+01
1.679988672944113493e+09,1.658400000000000000e+04,5.120000000000000000e+02,-7.840000000000000000e+02,-1.153000000000000000e+03,-6.220000000000000000e+02,-4.200000000000000000e+01
1.679988672945943594e+09,1.658400000000000000e+04,5.120000000000000000e+02,-7.840000000000000000e+02,-1.153000000000000000e+03,-6.220000000000000000e+02,-4.200000000000000000e+01
1.679988672946796894e+09,1.658400000000000000e+04,5.120000000000000000e+02,-7.840000000000000000e+02,-1.153000000000000000e+03,-6.220000000000000000e+02,-4.200000000000000000e+01
1.679988672948526144e+09,1.658400000000000000e+04,5.120000000000000000e+02,-7.840000000000000000e+02,-1.153000000000000000e+03,-6.220000000000000000e+02,-4.200000000000000000e+01
1.679988672949336529e+09,1.658400000000000000e+04,5.120000000000000000e+02,-7.840000000000000000e+02,-1.153000000000000000e+03,-6.220000000000000000e+02,-4.200000000000000000e+01
1.679988672951098680e+09,1.658400000000000000e+04,5.120000000000000000e+02,-7.840000000000000000e+02,-1.153000000000000000e+03,-6.220000000000000000e+02,-4.200000000000000000e+01
1.679988672951923370e+09,1.658400000000000000e+04,5.120000000000000000e+02,-7.840000000000000000e+02,-1.153000000000000000e+03,-6.220000000000000000e+02,-4.200000000000000000e+01
1.679988672953674078e+09,1.658400000000000000e+04,5.120000000000000000e+02,-7.840000000000000000e+02,-1.153000000000000000e+03,-6.220000000000000000e+02,-4.200000000000000000e+01
1.679988672954536438e+09,1.658400000000000000e+04,5.120000000000000000e+02,-7.840000000000000000e+02,-1.153000000000000000e+03,-6.220000000000000000e+02,-4.200000000000000000e+01
1.679988672956334352e+09,1.658400000000000000e+04,5.120000000000000000e+02,-7.840000000000000000e+02,-1.153000000000000000e+03,-6.220000000000000000e+02,-4.200000000000000000e+01
1.679988672957144260e+09,1.658400000000000000e+04,5.120000000000000000e+02,-7.840000000000000000e+02,-1.153000000000000000e+03,-6.220000000000000000e+02,-4.200000000000000000e+01
1.679988672958900690e+09,1.658400000000000000e+04,5.120000000000000000e+02,-7.840000000000000000e+02,-1.153000000000000000e+03,-6.220000000000000000e+02,-4.200000000000000000e+01
1.679988672959728241e+09,1.658400000000000000e+04,5.120000000000000000e+02,-7.840000000000000000e+02,-1.153000000000000000e+03,-6.220000000000000000e+02,-4.200000000000000000e+01
1.679988672961472273e+09,1.658400000000000000e+04,5.120000000000000000e+02,-7.840000000000000000e+02,-1.153000000000000000e+03,-6.220000000000000000e+02,-4.200000000000000000e+01
1.679988672962280750e+09,1.658400000000000000e+04,5.120000000000000000e+02,-7.840000000000000000e+02,-1.153000000000000000e+03,-6.220000000000000000e+02,-4.200000000000000000e+01
1.679988672964035273e+09,1.658400000000000000e+04,5.120000000000000000e+02,-7.840000000000000000e+02,-1.153000000000000000e+03,-6.220000000000000000e+02,-4.200000000000000000e+01
1.679988672964853048e+09,1.658400000000000000e+04,5.120000000000000000e+02,-7.840000000000000000e+02,-1.153000000000000000e+03,-6.220000000000000000e+02,-4.200000000000000000e+01
1.679988672966639280e+09,1.658400000000000000e+04,5.120000000000000000e+02,-7.840000000000000000e+02,-1.153000000000000000e+03,-6.220000000000000000e+02,-4.200000000000000000e+01
1.679988672967408419e+09,1.658400000000000000e+04,5.120000000000000000e+02,-7.840000000000000000e+02,-1.153000000000000000e+03,-6.220000000000000000e+02,-4.200000000000000000e+01
1.679988672969172239e+09,1.658400000000000000e+04,5.120000000000000000e+02,-7.840000000000000000e+02,-1.153000000000000000e+03,-6.220000000000000000e+02,-4.200000000000000000e+01
1.679988672969968796e+09,1.658400000000000000e+04,5.120000000000000000e+02,-7.840000000000000000e+02,-1.153000000000000000e+03,-6.220000000000000000e+02,-4.200000000000000000e+01
1.679988672971764565e+09,1.658400000000000000e+04,5.120000000000000000e+02,-7.840000000000000000e+02,-1.153000000000000000e+03,-6.220000000000000000e+02,-4.200000000000000000e+01
1.679988672972607851e+09,1.658400000000000000e+04,5.120000000000000000e+02,-7.840000000000000000e+02,-1.153000000000000000e+03,-6.220000000000000000e+02,-4.200000000000000000e+01
1.679988672974340677e+09,1.658400000000000000e+04,5.120000000000000000e+02,-7.840000000000000000e+02,-1.153000000000000000e+03,-6.220000000000000000e+02,-4.200000000000000000e+01
1.679988672975116968e+09,1.658400000000000000e+04,5.120000000000000000e+02,-7.840000000000000000e+02,-1.153000000000000000e+03,-6.220000000000000000e+02,-4.200000000000000000e+01
1.679988672976921082e+09,1.658400000000000000e+04,5.120000000000000000e+02,-7.840000000000000000e+02,-1.153000000000000000e+03,-6.220000000000000000e+02,-4.200000000000000000e+01
1.679988672977786779e+09,1.658400000000000000e+04,5.120000000000000000e+02,-7.840000000000000000e+02,-1.153000000000000000e+03,-6.220000000000000000e+02,-4.200000000000000000e+01
1.679988672979511976e+09,1.658400000000000000e+04,5.120000000000000000e+02,-7.840000000000000000e+02,-1.153000000000000000e+03,-6.220000000000000000e+02,-4.200000000000000000e+01
1.679988672980329990e+09,1.658400000000000000e+04,5.120000000000000000e+02,-7.840000000000000000e+02,-1.153000000000000000e+03,-6.220000000000000000e+02,-4.200000000000000000e+01
1.679988672982088804e+09,1.658400000000000000e+04,5.120000000000000000e+02,-7.840000000000000000e+02,-1.153000000000000000e+03,-6.220000000000000000e+02,-4.200000000000000000e+01
1.679988672982900381e+09,1.658400000000000000e+04,5.120000000000000000e+02,-7.840000000000000000e+02,-1.153000000000000000e+03,-6.220000000000000000e+02,-4.200000000000000000e+01
1.679988672984670162e+09,1.658400000000000000e+04,5.120000000000000000e+02,-7.840000000000000000e+02,-1.153000000000000000e+03,-6.220000000000000000e+02,-4.200000000000000000e+01
1.679988672985576868e+09,1.658400000000000000e+04,5.120000000000000000e+02,-7.840000000000000000e+02,-1.153000000000000000e+03,-6.220000000000000000e+02,-4.200000000000000000e+01
1.679988672987287998e+09,1.658400000000000000e+04,5.120000000000000000e+02,-7.840000000000000000e+02,-1.153000000000000000e+03,-6.220000000000000000e+02,-4.200000000000000000e+01
1.679988672988074064e+09,1.658400000000000000e+04,5.120000000000000000e+02,-7.840000000000000000e+02,-1.153000000000000000e+03,-6.220000000000000000e+02,-4.200000000000000000e+01
1.679988672989829779e+09,1.658400000000000000e+04,5.120000000000000000e+02,-7.840000000000000000e+02,-1.153000000000000000e+03,-6.220000000000000000e+02,-4.200000000000000000e+01
1.679988672990622520e+09,1.658400000000000000e+04,5.120000000000000000e+02,-7.840000000000000000e+02,-1.153000000000000000e+03,-6.220000000000000000e+02,-4.200000000000000000e+01
1.679988672992391348e+09,1.658400000000000000e+04,5.120000000000000000e+02,-7.840000000000000000e+02,-1.153000000000000000e+03,-6.220000000000000000e+02,-4.200000000000000000e+01
1.679988672993254423e+09,1.658400000000000000e+04,5.120000000000000000e+02,-7.840000000000000000e+02,-1.153000000000000000e+03,-6.220000000000000000e+02,-4.200000000000000000e+01
1.679988672994988918e+09,1.658400000000000000e+04,5.120000000000000000e+02,-7.840000000000000000e+02,-1.153000000000000000e+03,-6.220000000000000000e+02,-4.200000000000000000e+01
1.679988672995908976e+09,1.658400000000000000e+04,5.120000000000000000e+02,-7.840000000000000000e+02,-1.153000000000000000e+03,-6.220000000000000000e+02,-4.200000000000000000e+01
1.679988672997629404e+09,1.658400000000000000e+04,5.120000000000000000e+02,-7.840000000000000000e+02,-1.153000000000000000e+03,-6.220000000000000000e+02,-4.200000000000000000e+01
1.679988672998481750e+09,1.658400000000000000e+04,5.120000000000000000e+02,-7.840000000000000000e+02,-1.153000000000000000e+03,-6.220000000000000000e+02,-4.200000000000000000e+01
1.679988673000226974e+09,1.658400000000000000e+04,5.120000000000000000e+02,-7.840000000000000000e+02,-1.153000000000000000e+03,-6.220000000000000000e+02,-4.200000000000000000e+01
1.679988673001076221e+09,1.658400000000000000e+04,5.120000000000000000e+02,-7.840000000000000000e+02,-1.153000000000000000e+03,-6.220000000000000000e+02,-4.200000000000000000e+01
1.679988673002809048e+09,1.658400000000000000e+04,5.120000000000000000e+02,-7.840000000000000000e+02,-1.153000000000000000e+03,-6.220000000000000000e+02,-4.200000000000000000e+01
1.679988673003646612e+09,1.658400000000000000e+04,5.120000000000000000e+02,-7.840000000000000000e+02,-1.153000000000000000e+03,-6.220000000000000000e+02,-4.200000000000000000e+01
1.679988673005391836e+09,1.658400000000000000e+04,5.120000000000000000e+02,-7.840000000000000000e+02,-1.153000000000000000e+03,-6.220000000000000000e+02,-4.200000000000000000e+01
1.679988673006268501e+09,1.658400000000000000e+04,5.120000000000000000e+02,-7.840000000000000000e+02,-1.153000000000000000e+03,-6.220000000000000000e+02,-4.200000000000000000e+01
1.679988673008022785e+09,1.658400000000000000e+04,5.120000000000000000e+02,-7.840000000000000000e+02,-1.153000000000000000e+03,-6.220000000000000000e+02,-4.200000000000000000e+01
1.679988673008876801e+09,1.658400000000000000e+04,5.120000000000000000e+02,-7.840000000000000000e+02,-1.153000000000000000e+03,-6.220000000000000000e+02,-4.200000000000000000e+01
1.679988673010597944e+09,1.658400000000000000e+04,5.120000000000000000e+02,-7.840000000000000000e+02,-1.153000000000000000e+03,-6.220000000000000000e+02,-4.200000000000000000e+01
1.679988673011388063e+09,1.658400000000000000e+04,5.120000000000000000e+02,-7.840000000000000000e+02,-1.153000000000000000e+03,-6.220000000000000000e+02,-4.200000000000000000e+01
1.679988673013159752e+09,1.658400000000000000e+04,5.120000000000000000e+02,-7.840000000000000000e+02,-1.153000000000000000e+03,-6.220000000000000000e+02,-4.200000000000000000e+01
1.679988673013993025e+09,1.658400000000000000e+04,5.120000000000000000e+02,-7.840000000000000000e+02,-1.153000000000000000e+03,-6.220000000000000000e+02,-4.200000000000000000e+01
1.679988673015896320e+09,1.658400000000000000e+04,5.120000000000000000e+02,-7.840000000000000000e+02,-1.153000000000000000e+03,-6.220000000000000000e+02,-4.200000000000000000e+01
1.679988673016509295e+09,1.658400000000000000e+04,5.120000000000000000e+02,-7.840000000000000000e+02,-1.153000000000000000e+03,-6.220000000000000000e+02,-4.200000000000000000e+01
1.679988673018602610e+09,1.658400000000000000e+04,5.120000000000000000e+02,-7.840000000000000000e+02,-1.153000000000000000e+03,-6.220000000000000000e+02,-4.200000000000000000e+01
1.679988673019470930e+09,1.658400000000000000e+04,5.120000000000000000e+02,-7.840000000000000000e+02,-1.153000000000000000e+03,-6.220000000000000000e+02,-4.200000000000000000e+01
1.679988673021241903e+09,1.658400000000000000e+04,5.120000000000000000e+02,-7.840000000000000000e+02,-1.153000000000000000e+03,-6.220000000000000000e+02,-4.200000000000000000e+01
1.679988673022096395e+09,1.658400000000000000e+04,5.120000000000000000e+02,-7.840000000000000000e+02,-1.153000000000000000e+03,-6.220000000000000000e+02,-4.200000000000000000e+01
1.679988673023854494e+09,1.658400000000000000e+04,5.120000000000000000e+02,-7.840000000000000000e+02,-1.153000000000000000e+03,-6.220000000000000000e+02,-4.200000000000000000e+01
1.679988673024722099e+09,1.658400000000000000e+04,5.120000000000000000e+02,-7.840000000000000000e+02,-1.153000000000000000e+03,-6.220000000000000000e+02,-4.200000000000000000e+01
1.679988673026492357e+09,1.658400000000000000e+04,5.120000000000000000e+02,-7.840000000000000000e+02,-1.153000000000000000e+03,-6.220000000000000000e+02,-4.200000000000000000e+01
1.679988673027285576e+09,1.658400000000000000e+04,5.120000000000000000e+02,-7.840000000000000000e+02,-1.153000000000000000e+03,-6.220000000000000000e+02,-4.200000000000000000e+01
1.679988673029076338e+09,1.658400000000000000e+04,5.120000000000000000e+02,-7.840000000000000000e+02,-1.153000000000000000e+03,-6.220000000000000000e+02,-4.200000000000000000e+01
1.679988673029936552e+09,1.658400000000000000e+04,5.120000000000000000e+02,-7.840000000000000000e+02,-1.153000000000000000e+03,-6.220000000000000000e+02,-4.200000000000000000e+01
1.679988673031733751e+09,1.658400000000000000e+04,5.120000000000000000e+02,-7.840000000000000000e+02,-1.153000000000000000e+03,-6.220000000000000000e+02,-4.200000000000000000e+01
1.679988673032559633e+09,1.658400000000000000e+04,5.120000000000000000e+02,-7.840000000000000000e+02,-1.153000000000000000e+03,-6.220000000000000000e+02,-4.200000000000000000e+01
1.679988673034268618e+09,1.658400000000000000e+04,5.120000000000000000e+02,-7.840000000000000000e+02,-1.153000000000000000e+03,-6.220000000000000000e+02,-4.200000000000000000e+01
1.679988673035065174e+09,1.658400000000000000e+04,5.120000000000000000e+02,-7.840000000000000000e+02,-1.153000000000000000e+03,-6.220000000000000000e+02,-4.200000000000000000e+01
1.679988673037407637e+09,1.658400000000000000e+04,5.120000000000000000e+02,-7.840000000000000000e+02,-1.153000000000000000e+03,-6.220000000000000000e+02,-4.200000000000000000e+01
1.679988673038367987e+09,1.658400000000000000e+04,5.120000000000000000e+02,-7.840000000000000000e+02,-1.153000000000000000e+03,-6.220000000000000000e+02,-4.200000000000000000e+01
1.679988673040203571e+09,1.658400000000000000e+04,5.120000000000000000e+02,-7.840000000000000000e+02,-1.153000000000000000e+03,-6.220000000000000000e+02,-4.200000000000000000e+01
1.679988673041187525e+09,1.658400000000000000e+04,5.120000000000000000e+02,-7.840000000000000000e+02,-1.153000000000000000e+03,-6.220000000000000000e+02,-4.200000000000000000e+01
1.679988673042884111e+09,1.658400000000000000e+04,5.120000000000000000e+02,-7.840000000000000000e+02,-1.153000000000000000e+03,-6.220000000000000000e+02,-4.200000000000000000e+01
1.679988673043763876e+09,1.658400000000000000e+04,5.120000000000000000e+02,-7.840000000000000000e+02,-1.153000000000000000e+03,-6.220000000000000000e+02,-4.200000000000000000e+01
1.679988673045440435e+09,1.658400000000000000e+04,5.120000000000000000e+02,-7.840000000000000000e+02,-1.153000000000000000e+03,-6.220000000000000000e+02,-4.200000000000000000e+01
1.679988673046398163e+09,1.658400000000000000e+04,5.120000000000000000e+02,-7.840000000000000000e+02,-1.153000000000000000e+03,-6.220000000000000000e+02,-4.200000000000000000e+01
1.679988673048101425e+09,1.658400000000000000e+04,5.120000000000000000e+02,-7.840000000000000000e+02,-1.153000000000000000e+03,-6.220000000000000000e+02,-4.200000000000000000e+01
1.679988673048896313e+09,1.658400000000000000e+04,5.120000000000000000e+02,-7.840000000000000000e+02,-1.153000000000000000e+03,-6.220000000000000000e+02,-4.200000000000000000e+01
1.679988673050641298e+09,1.658400000000000000e+04,5.120000000000000000e+02,-7.840000000000000000e+02,-1.153000000000000000e+03,-6.220000000000000000e+02,-4.200000000000000000e+01
1.679988673051419020e+09,1.658400000000000000e+04,5.120000000000000000e+02,-7.840000000000000000e+02,-1.153000000000000000e+03,-6.220000000000000000e+02,-4.200000000000000000e+01
1.679988673053134441e+09,1.658400000000000000e+04,5.120000000000000000e+02,-7.840000000000000000e+02,-1.153000000000000000e+03,-6.220000000000000000e+02,-4.200000000000000000e+01
1.679988673054085016e+09,1.658400000000000000e+04,5.120000000000000000e+02,-7.840000000000000000e+02,-1.153000000000000000e+03,-6.220000000000000000e+02,-4.200000000000000000e+01
1.679988673055876255e+09,1.658400000000000000e+04,5.120000000000000000e+02,-7.840000000000000000e+02,-1.153000000000000000e+03,-6.220000000000000000e+02,-4.200000000000000000e+01
1.679988673056757689e+09,1.658400000000000000e+04,5.120000000000000000e+02,-7.840000000000000000e+02,-1.153000000000000000e+03,-6.220000000000000000e+02,-4.200000000000000000e+01
1.679988673058486938e+09,1.658400000000000000e+04,5.120000000000000000e+02,-7.840000000000000000e+02,-1.153000000000000000e+03,-6.220000000000000000e+02,-4.200000000000000000e+01
1.679988673059288263e+09,1.658400000000000000e+04,5.120000000000000000e+02,-7.840000000000000000e+02,-1.153000000000000000e+03,-6.220000000000000000e+02,-4.200000000000000000e+01
1.679988673060950279e+09,1.658400000000000000e+04,5.120000000000000000e+02,-7.840000000000000000e+02,-1.153000000000000000e+03,-6.220000000000000000e+02,-4.200000000000000000e+01
1.679988673061877012e+09,1.658400000000000000e+04,5.120000000000000000e+02,-7.840000000000000000e+02,-1.153000000000000000e+03,-6.220000000000000000e+02,-4.200000000000000000e+01
1.679988673063572884e+09,1.658400000000000000e+04,5.120000000000000000e+02,-7.840000000000000000e+02,-1.153000000000000000e+03,-6.220000000000000000e+02,-4.200000000000000000e+01
1.679988673064516068e+09,1.658400000000000000e+04,5.120000000000000000e+02,-7.840000000000000000e+02,-1.153000000000000000e+03,-6.220000000000000000e+02,-4.200000000000000000e+01
1.679988673066276073e+09,1.658400000000000000e+04,5.120000000000000000e+02,-7.840000000000000000e+02,-1.153000000000000000e+03,-6.220000000000000000e+02,-4.200000000000000000e+01
1.679988673067062855e+09,1.658400000000000000e+04,5.120000000000000000e+02,-7.840000000000000000e+02,-1.153000000000000000e+03,-6.220000000000000000e+02,-4.200000000000000000e+01
1.679988673068763494e+09,1.658400000000000000e+04,5.120000000000000000e+02,-7.840000000000000000e+02,-1.153000000000000000e+03,-6.220000000000000000e+02,-4.200000000000000000e+01
1.679988673069707155e+09,1.658400000000000000e+04,5.120000000000000000e+02,-7.840000000000000000e+02,-1.153000000000000000e+03,-6.220000000000000000e+02,-4.200000000000000000e+01
1.679988673071438551e+09,1.658400000000000000e+04,5.120000000000000000e+02,-7.840000000000000000e+02,-1.153000000000000000e+03,-6.220000000000000000e+02,-4.200000000000000000e+01
1.679988673072318316e+09,1.658400000000000000e+04,5.120000000000000000e+02,-7.840000000000000000e+02,-1.153000000000000000e+03,-6.220000000000000000e+02,-4.200000000000000000e+01
1.679988673074051380e+09,1.658400000000000000e+04,5.120000000000000000e+02,-7.840000000000000000e+02,-1.153000000000000000e+03,-6.220000000000000000e+02,-4.200000000000000000e+01
1.679988673074872255e+09,1.658400000000000000e+04,5.120000000000000000e+02,-7.840000000000000000e+02,-1.153000000000000000e+03,-6.220000000000000000e+02,-4.200000000000000000e+01
1.679988673076641321e+09,1.658400000000000000e+04,5.120000000000000000e+02,-7.840000000000000000e+02,-1.153000000000000000e+03,-6.220000000000000000e+02,-4.200000000000000000e+01
1.679988673077599764e+09,1.658400000000000000e+04,5.120000000000000000e+02,-7.840000000000000000e+02,-1.153000000000000000e+03,-6.220000000000000000e+02,-4.200000000000000000e+01
1.679988673079314709e+09,1.658400000000000000e+04,5.120000000000000000e+02,-7.840000000000000000e+02,-1.153000000000000000e+03,-6.220000000000000000e+02,-4.200000000000000000e+01
1.679988673080145597e+09,1.658400000000000000e+04,5.120000000000000000e+02,-7.840000000000000000e+02,-1.153000000000000000e+03,-6.220000000000000000e+02,-4.200000000000000000e+01
1.679988673081866741e+09,1.658400000000000000e+04,5.120000000000000000e+02,-7.840000000000000000e+02,-1.153000000000000000e+03,-6.220000000000000000e+02,-4.200000000000000000e+01
1.679988673082662344e+09,1.658400000000000000e+04,5.120000000000000000e+02,-7.840000000000000000e+02,-1.153000000000000000e+03,-6.220000000000000000e+02,-4.200000000000000000e+01
1.679988673084342480e+09,1.658400000000000000e+04,5.120000000000000000e+02,-7.840000000000000000e+02,-1.153000000000000000e+03,-6.220000000000000000e+02,-4.200000000000000000e+01
1.679988673085275888e+09,1.658400000000000000e+04,5.120000000000000000e+02,-7.840000000000000000e+02,-1.153000000000000000e+03,-6.220000000000000000e+02,-4.200000000000000000e+01
1.679988673087021112e+09,1.658400000000000000e+04,5.120000000000000000e+02,-7.840000000000000000e+02,-1.153000000000000000e+03,-6.220000000000000000e+02,-4.200000000000000000e+01
1.679988673087845564e+09,1.658400000000000000e+04,5.120000000000000000e+02,-7.840000000000000000e+02,-1.153000000000000000e+03,-6.220000000000000000e+02,-4.200000000000000000e+01
1.679988673089583635e+09,1.658400000000000000e+04,5.120000000000000000e+02,-7.840000000000000000e+02,-1.153000000000000000e+03,-6.220000000000000000e+02,-4.200000000000000000e+01
1.679988673090367079e+09,1.658400000000000000e+04,5.120000000000000000e+02,-7.840000000000000000e+02,-1.153000000000000000e+03,-6.220000000000000000e+02,-4.200000000000000000e+01
1.679988673092045546e+09,1.658400000000000000e+04,5.120000000000000000e+02,-7.840000000000000000e+02,-1.153000000000000000e+03,-6.220000000000000000e+02,-4.200000000000000000e+01
1.679988673092991114e+09,1.658400000000000000e+04,5.120000000000000000e+02,-7.840000000000000000e+02,-1.153000000000000000e+03,-6.220000000000000000e+02,-4.200000000000000000e+01
1.679988673094695091e+09,1.658400000000000000e+04,5.120000000000000000e+02,-7.840000000000000000e+02,-1.153000000000000000e+03,-6.220000000000000000e+02,-4.200000000000000000e+01
1.679988673095586777e+09,1.658400000000000000e+04,5.120000000000000000e+02,-7.840000000000000000e+02,-1.153000000000000000e+03,-6.220000000000000000e+02,-4.200000000000000000e+01
1.679988673097354650e+09,1.658400000000000000e+04,5.120000000000000000e+02,-7.840000000000000000e+02,-1.153000000000000000e+03,-6.220000000000000000e+02,-4.200000000000000000e+01
1.679988673098121405e+09,1.658400000000000000e+04,5.120000000000000000e+02,-7.840000000000000000e+02,-1.153000000000000000e+03,-6.220000000000000000e+02,-4.200000000000000000e+01
1.679988673099793196e+09,1.658400000000000000e+04,5.120000000000000000e+02,-7.840000000000000000e+02,-1.153000000000000000e+03,-6.220000000000000000e+02,-4.200000000000000000e+01
1.679988673100703239e+09,1.658400000000000000e+04,5.120000000000000000e+02,-7.840000000000000000e+02,-1.153000000000000000e+03,-6.220000000000000000e+02,-4.200000000000000000e+01
1.679988673102391958e+09,1.658400000000000000e+04,5.120000000000000000e+02,-7.840000000000000000e+02,-1.153000000000000000e+03,-6.220000000000000000e+02,-4.200000000000000000e+01
1.679988673103308439e+09,1.658400000000000000e+04,5.120000000000000000e+02,-7.840000000000000000e+02,-1.153000000000000000e+03,-6.220000000000000000e+02,-4.200000000000000000e+01
1.679988673105033875e+09,1.658400000000000000e+04,5.120000000000000000e+02,-7.840000000000000000e+02,-1.153000000000000000e+03,-6.220000000000000000e+02,-4.200000000000000000e+01
1.679988673105910540e+09,1.658400000000000000e+04,5.120000000000000000e+02,-7.840000000000000000e+02,-1.153000000000000000e+03,-6.220000000000000000e+02,-4.200000000000000000e+01
1.679988673107599258e+09,1.658400000000000000e+04,5.120000000000000000e+02,-7.840000000000000000e+02,-1.153000000000000000e+03,-6.220000000000000000e+02,-4.200000000000000000e+01
1.679988673108500481e+09,1.658400000000000000e+04,5.120000000000000000e+02,-7.840000000000000000e+02,-1.153000000000000000e+03,-6.220000000000000000e+02,-4.200000000000000000e+01
1.679988673110192299e+09,1.658400000000000000e+04,5.120000000000000000e+02,-7.840000000000000000e+02,-1.153000000000000000e+03,-6.220000000000000000e+02,-4.200000000000000000e+01
1.679988673111114979e+09,1.658400000000000000e+04,5.120000000000000000e+02,-7.840000000000000000e+02,-1.153000000000000000e+03,-6.220000000000000000e+02,-4.200000000000000000e+01
1.679988673112840176e+09,1.658400000000000000e+04,5.120000000000000000e+02,-7.840000000000000000e+02,-1.153000000000000000e+03,-6.220000000000000000e+02,-4.200000000000000000e+01
1.679988673113638878e+09,1.658400000000000000e+04,5.120000000000000000e+02,-7.840000000000000000e+02,-1.153000000000000000e+03,-6.220000000000000000e+02,-4.200000000000000000e+01
1.679988673115309477e+09,1.658400000000000000e+04,5.120000000000000000e+02,-7.840000000000000000e+02,-1.153000000000000000e+03,-6.220000000000000000e+02,-4.200000000000000000e+01
1.679988673116314650e+09,1.658400000000000000e+04,5.120000000000000000e+02,-7.840000000000000000e+02,-1.153000000000000000e+03,-6.220000000000000000e+02,-4.200000000000000000e+01
1.679988673117981672e+09,1.658400000000000000e+04,5.120000000000000000e+02,-7.840000000000000000e+02,-1.153000000000000000e+03,-6.220000000000000000e+02,-4.200000000000000000e+01
1.679988673118914604e+09,1.658400000000000000e+04,5.120000000000000000e+02,-7.840000000000000000e+02,-1.153000000000000000e+03,-6.220000000000000000e+02,-4.200000000000000000e+01
1.679988673120635986e+09,1.658400000000000000e+04,5.120000000000000000e+02,-7.840000000000000000e+02,-1.153000000000000000e+03,-6.220000000000000000e+02,-4.200000000000000000e+01
1.679988673121442795e+09,1.658400000000000000e+04,5.120000000000000000e+02,-7.840000000000000000e+02,-1.153000000000000000e+03,-6.220000000000000000e+02,-4.200000000000000000e+01
1.679988673123160362e+09,1.658400000000000000e+04,5.120000000000000000e+02,-7.840000000000000000e+02,-1.153000000000000000e+03,-6.220000000000000000e+02,-4.200000000000000000e+01
1.679988673124047041e+09,1.658400000000000000e+04,5.120000000000000000e+02,-7.840000000000000000e+02,-1.153000000000000000e+03,-6.220000000000000000e+02,-4.200000000000000000e+01
1.679988673125799417e+09,1.658400000000000000e+04,5.120000000000000000e+02,-7.840000000000000000e+02,-1.153000000000000000e+03,-6.220000000000000000e+02,-4.200000000000000000e+01
1.679988673126680851e+09,1.658400000000000000e+04,5.120000000000000000e+02,-7.840000000000000000e+02,-1.153000000000000000e+03,-6.220000000000000000e+02,-4.200000000000000000e+01
1.679988673128407478e+09,1.658400000000000000e+04,5.120000000000000000e+02,-7.840000000000000000e+02,-1.153000000000000000e+03,-6.220000000000000000e+02,-4.200000000000000000e+01
1.679988673129214764e+09,1.658400000000000000e+04,5.120000000000000000e+02,-7.840000000000000000e+02,-1.153000000000000000e+03,-6.220000000000000000e+02,-4.200000000000000000e+01
1.679988673130937576e+09,1.658400000000000000e+04,5.120000000000000000e+02,-7.840000000000000000e+02,-1.153000000000000000e+03,-6.220000000000000000e+02,-4.200000000000000000e+01
1.679988673131762505e+09,1.658400000000000000e+04,5.120000000000000000e+02,-7.840000000000000000e+02,-1.153000000000000000e+03,-6.220000000000000000e+02,-4.200000000000000000e+01
1.679988673133430243e+09,1.658400000000000000e+04,5.120000000000000000e+02,-7.840000000000000000e+02,-1.153000000000000000e+03,-6.220000000000000000e+02,-4.200000000000000000e+01
1.679988673134383917e+09,1.658400000000000000e+04,5.120000000000000000e+02,-7.840000000000000000e+02,-1.153000000000000000e+03,-6.220000000000000000e+02,-4.200000000000000000e+01
1.679988673136182547e+09,1.658400000000000000e+04,5.120000000000000000e+02,-7.840000000000000000e+02,-1.153000000000000000e+03,-6.220000000000000000e+02,-4.200000000000000000e+01
1.679988673137026072e+09,1.658400000000000000e+04,5.120000000000000000e+02,-7.840000000000000000e+02,-1.153000000000000000e+03,-6.220000000000000000e+02,-4.200000000000000000e+01
1.679988673138716698e+09,1.658400000000000000e+04,5.120000000000000000e+02,-7.840000000000000000e+02,-1.153000000000000000e+03,-6.220000000000000000e+02,-4.200000000000000000e+01
1.679988673139667511e+09,1.658400000000000000e+04,5.120000000000000000e+02,-7.840000000000000000e+02,-1.153000000000000000e+03,-6.220000000000000000e+02,-4.200000000000000000e+01
1.679988673141348362e+09,1.658400000000000000e+04,5.120000000000000000e+02,-7.840000000000000000e+02,-1.153000000000000000e+03,-6.220000000000000000e+02,-4.200000000000000000e+01
1.679988673142303228e+09,1.658400000000000000e+04,5.120000000000000000e+02,-7.840000000000000000e+02,-1.153000000000000000e+03,-6.220000000000000000e+02,-4.200000000000000000e+01
1.679988673144036293e+09,1.658400000000000000e+04,5.120000000000000000e+02,-7.840000000000000000e+02,-1.153000000000000000e+03,-6.220000000000000000e+02,-4.200000000000000000e+01
1.679988673144842386e+09,1.658400000000000000e+04,5.120000000000000000e+02,-7.840000000000000000e+02,-1.153000000000000000e+03,-6.220000000000000000e+02,-4.200000000000000000e+01
1.679988673146601677e+09,1.658400000000000000e+04,5.120000000000000000e+02,-7.840000000000000000e+02,-1.153000000000000000e+03,-6.220000000000000000e+02,-4.200000000000000000e+01
1.679988673147520304e+09,1.658400000000000000e+04,5.120000000000000000e+02,-7.840000000000000000e+02,-1.153000000000000000e+03,-6.220000000000000000e+02,-4.200000000000000000e+01
1.679988673149203539e+09,1.658400000000000000e+04,5.120000000000000000e+02,-7.840000000000000000e+02,-1.153000000000000000e+03,-6.220000000000000000e+02,-4.200000000000000000e+01
1.679988673150158405e+09,1.658400000000000000e+04,5.120000000000000000e+02,-7.840000000000000000e+02,-1.153000000000000000e+03,-6.220000000000000000e+02,-4.200000000000000000e+01
1.679988673151856184e+09,1.658400000000000000e+04,5.120000000000000000e+02,-7.840000000000000000e+02,-1.153000000000000000e+03,-6.220000000000000000e+02,-4.200000000000000000e+01
1.679988673152727604e+09,1.658400000000000000e+04,5.120000000000000000e+02,-7.840000000000000000e+02,-1.153000000000000000e+03,-6.220000000000000000e+02,-4.200000000000000000e+01
1.679988673154414415e+09,1.658400000000000000e+04,5.120000000000000000e+02,-7.840000000000000000e+02,-1.153000000000000000e+03,-6.220000000000000000e+02,-4.200000000000000000e+01
1.679988673155375719e+09,1.658400000000000000e+04,5.120000000000000000e+02,-7.840000000000000000e+02,-1.153000000000000000e+03,-6.220000000000000000e+02,-4.200000000000000000e+01
1.679988673157125711e+09,1.658400000000000000e+04,5.120000000000000000e+02,-7.840000000000000000e+02,-1.153000000000000000e+03,-6.220000000000000000e+02,-4.200000000000000000e+01
1.679988673158081532e+09,1.658400000000000000e+04,5.120000000000000000e+02,-7.840000000000000000e+02,-1.153000000000000000e+03,-6.220000000000000000e+02,-4.200000000000000000e+01
1.679988673159786701e+09,1.658400000000000000e+04,5.120000000000000000e+02,-7.840000000000000000e+02,-1.153000000000000000e+03,-6.220000000000000000e+02,-4.200000000000000000e+01
1.679988673160634518e+09,1.658400000000000000e+04,5.120000000000000000e+02,-7.840000000000000000e+02,-1.153000000000000000e+03,-6.220000000000000000e+02,-4.200000000000000000e+01
1.679988673162349463e+09,1.658400000000000000e+04,5.120000000000000000e+02,-7.840000000000000000e+02,-1.153000000000000000e+03,-6.220000000000000000e+02,-4.200000000000000000e+01
1.679988673163256884e+09,1.658400000000000000e+04,5.120000000000000000e+02,-7.840000000000000000e+02,-1.153000000000000000e+03,-6.220000000000000000e+02,-4.200000000000000000e+01
1.679988673164966345e+09,1.658400000000000000e+04,5.120000000000000000e+02,-7.840000000000000000e+02,-1.153000000000000000e+03,-6.220000000000000000e+02,-4.200000000000000000e+01
1.679988673165963888e+09,1.658400000000000000e+04,5.120000000000000000e+02,-7.840000000000000000e+02,-1.153000000000000000e+03,-6.220000000000000000e+02,-4.200000000000000000e+01
1.679988673167715788e+09,1.658400000000000000e+04,5.120000000000000000e+02,-7.840000000000000000e+02,-1.153000000000000000e+03,-6.220000000000000000e+02,-4.200000000000000000e+01
1.679988673168682337e+09,1.658400000000000000e+04,5.120000000000000000e+02,-7.840000000000000000e+02,-1.153000000000000000e+03,-6.220000000000000000e+02,-4.200000000000000000e+01
1.679988673170795679e+09,1.658400000000000000e+04,5.120000000000000000e+02,-7.840000000000000000e+02,-1.153000000000000000e+03,-6.220000000000000000e+02,-4.200000000000000000e+01
1.679988673171353102e+09,1.658400000000000000e+04,5.120000000000000000e+02,-7.840000000000000000e+02,-1.153000000000000000e+03,-6.220000000000000000e+02,-4.200000000000000000e+01
1.679988673173372507e+09,1.658400000000000000e+04,5.120000000000000000e+02,-7.840000000000000000e+02,-1.153000000000000000e+03,-6.220000000000000000e+02,-4.200000000000000000e+01
1.679988673173939466e+09,1.658400000000000000e+04,5.120000000000000000e+02,-7.840000000000000000e+02,-1.153000000000000000e+03,-6.220000000000000000e+02,-4.200000000000000000e+01
1.679988673176004410e+09,1.658400000000000000e+04,5.120000000000000000e+02,-7.840000000000000000e+02,-1.153000000000000000e+03,-6.220000000000000000e+02,-4.200000000000000000e+01
1.679988673176553965e+09,1.658400000000000000e+04,5.120000000000000000e+02,-7.840000000000000000e+02,-1.153000000000000000e+03,-6.220000000000000000e+02,-4.200000000000000000e+01
1.679988673178587198e+09,1.658400000000000000e+04,5.120000000000000000e+02,-7.840000000000000000e+02,-1.153000000000000000e+03,-6.220000000000000000e+02,-4.200000000000000000e+01
1.679988673179137945e+09,1.658400000000000000e+04,5.120000000000000000e+02,-7.840000000000000000e+02,-1.153000000000000000e+03,-6.220000000000000000e+02,-4.200000000000000000e+01
1.679988673181186199e+09,1.658400000000000000e+04,5.120000000000000000e+02,-7.840000000000000000e+02,-1.153000000000000000e+03,-6.220000000000000000e+02,-4.200000000000000000e+01
1.679988673181755304e+09,1.658400000000000000e+04,5.120000000000000000e+02,-7.840000000000000000e+02,-1.153000000000000000e+03,-6.220000000000000000e+02,-4.200000000000000000e+01
1.679988673183763504e+09,1.658400000000000000e+04,5.120000000000000000e+02,-7.840000000000000000e+02,-1.153000000000000000e+03,-6.220000000000000000e+02,-4.200000000000000000e+01
1.679988673184335947e+09,1.658400000000000000e+04,5.120000000000000000e+02,-7.840000000000000000e+02,-1.153000000000000000e+03,-6.220000000000000000e+02,-4.200000000000000000e+01
1.679988673186392307e+09,1.658400000000000000e+04,5.120000000000000000e+02,-7.840000000000000000e+02,-1.153000000000000000e+03,-6.220000000000000000e+02,-4.200000000000000000e+01
1.679988673186957836e+09,1.658400000000000000e+04,5.120000000000000000e+02,-7.840000000000000000e+02,-1.153000000000000000e+03,-6.220000000000000000e+02,-4.200000000000000000e+01
1.679988673188985586e+09,1.658400000000000000e+04,5.120000000000000000e+02,-7.840000000000000000e+02,-1.153000000000000000e+03,-6.220000000000000000e+02,-4.200000000000000000e+01
1.679988673189547062e+09,1.658400000000000000e+04,5.120000000000000000e+02,-7.840000000000000000e+02,-1.153000000000000000e+03,-6.220000000000000000e+02,-4.200000000000000000e+01
1.679988673191603184e+09,1.658400000000000000e+04,5.120000000000000000e+02,-7.840000000000000000e+02,-1.153000000000000000e+03,-6.220000000000000000e+02,-4.200000000000000000e+01
1.679988673192174911e+09,1.658400000000000000e+04,5.120000000000000000e+02,-7.840000000000000000e+02,-1.153000000000000000e+03,-6.220000000000000000e+02,-4.200000000000000000e+01
1.679988673194193363e+09,1.658400000000000000e+04,5.120000000000000000e+02,-7.840000000000000000e+02,-1.153000000000000000e+03,-6.220000000000000000e+02,-4.200000000000000000e+01
1.679988673194754601e+09,1.658400000000000000e+04,5.120000000000000000e+02,-7.840000000000000000e+02,-1.153000000000000000e+03,-6.220000000000000000e+02,-4.200000000000000000e+01
1.679988673196833611e+09,1.658400000000000000e+04,5.120000000000000000e+02,-7.840000000000000000e+02,-1.153000000000000000e+03,-6.220000000000000000e+02,-4.200000000000000000e+01
1.679988673197408199e+09,1.658400000000000000e+04,5.120000000000000000e+02,-7.840000000000000000e+02,-1.153000000000000000e+03,-6.220000000000000000e+02,-4.200000000000000000e+01
1.679988673199456930e+09,1.658400000000000000e+04,5.120000000000000000e+02,-7.840000000000000000e+02,-1.153000000000000000e+03,-6.220000000000000000e+02,-4.200000000000000000e+01
1.679988673200039864e+09,1.658400000000000000e+04,5.120000000000000000e+02,-7.840000000000000000e+02,-1.153000000000000000e+03,-6.220000000000000000e+02,-4.200000000000000000e+01
1.679988673202080488e+09,1.658400000000000000e+04,5.120000000000000000e+02,-7.840000000000000000e+02,-1.153000000000000000e+03,-6.220000000000000000e+02,-4.200000000000000000e+01
1.679988673202651501e+09,1.658400000000000000e+04,5.120000000000000000e+02,-7.840000000000000000e+02,-1.153000000000000000e+03,-6.220000000000000000e+02,-4.200000000000000000e+01
1.679988673204610586e+09,1.658400000000000000e+04,5.120000000000000000e+02,-7.840000000000000000e+02,-1.153000000000000000e+03,-6.220000000000000000e+02,-4.200000000000000000e+01
1.679988673205157042e+09,1.658400000000000000e+04,5.120000000000000000e+02,-7.840000000000000000e+02,-1.153000000000000000e+03,-6.220000000000000000e+02,-4.200000000000000000e+01
1.679988673207118273e+09,1.658400000000000000e+04,5.120000000000000000e+02,-7.840000000000000000e+02,-1.153000000000000000e+03,-6.220000000000000000e+02,-4.200000000000000000e+01
1.679988673207829952e+09,1.658400000000000000e+04,5.120000000000000000e+02,-7.840000000000000000e+02,-1.153000000000000000e+03,-6.220000000000000000e+02,-4.200000000000000000e+01
1.679988673209513664e+09,1.658400000000000000e+04,5.120000000000000000e+02,-7.840000000000000000e+02,-1.153000000000000000e+03,-6.220000000000000000e+02,-4.200000000000000000e+01
1.679988673210460424e+09,1.658400000000000000e+04,5.120000000000000000e+02,-7.840000000000000000e+02,-1.153000000000000000e+03,-6.220000000000000000e+02,-4.200000000000000000e+01
1.679988673212190151e+09,1.658400000000000000e+04,5.120000000000000000e+02,-7.840000000000000000e+02,-1.153000000000000000e+03,-6.220000000000000000e+02,-4.200000000000000000e+01
1.679988673213064194e+09,1.658400000000000000e+04,5.120000000000000000e+02,-7.840000000000000000e+02,-1.153000000000000000e+03,-6.220000000000000000e+02,-4.200000000000000000e+01
1.679988673214800835e+09,1.658400000000000000e+04,5.120000000000000000e+02,-7.840000000000000000e+02,-1.153000000000000000e+03,-6.220000000000000000e+02,-4.200000000000000000e+01
1.679988673215722799e+09,1.658400000000000000e+04,5.120000000000000000e+02,-7.840000000000000000e+02,-1.153000000000000000e+03,-6.220000000000000000e+02,-4.200000000000000000e+01
1.679988673217581749e+09,1.658400000000000000e+04,5.120000000000000000e+02,-7.840000000000000000e+02,-1.153000000000000000e+03,-6.220000000000000000e+02,-4.200000000000000000e+01
1.679988673218307018e+09,1.658400000000000000e+04,5.120000000000000000e+02,-7.840000000000000000e+02,-1.153000000000000000e+03,-6.220000000000000000e+02,-4.200000000000000000e+01
1.679988673220026970e+09,1.658400000000000000e+04,5.120000000000000000e+02,-7.840000000000000000e+02,-1.153000000000000000e+03,-6.220000000000000000e+02,-4.200000000000000000e+01
1.679988673220957041e+09,1.658400000000000000e+04,5.120000000000000000e+02,-7.840000000000000000e+02,-1.153000000000000000e+03,-6.220000000000000000e+02,-4.200000000000000000e+01
1.679988673222699165e+09,1.658400000000000000e+04,5.120000000000000000e+02,-7.840000000000000000e+02,-1.153000000000000000e+03,-6.220000000000000000e+02,-4.200000000000000000e+01
1.679988673223499775e+09,1.658400000000000000e+04,5.120000000000000000e+02,-7.840000000000000000e+02,-1.153000000000000000e+03,-6.220000000000000000e+02,-4.200000000000000000e+01
1.679988673225224733e+09,1.658400000000000000e+04,5.120000000000000000e+02,-7.840000000000000000e+02,-1.153000000000000000e+03,-6.220000000000000000e+02,-4.200000000000000000e+01
1.679988673226183653e+09,1.658400000000000000e+04,5.120000000000000000e+02,-7.840000000000000000e+02,-1.153000000000000000e+03,-6.220000000000000000e+02,-4.200000000000000000e+01
1.679988673227864981e+09,1.658400000000000000e+04,5.120000000000000000e+02,-7.840000000000000000e+02,-1.153000000000000000e+03,-6.220000000000000000e+02,-4.200000000000000000e+01
1.679988673228808403e+09,1.658400000000000000e+04,5.120000000000000000e+02,-7.840000000000000000e+02,-1.153000000000000000e+03,-6.220000000000000000e+02,-4.200000000000000000e+01
1.679988673230618000e+09,1.658400000000000000e+04,5.120000000000000000e+02,-7.840000000000000000e+02,-1.153000000000000000e+03,-6.220000000000000000e+02,-4.200000000000000000e+01
1.679988673231400251e+09,1.658400000000000000e+04,5.120000000000000000e+02,-7.840000000000000000e+02,-1.153000000000000000e+03,-6.220000000000000000e+02,-4.200000000000000000e+01
1.679988673233133078e+09,1.658400000000000000e+04,5.120000000000000000e+02,-7.840000000000000000e+02,-1.153000000000000000e+03,-6.220000000000000000e+02,-4.200000000000000000e+01
1.679988673234015226e+09,1.658400000000000000e+04,5.120000000000000000e+02,-7.840000000000000000e+02,-1.153000000000000000e+03,-6.220000000000000000e+02,-4.200000000000000000e+01
1.679988673235806704e+09,1.658400000000000000e+04,5.120000000000000000e+02,-7.840000000000000000e+02,-1.153000000000000000e+03,-6.220000000000000000e+02,-4.200000000000000000e+01
1.679988673236692429e+09,1.658400000000000000e+04,5.120000000000000000e+02,-7.840000000000000000e+02,-1.153000000000000000e+03,-6.220000000000000000e+02,-4.200000000000000000e+01
1.679988673238382101e+09,1.658400000000000000e+04,5.120000000000000000e+02,-7.840000000000000000e+02,-1.153000000000000000e+03,-6.220000000000000000e+02,-4.200000000000000000e+01
1.679988673239322424e+09,1.658400000000000000e+04,5.120000000000000000e+02,-7.840000000000000000e+02,-1.153000000000000000e+03,-6.220000000000000000e+02,-4.200000000000000000e+01
1.679988673241015196e+09,1.658400000000000000e+04,5.120000000000000000e+02,-7.840000000000000000e+02,-1.153000000000000000e+03,-6.220000000000000000e+02,-4.200000000000000000e+01
1.679988673241955519e+09,1.658400000000000000e+04,5.120000000000000000e+02,-7.840000000000000000e+02,-1.153000000000000000e+03,-6.220000000000000000e+02,-4.200000000000000000e+01
1.679988673243679523e+09,1.658400000000000000e+04,5.120000000000000000e+02,-7.840000000000000000e+02,-1.153000000000000000e+03,-6.220000000000000000e+02,-4.200000000000000000e+01
1.679988673244652510e+09,1.658400000000000000e+04,5.120000000000000000e+02,-7.840000000000000000e+02,-1.153000000000000000e+03,-6.220000000000000000e+02,-4.200000000000000000e+01
1.679988673246491194e+09,1.658400000000000000e+04,5.120000000000000000e+02,-7.840000000000000000e+02,-1.153000000000000000e+03,-6.220000000000000000e+02,-4.200000000000000000e+01
1.679988673247374058e+09,1.658400000000000000e+04,5.120000000000000000e+02,-7.840000000000000000e+02,-1.153000000000000000e+03,-6.220000000000000000e+02,-4.200000000000000000e+01
1.679988673249108791e+09,1.658400000000000000e+04,5.120000000000000000e+02,-7.840000000000000000e+02,-1.153000000000000000e+03,-6.220000000000000000e+02,-4.200000000000000000e+01
1.679988673250051498e+09,1.658400000000000000e+04,5.120000000000000000e+02,-7.840000000000000000e+02,-1.153000000000000000e+03,-6.220000000000000000e+02,-4.200000000000000000e+01
1.679988673251760960e+09,1.658400000000000000e+04,5.120000000000000000e+02,-7.840000000000000000e+02,-1.153000000000000000e+03,-6.220000000000000000e+02,-4.200000000000000000e+01
1.679988673252771616e+09,1.658400000000000000e+04,5.120000000000000000e+02,-7.840000000000000000e+02,-1.153000000000000000e+03,-6.220000000000000000e+02,-4.200000000000000000e+01
1.679988673254494667e+09,1.658400000000000000e+04,5.120000000000000000e+02,-7.840000000000000000e+02,-1.153000000000000000e+03,-6.220000000000000000e+02,-4.200000000000000000e+01
1.679988673255477667e+09,1.658400000000000000e+04,5.120000000000000000e+02,-7.840000000000000000e+02,-1.153000000000000000e+03,-6.220000000000000000e+02,-4.200000000000000000e+01
1.679988673257257700e+09,1.658400000000000000e+04,5.120000000000000000e+02,-7.840000000000000000e+02,-1.153000000000000000e+03,-6.220000000000000000e+02,-4.200000000000000000e+01
1.679988673258237600e+09,1.658400000000000000e+04,5.120000000000000000e+02,-7.840000000000000000e+02,-1.153000000000000000e+03,-6.220000000000000000e+02,-4.200000000000000000e+01
1.679988673260020256e+09,1.658400000000000000e+04,5.120000000000000000e+02,-7.840000000000000000e+02,-1.153000000000000000e+03,-6.220000000000000000e+02,-4.200000000000000000e+01
1.679988673261000633e+09,1.658400000000000000e+04,5.120000000000000000e+02,-7.840000000000000000e+02,-1.153000000000000000e+03,-6.220000000000000000e+02,-4.200000000000000000e+01
1.679988673262822151e+09,1.658400000000000000e+04,5.120000000000000000e+02,-7.840000000000000000e+02,-1.153000000000000000e+03,-6.220000000000000000e+02,-4.200000000000000000e+01
1.679988673263733387e+09,1.658400000000000000e+04,5.120000000000000000e+02,-7.840000000000000000e+02,-1.153000000000000000e+03,-6.220000000000000000e+02,-4.200000000000000000e+01
1.679988673265570164e+09,1.658400000000000000e+04,5.120000000000000000e+02,-7.840000000000000000e+02,-1.153000000000000000e+03,-6.220000000000000000e+02,-4.200000000000000000e+01
1.679988673266533136e+09,1.658400000000000000e+04,5.120000000000000000e+02,-7.840000000000000000e+02,-1.153000000000000000e+03,-6.220000000000000000e+02,-4.200000000000000000e+01
1.679988673268321514e+09,1.658400000000000000e+04,5.120000000000000000e+02,-7.840000000000000000e+02,-1.153000000000000000e+03,-6.220000000000000000e+02,-4.200000000000000000e+01
1.679988673269308090e+09,1.658400000000000000e+04,5.120000000000000000e+02,-7.840000000000000000e+02,-1.153000000000000000e+03,-6.220000000000000000e+02,-4.200000000000000000e+01
1.679988673271105766e+09,1.658400000000000000e+04,5.120000000000000000e+02,-7.840000000000000000e+02,-1.153000000000000000e+03,-6.220000000000000000e+02,-4.200000000000000000e+01
1.679988673272129774e+09,1.658400000000000000e+04,5.120000000000000000e+02,-7.840000000000000000e+02,-1.153000000000000000e+03,-6.220000000000000000e+02,-4.200000000000000000e+01
1.679988673273943901e+09,1.658400000000000000e+04,5.120000000000000000e+02,-7.840000000000000000e+02,-1.153000000000000000e+03,-6.220000000000000000e+02,-4.200000000000000000e+01
1.679988673274864197e+09,1.658400000000000000e+04,5.120000000000000000e+02,-7.840000000000000000e+02,-1.153000000000000000e+03,-6.220000000000000000e+02,-4.200000000000000000e+01
1.679988673276729822e+09,1.658400000000000000e+04,5.120000000000000000e+02,-7.840000000000000000e+02,-1.153000000000000000e+03,-6.220000000000000000e+02,-4.200000000000000000e+01
1.679988673277688503e+09,1.658400000000000000e+04,5.120000000000000000e+02,-7.840000000000000000e+02,-1.153000000000000000e+03,-6.220000000000000000e+02,-4.200000000000000000e+01
1.679988673279468060e+09,1.658400000000000000e+04,5.120000000000000000e+02,-7.840000000000000000e+02,-1.153000000000000000e+03,-6.220000000000000000e+02,-4.200000000000000000e+01
1.679988673280467510e+09,1.658400000000000000e+04,5.120000000000000000e+02,-7.840000000000000000e+02,-1.153000000000000000e+03,-6.220000000000000000e+02,-4.200000000000000000e+01
1.679988673282262087e+09,1.658400000000000000e+04,5.120000000000000000e+02,-7.840000000000000000e+02,-1.153000000000000000e+03,-6.220000000000000000e+02,-4.200000000000000000e+01
1.679988673283230543e+09,1.658400000000000000e+04,5.120000000000000000e+02,-7.840000000000000000e+02,-1.153000000000000000e+03,-6.220000000000000000e+02,-4.200000000000000000e+01
1.679988673285036802e+09,1.658400000000000000e+04,5.120000000000000000e+02,-7.840000000000000000e+02,-1.153000000000000000e+03,-6.220000000000000000e+02,-4.200000000000000000e+01
1.679988673286036253e+09,1.658400000000000000e+04,5.120000000000000000e+02,-7.840000000000000000e+02,-1.153000000000000000e+03,-6.220000000000000000e+02,-4.200000000000000000e+01
1.679988673287881374e+09,1.658400000000000000e+04,5.120000000000000000e+02,-7.840000000000000000e+02,-1.153000000000000000e+03,-6.220000000000000000e+02,-4.200000000000000000e+01
1.679988673288926363e+09,1.658400000000000000e+04,5.120000000000000000e+02,-7.840000000000000000e+02,-1.153000000000000000e+03,-6.220000000000000000e+02,-4.200000000000000000e+01
1.679988673290865898e+09,1.658400000000000000e+04,5.120000000000000000e+02,-7.840000000000000000e+02,-1.153000000000000000e+03,-6.220000000000000000e+02,-4.200000000000000000e+01
1.679988673291635990e+09,1.658400000000000000e+04,5.120000000000000000e+02,-7.840000000000000000e+02,-1.153000000000000000e+03,-6.220000000000000000e+02,-4.200000000000000000e+01
1.679988673293423176e+09,1.658400000000000000e+04,5.120000000000000000e+02,-7.840000000000000000e+02,-1.153000000000000000e+03,-6.220000000000000000e+02,-4.200000000000000000e+01
1.679988673294413567e+09,1.658400000000000000e+04,5.120000000000000000e+02,-7.840000000000000000e+02,-1.153000000000000000e+03,-6.220000000000000000e+02,-4.200000000000000000e+01
1.679988673296293020e+09,1.658400000000000000e+04,5.120000000000000000e+02,-7.840000000000000000e+02,-1.153000000000000000e+03,-6.220000000000000000e+02,-4.200000000000000000e+01
1.679988673297202587e+09,1.658400000000000000e+04,5.120000000000000000e+02,-7.840000000000000000e+02,-1.153000000000000000e+03,-6.220000000000000000e+02,-4.200000000000000000e+01
1.679988673298984289e+09,1.658400000000000000e+04,5.120000000000000000e+02,-7.840000000000000000e+02,-1.153000000000000000e+03,-6.220000000000000000e+02,-4.200000000000000000e+01
1.679988673299988747e+09,1.658400000000000000e+04,5.120000000000000000e+02,-7.840000000000000000e+02,-1.153000000000000000e+03,-6.220000000000000000e+02,-4.200000000000000000e+01
1.679988673301772356e+09,1.658400000000000000e+04,5.120000000000000000e+02,-7.840000000000000000e+02,-1.153000000000000000e+03,-6.220000000000000000e+02,-4.200000000000000000e+01
1.679988673302781343e+09,1.658400000000000000e+04,5.120000000000000000e+02,-7.840000000000000000e+02,-1.153000000000000000e+03,-6.220000000000000000e+02,-4.200000000000000000e+01
1.679988673304571152e+09,1.658400000000000000e+04,5.120000000000000000e+02,-7.840000000000000000e+02,-1.153000000000000000e+03,-6.220000000000000000e+02,-4.200000000000000000e+01
1.679988673305616856e+09,1.658400000000000000e+04,5.120000000000000000e+02,-7.840000000000000000e+02,-1.153000000000000000e+03,-6.220000000000000000e+02,-4.200000000000000000e+01
1.679988673307408571e+09,1.658400000000000000e+04,5.120000000000000000e+02,-7.840000000000000000e+02,-1.153000000000000000e+03,-6.220000000000000000e+02,-4.200000000000000000e+01
1.679988673308401585e+09,1.658400000000000000e+04,5.120000000000000000e+02,-7.840000000000000000e+02,-1.153000000000000000e+03,-6.220000000000000000e+02,-4.200000000000000000e+01
1.679988673310199022e+09,1.658400000000000000e+04,5.120000000000000000e+02,-7.840000000000000000e+02,-1.153000000000000000e+03,-6.220000000000000000e+02,-4.200000000000000000e+01
1.679988673311177254e+09,1.658400000000000000e+04,5.120000000000000000e+02,-7.840000000000000000e+02,-1.153000000000000000e+03,-6.220000000000000000e+02,-4.200000000000000000e+01
1.679988673313011408e+09,1.658400000000000000e+04,5.120000000000000000e+02,-7.840000000000000000e+02,-1.153000000000000000e+03,-6.220000000000000000e+02,-4.200000000000000000e+01
1.679988673313893795e+09,1.658400000000000000e+04,5.120000000000000000e+02,-7.840000000000000000e+02,-1.153000000000000000e+03,-6.220000000000000000e+02,-4.200000000000000000e+01
1.679988673315736294e+09,1.658400000000000000e+04,5.120000000000000000e+02,-7.840000000000000000e+02,-1.153000000000000000e+03,-6.220000000000000000e+02,-4.200000000000000000e+01
1.679988673316669703e+09,1.658400000000000000e+04,5.120000000000000000e+02,-7.840000000000000000e+02,-1.153000000000000000e+03,-6.220000000000000000e+02,-4.200000000000000000e+01
1.679988673318441629e+09,1.658400000000000000e+04,5.120000000000000000e+02,-7.840000000000000000e+02,-1.153000000000000000e+03,-6.220000000000000000e+02,-4.200000000000000000e+01
1.679988673319441080e+09,1.658400000000000000e+04,5.120000000000000000e+02,-7.840000000000000000e+02,-1.153000000000000000e+03,-6.220000000000000000e+02,-4.200000000000000000e+01
1.679988673321297884e+09,1.658400000000000000e+04,5.120000000000000000e+02,-7.840000000000000000e+02,-1.153000000000000000e+03,-6.220000000000000000e+02,-4.200000000000000000e+01
1.679988673322212696e+09,1.658400000000000000e+04,5.120000000000000000e+02,-7.840000000000000000e+02,-1.153000000000000000e+03,-6.220000000000000000e+02,-4.200000000000000000e+01
1.679988673324006557e+09,1.658400000000000000e+04,5.120000000000000000e+02,-7.840000000000000000e+02,-1.153000000000000000e+03,-6.220000000000000000e+02,-4.200000000000000000e+01
1.679988673324969769e+09,1.658400000000000000e+04,5.120000000000000000e+02,-7.840000000000000000e+02,-1.153000000000000000e+03,-6.220000000000000000e+02,-4.200000000000000000e+01
1.679988673326807737e+09,1.658400000000000000e+04,5.120000000000000000e+02,-7.840000000000000000e+02,-1.153000000000000000e+03,-6.220000000000000000e+02,-4.200000000000000000e+01
1.679988673327801943e+09,1.658400000000000000e+04,5.120000000000000000e+02,-7.840000000000000000e+02,-1.153000000000000000e+03,-6.220000000000000000e+02,-4.200000000000000000e+01
1.679988673329613686e+09,1.658400000000000000e+04,5.120000000000000000e+02,-7.840000000000000000e+02,-1.153000000000000000e+03,-6.220000000000000000e+02,-4.200000000000000000e+01
1.679988673330556393e+09,1.658400000000000000e+04,5.120000000000000000e+02,-7.840000000000000000e+02,-1.153000000000000000e+03,-6.220000000000000000e+02,-4.200000000000000000e+01
1.679988673332413912e+09,1.658400000000000000e+04,5.120000000000000000e+02,-7.840000000000000000e+02,-1.153000000000000000e+03,-6.220000000000000000e+02,-4.200000000000000000e+01
1.679988673333344460e+09,1.658400000000000000e+04,5.120000000000000000e+02,-7.840000000000000000e+02,-1.153000000000000000e+03,-6.220000000000000000e+02,-4.200000000000000000e+01
1.679988673335135937e+09,1.658400000000000000e+04,5.120000000000000000e+02,-7.840000000000000000e+02,-1.153000000000000000e+03,-6.220000000000000000e+02,-4.200000000000000000e+01
1.679988673336139917e+09,1.658400000000000000e+04,5.120000000000000000e+02,-7.840000000000000000e+02,-1.153000000000000000e+03,-6.220000000000000000e+02,-4.200000000000000000e+01
1.679988673337941408e+09,1.658400000000000000e+04,5.120000000000000000e+02,-7.840000000000000000e+02,-1.153000000000000000e+03,-6.220000000000000000e+02,-4.200000000000000000e+01
1.679988673338916063e+09,1.658400000000000000e+04,5.120000000000000000e+02,-7.840000000000000000e+02,-1.153000000000000000e+03,-6.220000000000000000e+02,-4.200000000000000000e+01
1.679988673340716124e+09,1.658400000000000000e+04,5.120000000000000000e+02,-7.840000000000000000e+02,-1.153000000000000000e+03,-6.220000000000000000e+02,-4.200000000000000000e+01
1.679988673341707945e+09,1.658400000000000000e+04,5.120000000000000000e+02,-7.840000000000000000e+02,-1.153000000000000000e+03,-6.220000000000000000e+02,-4.200000000000000000e+01
1.679988673343492270e+09,1.658400000000000000e+04,5.120000000000000000e+02,-7.840000000000000000e+02,-1.153000000000000000e+03,-6.220000000000000000e+02,-4.200000000000000000e+01
1.679988673344487667e+09,1.658400000000000000e+04,5.120000000000000000e+02,-7.840000000000000000e+02,-1.153000000000000000e+03,-6.220000000000000000e+02,-4.200000000000000000e+01
1.679988673346326351e+09,1.658400000000000000e+04,5.120000000000000000e+02,-7.840000000000000000e+02,-1.153000000000000000e+03,-6.220000000000000000e+02,-4.200000000000000000e+01
1.679988673347292423e+09,1.658400000000000000e+04,5.120000000000000000e+02,-7.840000000000000000e+02,-1.153000000000000000e+03,-6.220000000000000000e+02,-4.200000000000000000e+01
1.679988673349080563e+09,1.658400000000000000e+04,5.120000000000000000e+02,-7.840000000000000000e+02,-1.153000000000000000e+03,-6.220000000000000000e+02,-4.200000000000000000e+01
1.679988673350100517e+09,1.658400000000000000e+04,5.120000000000000000e+02,-7.840000000000000000e+02,-1.153000000000000000e+03,-6.220000000000000000e+02,-4.200000000000000000e+01
1.679988673351912498e+09,1.658400000000000000e+04,5.120000000000000000e+02,-7.840000000000000000e+02,-1.153000000000000000e+03,-6.220000000000000000e+02,-4.200000000000000000e+01
1.679988673352883101e+09,1.658400000000000000e+04,5.120000000000000000e+02,-7.840000000000000000e+02,-1.153000000000000000e+03,-6.220000000000000000e+02,-4.200000000000000000e+01
1.679988673354658604e+09,1.658400000000000000e+04,5.120000000000000000e+02,-7.840000000000000000e+02,-1.153000000000000000e+03,-6.220000000000000000e+02,-4.200000000000000000e+01
1.679988673355696678e+09,1.658400000000000000e+04,5.120000000000000000e+02,-7.840000000000000000e+02,-1.153000000000000000e+03,-6.220000000000000000e+02,-4.200000000000000000e+01
1.679988673357522488e+09,1.658400000000000000e+04,5.120000000000000000e+02,-7.840000000000000000e+02,-1.153000000000000000e+03,-6.220000000000000000e+02,-4.200000000000000000e+01
1.679988673358474731e+09,1.658400000000000000e+04,5.120000000000000000e+02,-7.840000000000000000e+02,-1.153000000000000000e+03,-6.220000000000000000e+02,-4.200000000000000000e+01
1.679988673360262871e+09,1.658400000000000000e+04,5.120000000000000000e+02,-7.840000000000000000e+02,-1.153000000000000000e+03,-6.220000000000000000e+02,-4.200000000000000000e+01
1.679988673361279964e+09,1.658400000000000000e+04,5.120000000000000000e+02,-7.840000000000000000e+02,-1.153000000000000000e+03,-6.220000000000000000e+02,-4.200000000000000000e+01
1.679988673363083839e+09,1.658400000000000000e+04,5.120000000000000000e+02,-7.840000000000000000e+02,-1.153000000000000000e+03,-6.220000000000000000e+02,-4.200000000000000000e+01
1.679988673364088058e+09,1.658400000000000000e+04,5.120000000000000000e+02,-7.840000000000000000e+02,-1.153000000000000000e+03,-6.220000000000000000e+02,-4.200000000000000000e+01
1.679988673365931034e+09,1.658400000000000000e+04,5.120000000000000000e+02,-7.840000000000000000e+02,-1.153000000000000000e+03,-6.220000000000000000e+02,-4.200000000000000000e+01
1.679988673366934061e+09,1.658400000000000000e+04,5.120000000000000000e+02,-7.840000000000000000e+02,-1.153000000000000000e+03,-6.220000000000000000e+02,-4.200000000000000000e+01
1.679988673368768692e+09,1.658400000000000000e+04,5.120000000000000000e+02,-7.840000000000000000e+02,-1.153000000000000000e+03,-6.220000000000000000e+02,-4.200000000000000000e+01
1.679988673369677544e+09,1.658400000000000000e+04,5.120000000000000000e+02,-7.840000000000000000e+02,-1.153000000000000000e+03,-6.220000000000000000e+02,-4.200000000000000000e+01
1.679988673371890545e+09,1.658400000000000000e+04,5.120000000000000000e+02,-7.840000000000000000e+02,-1.153000000000000000e+03,-6.220000000000000000e+02,-4.200000000000000000e+01
1.679988673372654915e+09,1.658400000000000000e+04,5.120000000000000000e+02,-7.840000000000000000e+02,-1.153000000000000000e+03,-6.220000000000000000e+02,-4.200000000000000000e+01
1.679988673374855280e+09,1.658400000000000000e+04,5.120000000000000000e+02,-7.840000000000000000e+02,-1.153000000000000000e+03,-6.220000000000000000e+02,-4.200000000000000000e+01
1.679988673375784874e+09,1.658400000000000000e+04,5.120000000000000000e+02,-7.840000000000000000e+02,-1.153000000000000000e+03,-6.220000000000000000e+02,-4.200000000000000000e+01
1.679988673377917767e+09,1.658400000000000000e+04,5.120000000000000000e+02,-7.840000000000000000e+02,-1.153000000000000000e+03,-6.220000000000000000e+02,-4.200000000000000000e+01
1.679988673379018307e+09,1.658400000000000000e+04,5.120000000000000000e+02,-7.840000000000000000e+02,-1.153000000000000000e+03,-6.220000000000000000e+02,-4.200000000000000000e+01
1.679988673380815506e+09,1.658400000000000000e+04,5.120000000000000000e+02,-7.840000000000000000e+02,-1.153000000000000000e+03,-6.220000000000000000e+02,-4.200000000000000000e+01
1.679988673381797791e+09,1.658400000000000000e+04,5.120000000000000000e+02,-7.840000000000000000e+02,-1.153000000000000000e+03,-6.220000000000000000e+02,-4.200000000000000000e+01
1.679988673383594990e+09,1.658400000000000000e+04,5.120000000000000000e+02,-7.840000000000000000e+02,-1.153000000000000000e+03,-6.220000000000000000e+02,-4.200000000000000000e+01
1.679988673384605646e+09,1.658400000000000000e+04,5.120000000000000000e+02,-7.840000000000000000e+02,-1.153000000000000000e+03,-6.220000000000000000e+02,-4.200000000000000000e+01
1.679988673386505127e+09,1.658400000000000000e+04,5.120000000000000000e+02,-7.840000000000000000e+02,-1.153000000000000000e+03,-6.220000000000000000e+02,-4.200000000000000000e+01
1.679988673387481451e+09,1.658400000000000000e+04,5.120000000000000000e+02,-7.840000000000000000e+02,-1.153000000000000000e+03,-6.220000000000000000e+02,-4.200000000000000000e+01
1.679988673389287472e+09,1.658400000000000000e+04,5.120000000000000000e+02,-7.840000000000000000e+02,-1.153000000000000000e+03,-6.220000000000000000e+02,-4.200000000000000000e+01
1.679988673390261173e+09,1.658400000000000000e+04,5.120000000000000000e+02,-7.840000000000000000e+02,-1.153000000000000000e+03,-6.220000000000000000e+02,-4.200000000000000000e+01
1.679988673392069101e+09,1.658400000000000000e+04,5.120000000000000000e+02,-7.840000000000000000e+02,-1.153000000000000000e+03,-6.220000000000000000e+02,-4.200000000000000000e+01
1.679988673393083572e+09,1.658400000000000000e+04,5.120000000000000000e+02,-7.840000000000000000e+02,-1.153000000000000000e+03,-6.220000000000000000e+02,-4.200000000000000000e+01
1.679988673395173550e+09,1.658400000000000000e+04,5.120000000000000000e+02,-7.840000000000000000e+02,-1.153000000000000000e+03,-6.220000000000000000e+02,-4.200000000000000000e+01
1.679988673395947218e+09,1.658400000000000000e+04,5.120000000000000000e+02,-7.840000000000000000e+02,-1.153000000000000000e+03,-6.220000000000000000e+02,-4.200000000000000000e+01
1.679988673397740126e+09,1.658400000000000000e+04,5.120000000000000000e+02,-7.840000000000000000e+02,-1.153000000000000000e+03,-6.220000000000000000e+02,-4.200000000000000000e+01
1.679988673398754358e+09,1.658400000000000000e+04,5.120000000000000000e+02,-7.840000000000000000e+02,-1.153000000000000000e+03,-6.220000000000000000e+02,-4.200000000000000000e+01
1.679988673400552273e+09,1.658400000000000000e+04,5.120000000000000000e+02,-7.840000000000000000e+02,-1.153000000000000000e+03,-6.220000000000000000e+02,-4.200000000000000000e+01
1.679988673401561499e+09,1.658400000000000000e+04,5.120000000000000000e+02,-7.840000000000000000e+02,-1.153000000000000000e+03,-6.220000000000000000e+02,-4.200000000000000000e+01
1.679988673403380156e+09,1.658400000000000000e+04,5.120000000000000000e+02,-7.840000000000000000e+02,-1.153000000000000000e+03,-6.220000000000000000e+02,-4.200000000000000000e+01
1.679988673404421329e+09,1.658400000000000000e+04,5.120000000000000000e+02,-7.840000000000000000e+02,-1.153000000000000000e+03,-6.220000000000000000e+02,-4.200000000000000000e+01
1.679988673406250238e+09,1.658400000000000000e+04,5.120000000000000000e+02,-7.840000000000000000e+02,-1.153000000000000000e+03,-6.220000000000000000e+02,-4.200000000000000000e+01
1.679988673407256603e+09,1.658400000000000000e+04,5.120000000000000000e+02,-7.840000000000000000e+02,-1.153000000000000000e+03,-6.220000000000000000e+02,-4.200000000000000000e+01
1.679988673409061193e+09,1.658400000000000000e+04,5.120000000000000000e+02,-7.840000000000000000e+02,-1.153000000000000000e+03,-6.220000000000000000e+02,-4.200000000000000000e+01
1.679988673410082817e+09,1.658400000000000000e+04,5.120000000000000000e+02,-7.840000000000000000e+02,-1.153000000000000000e+03,-6.220000000000000000e+02,-4.200000000000000000e+01
1.679988673411899805e+09,1.658400000000000000e+04,5.120000000000000000e+02,-7.840000000000000000e+02,-1.153000000000000000e+03,-6.220000000000000000e+02,-4.200000000000000000e+01
1.679988673412994862e+09,1.658400000000000000e+04,5.120000000000000000e+02,-7.840000000000000000e+02,-1.153000000000000000e+03,-6.220000000000000000e+02,-4.200000000000000000e+01
1.679988673414801359e+09,1.658400000000000000e+04,5.120000000000000000e+02,-7.840000000000000000e+02,-1.153000000000000000e+03,-6.220000000000000000e+02,-4.200000000000000000e+01
1.679988673415827751e+09,1.658400000000000000e+04,5.120000000000000000e+02,-7.840000000000000000e+02,-1.153000000000000000e+03,-6.220000000000000000e+02,-4.200000000000000000e+01
1.679988673417602777e+09,1.658400000000000000e+04,5.120000000000000000e+02,-7.840000000000000000e+02,-1.153000000000000000e+03,-6.220000000000000000e+02,-4.200000000000000000e+01
1.679988673418612719e+09,1.658400000000000000e+04,5.120000000000000000e+02,-7.840000000000000000e+02,-1.153000000000000000e+03,-6.220000000000000000e+02,-4.200000000000000000e+01
1.679988673420432329e+09,1.658400000000000000e+04,5.120000000000000000e+02,-7.840000000000000000e+02,-1.153000000000000000e+03,-6.220000000000000000e+02,-4.200000000000000000e+01
1.679988673421498537e+09,1.658400000000000000e+04,5.120000000000000000e+02,-7.840000000000000000e+02,-1.153000000000000000e+03,-6.220000000000000000e+02,-4.200000000000000000e+01
1.679988673423330307e+09,1.658400000000000000e+04,5.120000000000000000e+02,-7.840000000000000000e+02,-1.153000000000000000e+03,-6.220000000000000000e+02,-4.200000000000000000e+01
1.679988673424317122e+09,1.658400000000000000e+04,5.120000000000000000e+02,-7.840000000000000000e+02,-1.153000000000000000e+03,-6.220000000000000000e+02,-4.200000000000000000e+01
1.679988673426169634e+09,1.658400000000000000e+04,5.120000000000000000e+02,-7.840000000000000000e+02,-1.153000000000000000e+03,-6.220000000000000000e+02,-4.200000000000000000e+01
1.679988673427191019e+09,1.658400000000000000e+04,5.120000000000000000e+02,-7.840000000000000000e+02,-1.153000000000000000e+03,-6.220000000000000000e+02,-4.200000000000000000e+01
1.679988673428979158e+09,1.658400000000000000e+04,5.120000000000000000e+02,-7.840000000000000000e+02,-1.153000000000000000e+03,-6.220000000000000000e+02,-4.200000000000000000e+01
1.679988673429989815e+09,1.658400000000000000e+04,5.120000000000000000e+02,-7.840000000000000000e+02,-1.153000000000000000e+03,-6.220000000000000000e+02,-4.200000000000000000e+01
1.679988673431824446e+09,1.658400000000000000e+04,5.120000000000000000e+02,-7.840000000000000000e+02,-1.153000000000000000e+03,-6.220000000000000000e+02,-4.200000000000000000e+01
1.679988673432875872e+09,1.658400000000000000e+04,5.120000000000000000e+02,-7.840000000000000000e+02,-1.153000000000000000e+03,-6.220000000000000000e+02,-4.200000000000000000e+01
1.679988673434675932e+09,1.658400000000000000e+04,5.120000000000000000e+02,-7.840000000000000000e+02,-1.153000000000000000e+03,-6.220000000000000000e+02,-4.200000000000000000e+01
1.679988673435692549e+09,1.658400000000000000e+04,5.120000000000000000e+02,-7.840000000000000000e+02,-1.153000000000000000e+03,-6.220000000000000000e+02,-4.200000000000000000e+01
1.679988673437499762e+09,1.658400000000000000e+04,5.120000000000000000e+02,-7.840000000000000000e+02,-1.153000000000000000e+03,-6.220000000000000000e+02,-4.200000000000000000e+01
1.679988673438570023e+09,1.658400000000000000e+04,5.120000000000000000e+02,-7.840000000000000000e+02,-1.153000000000000000e+03,-6.220000000000000000e+02,-4.200000000000000000e+01
1.679988673440415859e+09,1.658400000000000000e+04,5.120000000000000000e+02,-7.840000000000000000e+02,-1.153000000000000000e+03,-6.220000000000000000e+02,-4.200000000000000000e+01
1.679988673441385984e+09,1.658400000000000000e+04,5.120000000000000000e+02,-7.840000000000000000e+02,-1.153000000000000000e+03,-6.220000000000000000e+02,-4.200000000000000000e+01
1.679988673443185091e+09,1.658400000000000000e+04,5.120000000000000000e+02,-7.840000000000000000e+02,-1.153000000000000000e+03,-6.220000000000000000e+02,-4.200000000000000000e+01
1.679988673444191933e+09,1.658400000000000000e+04,5.120000000000000000e+02,-7.840000000000000000e+02,-1.153000000000000000e+03,-6.220000000000000000e+02,-4.200000000000000000e+01
1.679988673446038485e+09,1.658400000000000000e+04,5.120000000000000000e+02,-7.840000000000000000e+02,-1.153000000000000000e+03,-6.220000000000000000e+02,-4.200000000000000000e+01
1.679988673447050810e+09,1.658400000000000000e+04,5.120000000000000000e+02,-7.840000000000000000e+02,-1.153000000000000000e+03,-6.220000000000000000e+02,-4.200000000000000000e+01
1.679988673448898792e+09,1.658400000000000000e+04,5.120000000000000000e+02,-7.840000000000000000e+02,-1.153000000000000000e+03,-6.220000000000000000e+02,-4.200000000000000000e+01
1.679988673449916363e+09,1.658400000000000000e+04,5.120000000000000000e+02,-7.840000000000000000e+02,-1.153000000000000000e+03,-6.220000000000000000e+02,-4.200000000000000000e+01
1.679988673451719284e+09,1.658400000000000000e+04,5.120000000000000000e+02,-7.840000000000000000e+02,-1.153000000000000000e+03,-6.220000000000000000e+02,-4.200000000000000000e+01
1.679988673452744246e+09,1.658400000000000000e+04,5.120000000000000000e+02,-7.840000000000000000e+02,-1.153000000000000000e+03,-6.220000000000000000e+02,-4.200000000000000000e+01
1.679988673454646826e+09,1.658400000000000000e+04,5.120000000000000000e+02,-7.840000000000000000e+02,-1.153000000000000000e+03,-6.220000000000000000e+02,-4.200000000000000000e+01
1.679988673455692053e+09,1.658400000000000000e+04,5.120000000000000000e+02,-7.840000000000000000e+02,-1.153000000000000000e+03,-6.220000000000000000e+02,-4.200000000000000000e+01
1.679988673457547426e+09,1.658400000000000000e+04,5.120000000000000000e+02,-7.840000000000000000e+02,-1.153000000000000000e+03,-6.220000000000000000e+02,-4.200000000000000000e+01
1.679988673458494186e+09,1.658400000000000000e+04,5.120000000000000000e+02,-7.840000000000000000e+02,-1.153000000000000000e+03,-6.220000000000000000e+02,-4.200000000000000000e+01
1.679988673460303307e+09,1.658400000000000000e+04,5.120000000000000000e+02,-7.840000000000000000e+02,-1.153000000000000000e+03,-6.220000000000000000e+02,-4.200000000000000000e+01
1.679988673461327314e+09,1.658400000000000000e+04,5.120000000000000000e+02,-7.840000000000000000e+02,-1.153000000000000000e+03,-6.220000000000000000e+02,-4.200000000000000000e+01
1.679988673463128567e+09,1.658400000000000000e+04,5.120000000000000000e+02,-7.840000000000000000e+02,-1.153000000000000000e+03,-6.220000000000000000e+02,-4.200000000000000000e+01
1.679988673464154720e+09,1.658400000000000000e+04,5.120000000000000000e+02,-7.840000000000000000e+02,-1.153000000000000000e+03,-6.220000000000000000e+02,-4.200000000000000000e+01
1.679988673466092110e+09,1.658400000000000000e+04,5.120000000000000000e+02,-7.840000000000000000e+02,-1.153000000000000000e+03,-6.220000000000000000e+02,-4.200000000000000000e+01
1.679988673467058659e+09,1.658400000000000000e+04,5.120000000000000000e+02,-7.840000000000000000e+02,-1.153000000000000000e+03,-6.220000000000000000e+02,-4.200000000000000000e+01
1.679988673468860626e+09,1.658400000000000000e+04,5.120000000000000000e+02,-7.840000000000000000e+02,-1.153000000000000000e+03,-6.220000000000000000e+02,-4.200000000000000000e+01
1.679988673469865799e+09,1.658400000000000000e+04,5.120000000000000000e+02,-7.840000000000000000e+02,-1.153000000000000000e+03,-6.220000000000000000e+02,-4.200000000000000000e+01
1.679988673471716404e+09,1.658400000000000000e+04,5.120000000000000000e+02,-7.840000000000000000e+02,-1.153000000000000000e+03,-6.220000000000000000e+02,-4.200000000000000000e+01
1.679988673472738266e+09,1.658400000000000000e+04,5.120000000000000000e+02,-7.840000000000000000e+02,-1.153000000000000000e+03,-6.220000000000000000e+02,-4.200000000000000000e+01
1.679988673474593163e+09,1.658400000000000000e+04,5.120000000000000000e+02,-7.840000000000000000e+02,-1.153000000000000000e+03,-6.220000000000000000e+02,-4.200000000000000000e+01
1.679988673475510597e+09,1.658400000000000000e+04,5.120000000000000000e+02,-7.840000000000000000e+02,-1.153000000000000000e+03,-6.220000000000000000e+02,-4.200000000000000000e+01
1.679988673477393150e+09,1.658400000000000000e+04,5.120000000000000000e+02,-7.840000000000000000e+02,-1.153000000000000000e+03,-6.220000000000000000e+02,-4.200000000000000000e+01
1.679988673478273392e+09,1.658400000000000000e+04,5.120000000000000000e+02,-7.840000000000000000e+02,-1.153000000000000000e+03,-6.220000000000000000e+02,-4.200000000000000000e+01
1.679988673480080605e+09,1.658400000000000000e+04,5.120000000000000000e+02,-7.840000000000000000e+02,-1.153000000000000000e+03,-6.220000000000000000e+02,-4.200000000000000000e+01
1.679988673481092215e+09,1.658400000000000000e+04,5.120000000000000000e+02,-7.840000000000000000e+02,-1.153000000000000000e+03,-6.220000000000000000e+02,-4.200000000000000000e+01
1.679988673482960224e+09,1.658400000000000000e+04,5.120000000000000000e+02,-7.840000000000000000e+02,-1.153000000000000000e+03,-6.220000000000000000e+02,-4.200000000000000000e+01
1.679988673483859539e+09,1.658400000000000000e+04,5.120000000000000000e+02,-7.840000000000000000e+02,-1.153000000000000000e+03,-6.220000000000000000e+02,-4.200000000000000000e+01
1.679988673485767603e+09,1.658400000000000000e+04,5.120000000000000000e+02,-7.840000000000000000e+02,-1.153000000000000000e+03,-6.220000000000000000e+02,-4.200000000000000000e+01
1.679988673486643314e+09,1.658400000000000000e+04,5.120000000000000000e+02,-7.840000000000000000e+02,-1.153000000000000000e+03,-6.220000000000000000e+02,-4.200000000000000000e+01
1.679988673488463163e+09,1.658400000000000000e+04,5.120000000000000000e+02,-7.840000000000000000e+02,-1.153000000000000000e+03,-6.220000000000000000e+02,-4.200000000000000000e+01
1.679988673489480734e+09,1.658400000000000000e+04,5.120000000000000000e+02,-7.840000000000000000e+02,-1.153000000000000000e+03,-6.220000000000000000e+02,-4.200000000000000000e+01
1.679988673491318226e+09,1.658400000000000000e+04,5.120000000000000000e+02,-7.840000000000000000e+02,-1.153000000000000000e+03,-6.220000000000000000e+02,-4.200000000000000000e+01
1.679988673492283821e+09,1.658400000000000000e+04,5.120000000000000000e+02,-7.840000000000000000e+02,-1.153000000000000000e+03,-6.220000000000000000e+02,-4.200000000000000000e+01
1.679988673494143963e+09,1.658400000000000000e+04,5.120000000000000000e+02,-7.840000000000000000e+02,-1.153000000000000000e+03,-6.220000000000000000e+02,-4.200000000000000000e+01
1.679988673495058537e+09,1.658400000000000000e+04,5.120000000000000000e+02,-7.840000000000000000e+02,-1.153000000000000000e+03,-6.220000000000000000e+02,-4.200000000000000000e+01
1.679988673496904135e+09,1.658400000000000000e+04,5.120000000000000000e+02,-7.840000000000000000e+02,-1.153000000000000000e+03,-6.220000000000000000e+02,-4.200000000000000000e+01
1.679988673497918606e+09,1.658400000000000000e+04,5.120000000000000000e+02,-7.840000000000000000e+02,-1.153000000000000000e+03,-6.220000000000000000e+02,-4.200000000000000000e+01
1.679988673499760389e+09,1.658400000000000000e+04,5.120000000000000000e+02,-7.840000000000000000e+02,-1.153000000000000000e+03,-6.220000000000000000e+02,-4.200000000000000000e+01
1.679988673500715256e+09,1.658400000000000000e+04,5.120000000000000000e+02,-7.840000000000000000e+02,-1.153000000000000000e+03,-6.220000000000000000e+02,-4.200000000000000000e+01
1.679988673502548695e+09,1.658400000000000000e+04,5.120000000000000000e+02,-7.840000000000000000e+02,-1.153000000000000000e+03,-6.220000000000000000e+02,-4.200000000000000000e+01
1.679988673503507376e+09,1.658400000000000000e+04,5.120000000000000000e+02,-7.840000000000000000e+02,-1.153000000000000000e+03,-6.220000000000000000e+02,-4.200000000000000000e+01
1.679988673505318403e+09,1.658400000000000000e+04,5.120000000000000000e+02,-7.840000000000000000e+02,-1.153000000000000000e+03,-6.220000000000000000e+02,-4.200000000000000000e+01
1.679988673506401300e+09,1.658400000000000000e+04,5.120000000000000000e+02,-7.840000000000000000e+02,-1.153000000000000000e+03,-6.220000000000000000e+02,-4.200000000000000000e+01
1.679988673508198261e+09,1.658400000000000000e+04,5.120000000000000000e+02,-7.840000000000000000e+02,-1.153000000000000000e+03,-6.220000000000000000e+02,-4.200000000000000000e+01
1.679988673509190798e+09,1.658400000000000000e+04,5.120000000000000000e+02,-7.840000000000000000e+02,-1.153000000000000000e+03,-6.220000000000000000e+02,-4.200000000000000000e+01
1.679988673511009693e+09,1.658400000000000000e+04,5.120000000000000000e+02,-7.840000000000000000e+02,-1.153000000000000000e+03,-6.220000000000000000e+02,-4.200000000000000000e+01
1.679988673512031555e+09,1.658400000000000000e+04,5.120000000000000000e+02,-7.840000000000000000e+02,-1.153000000000000000e+03,-6.220000000000000000e+02,-4.200000000000000000e+01
1.679988673513826370e+09,1.658400000000000000e+04,5.120000000000000000e+02,-7.840000000000000000e+02,-1.153000000000000000e+03,-6.220000000000000000e+02,-4.200000000000000000e+01
1.679988673514867544e+09,1.658400000000000000e+04,5.120000000000000000e+02,-7.840000000000000000e+02,-1.153000000000000000e+03,-6.220000000000000000e+02,-4.200000000000000000e+01
1.679988673516767740e+09,1.658400000000000000e+04,5.120000000000000000e+02,-7.840000000000000000e+02,-1.153000000000000000e+03,-6.220000000000000000e+02,-4.200000000000000000e+01
1.679988673517680168e+09,1.658400000000000000e+04,5.120000000000000000e+02,-7.840000000000000000e+02,-1.153000000000000000e+03,-6.220000000000000000e+02,-4.200000000000000000e+01
1.679988673519492149e+09,1.658400000000000000e+04,5.120000000000000000e+02,-7.840000000000000000e+02,-1.153000000000000000e+03,-6.220000000000000000e+02,-4.200000000000000000e+01
1.679988673520498514e+09,1.658400000000000000e+04,5.120000000000000000e+02,-7.840000000000000000e+02,-1.153000000000000000e+03,-6.220000000000000000e+02,-4.200000000000000000e+01
1.679988673522315979e+09,1.658400000000000000e+04,5.120000000000000000e+02,-7.840000000000000000e+02,-1.153000000000000000e+03,-6.220000000000000000e+02,-4.200000000000000000e+01
1.679988673523326635e+09,1.658400000000000000e+04,5.120000000000000000e+02,-7.840000000000000000e+02,-1.153000000000000000e+03,-6.220000000000000000e+02,-4.200000000000000000e+01
1.679988673525127888e+09,1.658400000000000000e+04,5.120000000000000000e+02,-7.840000000000000000e+02,-1.153000000000000000e+03,-6.220000000000000000e+02,-4.200000000000000000e+01
1.679988673526202440e+09,1.658400000000000000e+04,5.120000000000000000e+02,-7.840000000000000000e+02,-1.153000000000000000e+03,-6.220000000000000000e+02,-4.200000000000000000e+01
1.679988673528015614e+09,1.658400000000000000e+04,5.120000000000000000e+02,-7.840000000000000000e+02,-1.153000000000000000e+03,-6.220000000000000000e+02,-4.200000000000000000e+01
1.679988673529026031e+09,1.658400000000000000e+04,5.120000000000000000e+02,-7.840000000000000000e+02,-1.153000000000000000e+03,-6.220000000000000000e+02,-4.200000000000000000e+01
1.679988673530865431e+09,1.658400000000000000e+04,5.120000000000000000e+02,-7.840000000000000000e+02,-1.153000000000000000e+03,-6.220000000000000000e+02,-4.200000000000000000e+01
1.679988673531824350e+09,1.658400000000000000e+04,5.120000000000000000e+02,-7.840000000000000000e+02,-1.153000000000000000e+03,-6.220000000000000000e+02,-4.200000000000000000e+01
1.679988673533648968e+09,1.658400000000000000e+04,5.120000000000000000e+02,-7.840000000000000000e+02,-1.153000000000000000e+03,-6.220000000000000000e+02,-4.200000000000000000e+01
1.679988673534681320e+09,1.658400000000000000e+04,5.120000000000000000e+02,-7.840000000000000000e+02,-1.153000000000000000e+03,-6.220000000000000000e+02,-4.200000000000000000e+01
1.679988673536652803e+09,1.658400000000000000e+04,5.120000000000000000e+02,-7.840000000000000000e+02,-1.153000000000000000e+03,-6.220000000000000000e+02,-4.200000000000000000e+01
1.679988673537476063e+09,1.658400000000000000e+04,5.120000000000000000e+02,-7.840000000000000000e+02,-1.153000000000000000e+03,-6.220000000000000000e+02,-4.200000000000000000e+01
1.679988673539325714e+09,1.658400000000000000e+04,5.120000000000000000e+02,-7.840000000000000000e+02,-1.153000000000000000e+03,-6.220000000000000000e+02,-4.200000000000000000e+01
1.679988673540272951e+09,1.658400000000000000e+04,5.120000000000000000e+02,-7.840000000000000000e+02,-1.153000000000000000e+03,-6.220000000000000000e+02,-4.200000000000000000e+01
1.679988673542078257e+09,1.658400000000000000e+04,5.120000000000000000e+02,-7.840000000000000000e+02,-1.153000000000000000e+03,-6.220000000000000000e+02,-4.200000000000000000e+01
1.679988673543088436e+09,1.658400000000000000e+04,5.120000000000000000e+02,-7.840000000000000000e+02,-1.153000000000000000e+03,-6.220000000000000000e+02,-4.200000000000000000e+01
1.679988673544901848e+09,1.658400000000000000e+04,5.120000000000000000e+02,-7.840000000000000000e+02,-1.153000000000000000e+03,-6.220000000000000000e+02,-4.200000000000000000e+01
1.679988673545963764e+09,1.658400000000000000e+04,5.120000000000000000e+02,-7.840000000000000000e+02,-1.153000000000000000e+03,-6.220000000000000000e+02,-4.200000000000000000e+01
1.679988673547784567e+09,1.658400000000000000e+04,5.120000000000000000e+02,-7.840000000000000000e+02,-1.153000000000000000e+03,-6.220000000000000000e+02,-4.200000000000000000e+01
1.679988673548794508e+09,1.658400000000000000e+04,5.120000000000000000e+02,-7.840000000000000000e+02,-1.153000000000000000e+03,-6.220000000000000000e+02,-4.200000000000000000e+01
1.679988673550606966e+09,1.658400000000000000e+04,5.120000000000000000e+02,-7.840000000000000000e+02,-1.153000000000000000e+03,-6.220000000000000000e+02,-4.200000000000000000e+01
1.679988673551631927e+09,1.658400000000000000e+04,5.120000000000000000e+02,-7.840000000000000000e+02,-1.153000000000000000e+03,-6.220000000000000000e+02,-4.200000000000000000e+01
1.679988673553440332e+09,1.658400000000000000e+04,5.120000000000000000e+02,-7.840000000000000000e+02,-1.153000000000000000e+03,-6.220000000000000000e+02,-4.200000000000000000e+01
1.679988673554478884e+09,1.658400000000000000e+04,5.120000000000000000e+02,-7.840000000000000000e+02,-1.153000000000000000e+03,-6.220000000000000000e+02,-4.200000000000000000e+01
1.679988673556367397e+09,1.658400000000000000e+04,5.120000000000000000e+02,-7.840000000000000000e+02,-1.153000000000000000e+03,-6.220000000000000000e+02,-4.200000000000000000e+01
1.679988673557315826e+09,1.658400000000000000e+04,5.120000000000000000e+02,-7.840000000000000000e+02,-1.153000000000000000e+03,-6.220000000000000000e+02,-4.200000000000000000e+01
1.679988673559144974e+09,1.658400000000000000e+04,5.120000000000000000e+02,-7.840000000000000000e+02,-1.153000000000000000e+03,-6.220000000000000000e+02,-4.200000000000000000e+01
1.679988673560135365e+09,1.658400000000000000e+04,5.120000000000000000e+02,-7.840000000000000000e+02,-1.153000000000000000e+03,-6.220000000000000000e+02,-4.200000000000000000e+01
1.679988673561947107e+09,1.658400000000000000e+04,5.120000000000000000e+02,-7.840000000000000000e+02,-1.153000000000000000e+03,-6.220000000000000000e+02,-4.200000000000000000e+01
1.679988673562949657e+09,1.658400000000000000e+04,5.120000000000000000e+02,-7.840000000000000000e+02,-1.153000000000000000e+03,-6.220000000000000000e+02,-4.200000000000000000e+01
1.679988673564814091e+09,1.658400000000000000e+04,5.120000000000000000e+02,-7.840000000000000000e+02,-1.153000000000000000e+03,-6.220000000000000000e+02,-4.200000000000000000e+01
1.679988673565799713e+09,1.658400000000000000e+04,5.120000000000000000e+02,-7.840000000000000000e+02,-1.153000000000000000e+03,-6.220000000000000000e+02,-4.200000000000000000e+01
1.679988673567651510e+09,1.658400000000000000e+04,5.120000000000000000e+02,-7.840000000000000000e+02,-1.153000000000000000e+03,-6.220000000000000000e+02,-4.200000000000000000e+01
1.679988673568614483e+09,1.658400000000000000e+04,5.120000000000000000e+02,-7.840000000000000000e+02,-1.153000000000000000e+03,-6.220000000000000000e+02,-4.200000000000000000e+01
1.679988673570454359e+09,1.658400000000000000e+04,5.120000000000000000e+02,-7.840000000000000000e+02,-1.153000000000000000e+03,-6.220000000000000000e+02,-4.200000000000000000e+01
1.679988673571461201e+09,1.658400000000000000e+04,5.120000000000000000e+02,-7.840000000000000000e+02,-1.153000000000000000e+03,-6.220000000000000000e+02,-4.200000000000000000e+01
1.679988673573329926e+09,1.658400000000000000e+04,5.120000000000000000e+02,-7.840000000000000000e+02,-1.153000000000000000e+03,-6.220000000000000000e+02,-4.200000000000000000e+01
1.679988673574245930e+09,1.658400000000000000e+04,5.120000000000000000e+02,-7.840000000000000000e+02,-1.153000000000000000e+03,-6.220000000000000000e+02,-4.200000000000000000e+01
1.679988673576106548e+09,1.658400000000000000e+04,5.120000000000000000e+02,-7.840000000000000000e+02,-1.153000000000000000e+03,-6.220000000000000000e+02,-4.200000000000000000e+01
1.679988673577121973e+09,1.658400000000000000e+04,5.120000000000000000e+02,-7.840000000000000000e+02,-1.153000000000000000e+03,-6.220000000000000000e+02,-4.200000000000000000e+01
1.679988673579002619e+09,1.658400000000000000e+04,5.120000000000000000e+02,-7.840000000000000000e+02,-1.153000000000000000e+03,-6.220000000000000000e+02,-4.200000000000000000e+01
1.679988673579920292e+09,1.658400000000000000e+04,5.120000000000000000e+02,-7.840000000000000000e+02,-1.153000000000000000e+03,-6.220000000000000000e+02,-4.200000000000000000e+01
1.679988673581748724e+09,1.658400000000000000e+04,5.120000000000000000e+02,-7.840000000000000000e+02,-1.153000000000000000e+03,-6.220000000000000000e+02,-4.200000000000000000e+01
1.679988673582766056e+09,1.658400000000000000e+04,5.120000000000000000e+02,-7.840000000000000000e+02,-1.153000000000000000e+03,-6.220000000000000000e+02,-4.200000000000000000e+01
1.679988673584619284e+09,1.658400000000000000e+04,5.120000000000000000e+02,-7.840000000000000000e+02,-1.153000000000000000e+03,-6.220000000000000000e+02,-4.200000000000000000e+01
1.679988673585597754e+09,1.658400000000000000e+04,5.120000000000000000e+02,-7.840000000000000000e+02,-1.153000000000000000e+03,-6.220000000000000000e+02,-4.200000000000000000e+01
1.679988673587419987e+09,1.658400000000000000e+04,5.120000000000000000e+02,-7.840000000000000000e+02,-1.153000000000000000e+03,-6.220000000000000000e+02,-4.200000000000000000e+01
1.679988673588447094e+09,1.658400000000000000e+04,5.120000000000000000e+02,-7.840000000000000000e+02,-1.153000000000000000e+03,-6.220000000000000000e+02,-4.200000000000000000e+01
1.679988673590326548e+09,1.658400000000000000e+04,5.120000000000000000e+02,-7.840000000000000000e+02,-1.153000000000000000e+03,-6.220000000000000000e+02,-4.200000000000000000e+01
1.679988673591239929e+09,1.658400000000000000e+04,5.120000000000000000e+02,-7.840000000000000000e+02,-1.153000000000000000e+03,-6.220000000000000000e+02,-4.200000000000000000e+01
1.679988673593077898e+09,1.658400000000000000e+04,5.120000000000000000e+02,-7.840000000000000000e+02,-1.153000000000000000e+03,-6.220000000000000000e+02,-4.200000000000000000e+01
1.679988673594076395e+09,1.658400000000000000e+04,5.120000000000000000e+02,-7.840000000000000000e+02,-1.153000000000000000e+03,-6.220000000000000000e+02,-4.200000000000000000e+01
1.679988673595977306e+09,1.658400000000000000e+04,5.120000000000000000e+02,-7.840000000000000000e+02,-1.153000000000000000e+03,-6.220000000000000000e+02,-4.200000000000000000e+01
1.679988673596883535e+09,1.658400000000000000e+04,5.120000000000000000e+02,-7.840000000000000000e+02,-1.153000000000000000e+03,-6.220000000000000000e+02,-4.200000000000000000e+01
1.679988673598703861e+09,1.658400000000000000e+04,5.120000000000000000e+02,-7.840000000000000000e+02,-1.153000000000000000e+03,-6.220000000000000000e+02,-4.200000000000000000e+01
1.679988673599731445e+09,1.658400000000000000e+04,5.120000000000000000e+02,-7.840000000000000000e+02,-1.153000000000000000e+03,-6.220000000000000000e+02,-4.200000000000000000e+01
1.679988673601611376e+09,1.658400000000000000e+04,5.120000000000000000e+02,-7.840000000000000000e+02,-1.153000000000000000e+03,-6.220000000000000000e+02,-4.200000000000000000e+01
1.679988673602504492e+09,1.658400000000000000e+04,5.120000000000000000e+02,-7.840000000000000000e+02,-1.153000000000000000e+03,-6.220000000000000000e+02,-4.200000000000000000e+01
1.679988673604334593e+09,1.658400000000000000e+04,5.120000000000000000e+02,-7.840000000000000000e+02,-1.153000000000000000e+03,-6.220000000000000000e+02,-4.200000000000000000e+01
1.679988673605370522e+09,1.658400000000000000e+04,5.120000000000000000e+02,-7.840000000000000000e+02,-1.153000000000000000e+03,-6.220000000000000000e+02,-4.200000000000000000e+01
1.679988673607263088e+09,1.658400000000000000e+04,5.120000000000000000e+02,-7.840000000000000000e+02,-1.153000000000000000e+03,-6.220000000000000000e+02,-4.200000000000000000e+01
1.679988673608207464e+09,1.658400000000000000e+04,5.120000000000000000e+02,-7.840000000000000000e+02,-1.153000000000000000e+03,-6.220000000000000000e+02,-4.200000000000000000e+01
1.679988673610018730e+09,1.658400000000000000e+04,5.120000000000000000e+02,-7.840000000000000000e+02,-1.153000000000000000e+03,-6.220000000000000000e+02,-4.200000000000000000e+01
1.679988673611058474e+09,1.658400000000000000e+04,5.120000000000000000e+02,-7.840000000000000000e+02,-1.153000000000000000e+03,-6.220000000000000000e+02,-4.200000000000000000e+01
1.679988673612887383e+09,1.658400000000000000e+04,5.120000000000000000e+02,-7.840000000000000000e+02,-1.153000000000000000e+03,-6.220000000000000000e+02,-4.200000000000000000e+01
1.679988673613878012e+09,1.658400000000000000e+04,5.120000000000000000e+02,-7.840000000000000000e+02,-1.153000000000000000e+03,-6.220000000000000000e+02,-4.200000000000000000e+01
1.679988673615778208e+09,1.658400000000000000e+04,5.120000000000000000e+02,-7.840000000000000000e+02,-1.153000000000000000e+03,-6.220000000000000000e+02,-4.200000000000000000e+01
1.679988673616714239e+09,1.658400000000000000e+04,5.120000000000000000e+02,-7.840000000000000000e+02,-1.153000000000000000e+03,-6.220000000000000000e+02,-4.200000000000000000e+01
1.679988673618534088e+09,1.658400000000000000e+04,5.120000000000000000e+02,-7.840000000000000000e+02,-1.153000000000000000e+03,-6.220000000000000000e+02,-4.200000000000000000e+01
1.679988673619562387e+09,1.658400000000000000e+04,5.120000000000000000e+02,-7.840000000000000000e+02,-1.153000000000000000e+03,-6.220000000000000000e+02,-4.200000000000000000e+01
1.679988673621397257e+09,1.658400000000000000e+04,5.120000000000000000e+02,-7.840000000000000000e+02,-1.153000000000000000e+03,-6.220000000000000000e+02,-4.200000000000000000e+01
1.679988673622418880e+09,1.658400000000000000e+04,5.120000000000000000e+02,-7.840000000000000000e+02,-1.153000000000000000e+03,-6.220000000000000000e+02,-4.200000000000000000e+01
1.679988673624256611e+09,1.658400000000000000e+04,5.120000000000000000e+02,-7.840000000000000000e+02,-1.153000000000000000e+03,-6.220000000000000000e+02,-4.200000000000000000e+01
1.679988673625243425e+09,1.658400000000000000e+04,5.120000000000000000e+02,-7.840000000000000000e+02,-1.153000000000000000e+03,-6.220000000000000000e+02,-4.200000000000000000e+01
1.679988673627108097e+09,1.658400000000000000e+04,5.120000000000000000e+02,-7.840000000000000000e+02,-1.153000000000000000e+03,-6.220000000000000000e+02,-4.200000000000000000e+01
1.679988673628110886e+09,1.658400000000000000e+04,5.120000000000000000e+02,-7.840000000000000000e+02,-1.153000000000000000e+03,-6.220000000000000000e+02,-4.200000000000000000e+01
1.679988673629959345e+09,1.658400000000000000e+04,5.120000000000000000e+02,-7.840000000000000000e+02,-1.153000000000000000e+03,-6.220000000000000000e+02,-4.200000000000000000e+01
1.679988673630963564e+09,1.658400000000000000e+04,5.120000000000000000e+02,-7.840000000000000000e+02,-1.153000000000000000e+03,-6.220000000000000000e+02,-4.200000000000000000e+01
1.679988673632794619e+09,1.658400000000000000e+04,5.120000000000000000e+02,-7.840000000000000000e+02,-1.153000000000000000e+03,-6.220000000000000000e+02,-4.200000000000000000e+01
1.679988673633780479e+09,1.658400000000000000e+04,5.120000000000000000e+02,-7.840000000000000000e+02,-1.153000000000000000e+03,-6.220000000000000000e+02,-4.200000000000000000e+01
1.679988673635718584e+09,1.658400000000000000e+04,5.120000000000000000e+02,-7.840000000000000000e+02,-1.153000000000000000e+03,-6.220000000000000000e+02,-4.200000000000000000e+01
1.679988673636703253e+09,1.658400000000000000e+04,5.120000000000000000e+02,-7.840000000000000000e+02,-1.153000000000000000e+03,-6.220000000000000000e+02,-4.200000000000000000e+01
1.679988673639219761e+09,1.658400000000000000e+04,5.120000000000000000e+02,-7.840000000000000000e+02,-1.153000000000000000e+03,-6.220000000000000000e+02,-4.200000000000000000e+01
1.679988673639812708e+09,1.658400000000000000e+04,5.120000000000000000e+02,-7.840000000000000000e+02,-1.153000000000000000e+03,-6.220000000000000000e+02,-4.200000000000000000e+01
1.679988673641984940e+09,1.658400000000000000e+04,5.120000000000000000e+02,-7.840000000000000000e+02,-1.153000000000000000e+03,-6.220000000000000000e+02,-4.200000000000000000e+01
1.679988673642570972e+09,1.658400000000000000e+04,5.120000000000000000e+02,-7.840000000000000000e+02,-1.153000000000000000e+03,-6.220000000000000000e+02,-4.200000000000000000e+01
1.679988673644773483e+09,1.658400000000000000e+04,5.120000000000000000e+02,-7.840000000000000000e+02,-1.153000000000000000e+03,-6.220000000000000000e+02,-4.200000000000000000e+01
1.679988673645362377e+09,1.658400000000000000e+04,5.120000000000000000e+02,-7.840000000000000000e+02,-1.153000000000000000e+03,-6.220000000000000000e+02,-4.200000000000000000e+01
1.679988673647580147e+09,1.658400000000000000e+04,5.120000000000000000e+02,-7.840000000000000000e+02,-1.153000000000000000e+03,-6.220000000000000000e+02,-4.200000000000000000e+01
1.679988673648177624e+09,1.658400000000000000e+04,5.120000000000000000e+02,-7.840000000000000000e+02,-1.153000000000000000e+03,-6.220000000000000000e+02,-4.200000000000000000e+01
1.679988673650358200e+09,1.658400000000000000e+04,5.120000000000000000e+02,-7.840000000000000000e+02,-1.153000000000000000e+03,-6.220000000000000000e+02,-4.200000000000000000e+01
1.679988673650953054e+09,1.658400000000000000e+04,5.120000000000000000e+02,-7.840000000000000000e+02,-1.153000000000000000e+03,-6.220000000000000000e+02,-4.200000000000000000e+01
1.679988673653148890e+09,1.658400000000000000e+04,5.120000000000000000e+02,-7.840000000000000000e+02,-1.153000000000000000e+03,-6.220000000000000000e+02,-4.200000000000000000e+01
1.679988673653734446e+09,1.658400000000000000e+04,5.120000000000000000e+02,-7.840000000000000000e+02,-1.153000000000000000e+03,-6.220000000000000000e+02,-4.200000000000000000e+01
1.679988673655992985e+09,1.658400000000000000e+04,5.120000000000000000e+02,-7.840000000000000000e+02,-1.153000000000000000e+03,-6.220000000000000000e+02,-4.200000000000000000e+01
1.679988673656574726e+09,1.658400000000000000e+04,5.120000000000000000e+02,-7.840000000000000000e+02,-1.153000000000000000e+03,-6.220000000000000000e+02,-4.200000000000000000e+01
1.679988673658777952e+09,1.658400000000000000e+04,5.120000000000000000e+02,-7.840000000000000000e+02,-1.153000000000000000e+03,-6.220000000000000000e+02,-4.200000000000000000e+01
1.679988673659359455e+09,1.658400000000000000e+04,5.120000000000000000e+02,-7.840000000000000000e+02,-1.153000000000000000e+03,-6.220000000000000000e+02,-4.200000000000000000e+01
1.679988673661576271e+09,1.658400000000000000e+04,5.120000000000000000e+02,-7.840000000000000000e+02,-1.153000000000000000e+03,-6.220000000000000000e+02,-4.200000000000000000e+01
1.679988673662163973e+09,1.658400000000000000e+04,5.120000000000000000e+02,-7.840000000000000000e+02,-1.153000000000000000e+03,-6.220000000000000000e+02,-4.200000000000000000e+01
1.679988673664362192e+09,1.658400000000000000e+04,5.120000000000000000e+02,-7.840000000000000000e+02,-1.153000000000000000e+03,-6.220000000000000000e+02,-4.200000000000000000e+01
1.679988673664950848e+09,1.658400000000000000e+04,5.120000000000000000e+02,-7.840000000000000000e+02,-1.153000000000000000e+03,-6.220000000000000000e+02,-4.200000000000000000e+01
1.679988673667178392e+09,1.658400000000000000e+04,5.120000000000000000e+02,-7.840000000000000000e+02,-1.153000000000000000e+03,-6.220000000000000000e+02,-4.200000000000000000e+01
1.679988673667769194e+09,1.658400000000000000e+04,5.120000000000000000e+02,-7.840000000000000000e+02,-1.153000000000000000e+03,-6.220000000000000000e+02,-4.200000000000000000e+01
1.679988673669989347e+09,1.658400000000000000e+04,5.120000000000000000e+02,-7.840000000000000000e+02,-1.153000000000000000e+03,-6.220000000000000000e+02,-4.200000000000000000e+01
1.679988673670575142e+09,1.658400000000000000e+04,5.120000000000000000e+02,-7.840000000000000000e+02,-1.153000000000000000e+03,-6.220000000000000000e+02,-4.200000000000000000e+01
1.679988673672890186e+09,1.658400000000000000e+04,5.120000000000000000e+02,-7.840000000000000000e+02,-1.153000000000000000e+03,-6.220000000000000000e+02,-4.200000000000000000e+01
1.679988673673461914e+09,1.658400000000000000e+04,5.120000000000000000e+02,-7.840000000000000000e+02,-1.153000000000000000e+03,-6.220000000000000000e+02,-4.200000000000000000e+01
1.679988673675690174e+09,1.658400000000000000e+04,5.120000000000000000e+02,-7.840000000000000000e+02,-1.153000000000000000e+03,-6.220000000000000000e+02,-4.200000000000000000e+01
1.679988673676246166e+09,1.658400000000000000e+04,5.120000000000000000e+02,-7.840000000000000000e+02,-1.153000000000000000e+03,-6.220000000000000000e+02,-4.200000000000000000e+01
1.679988673678472519e+09,1.658400000000000000e+04,5.120000000000000000e+02,-7.840000000000000000e+02,-1.153000000000000000e+03,-6.220000000000000000e+02,-4.200000000000000000e+01
1.679988673679064512e+09,1.658400000000000000e+04,5.120000000000000000e+02,-7.840000000000000000e+02,-1.153000000000000000e+03,-6.220000000000000000e+02,-4.200000000000000000e+01
1.679988673681280613e+09,1.658400000000000000e+04,5.120000000000000000e+02,-7.840000000000000000e+02,-1.153000000000000000e+03,-6.220000000000000000e+02,-4.200000000000000000e+01
1.679988673681854725e+09,1.658400000000000000e+04,5.120000000000000000e+02,-7.840000000000000000e+02,-1.153000000000000000e+03,-6.220000000000000000e+02,-4.200000000000000000e+01
1.679988673684091091e+09,1.658400000000000000e+04,5.120000000000000000e+02,-7.840000000000000000e+02,-1.153000000000000000e+03,-6.220000000000000000e+02,-4.200000000000000000e+01
1.679988673684686899e+09,1.658400000000000000e+04,5.120000000000000000e+02,-7.840000000000000000e+02,-1.153000000000000000e+03,-6.220000000000000000e+02,-4.200000000000000000e+01
1.679988673686927080e+09,1.658400000000000000e+04,5.120000000000000000e+02,-7.840000000000000000e+02,-1.153000000000000000e+03,-6.220000000000000000e+02,-4.200000000000000000e+01
1.679988673687506199e+09,1.658400000000000000e+04,5.120000000000000000e+02,-7.840000000000000000e+02,-1.153000000000000000e+03,-6.220000000000000000e+02,-4.200000000000000000e+01
1.679988673689720869e+09,1.658400000000000000e+04,5.120000000000000000e+02,-7.840000000000000000e+02,-1.153000000000000000e+03,-6.220000000000000000e+02,-4.200000000000000000e+01
1.679988673690325737e+09,1.658400000000000000e+04,5.120000000000000000e+02,-7.840000000000000000e+02,-1.153000000000000000e+03,-6.220000000000000000e+02,-4.200000000000000000e+01
1.679988673692513704e+09,1.658400000000000000e+04,5.120000000000000000e+02,-7.840000000000000000e+02,-1.153000000000000000e+03,-6.220000000000000000e+02,-4.200000000000000000e+01
1.679988673693089485e+09,1.658400000000000000e+04,5.120000000000000000e+02,-7.840000000000000000e+02,-1.153000000000000000e+03,-6.220000000000000000e+02,-4.200000000000000000e+01
1.679988673695306540e+09,1.658400000000000000e+04,5.120000000000000000e+02,-7.840000000000000000e+02,-1.153000000000000000e+03,-6.220000000000000000e+02,-4.200000000000000000e+01
1.679988673695950031e+09,1.658400000000000000e+04,5.120000000000000000e+02,-7.840000000000000000e+02,-1.153000000000000000e+03,-6.220000000000000000e+02,-4.200000000000000000e+01
1.679988673698132992e+09,1.658400000000000000e+04,5.120000000000000000e+02,-7.840000000000000000e+02,-1.153000000000000000e+03,-6.220000000000000000e+02,-4.200000000000000000e+01
1.679988673698708296e+09,1.658400000000000000e+04,5.120000000000000000e+02,-7.840000000000000000e+02,-1.153000000000000000e+03,-6.220000000000000000e+02,-4.200000000000000000e+01
1.679988673700923920e+09,1.658400000000000000e+04,5.120000000000000000e+02,-7.840000000000000000e+02,-1.153000000000000000e+03,-6.220000000000000000e+02,-4.200000000000000000e+01
1.679988673701514959e+09,1.658400000000000000e+04,5.120000000000000000e+02,-7.840000000000000000e+02,-1.153000000000000000e+03,-6.220000000000000000e+02,-4.200000000000000000e+01
1.679988673703730583e+09,1.658400000000000000e+04,5.120000000000000000e+02,-7.840000000000000000e+02,-1.153000000000000000e+03,-6.220000000000000000e+02,-4.200000000000000000e+01
1.679988673704297781e+09,1.658400000000000000e+04,5.120000000000000000e+02,-7.840000000000000000e+02,-1.153000000000000000e+03,-6.220000000000000000e+02,-4.200000000000000000e+01
1.679988673706547022e+09,1.658400000000000000e+04,5.120000000000000000e+02,-7.840000000000000000e+02,-1.153000000000000000e+03,-6.220000000000000000e+02,-4.200000000000000000e+01
1.679988673707132578e+09,1.658400000000000000e+04,5.120000000000000000e+02,-7.840000000000000000e+02,-1.153000000000000000e+03,-6.220000000000000000e+02,-4.200000000000000000e+01
1.679988673709341526e+09,1.658400000000000000e+04,5.120000000000000000e+02,-7.840000000000000000e+02,-1.153000000000000000e+03,-6.220000000000000000e+02,-4.200000000000000000e+01
1.679988673709906101e+09,1.658400000000000000e+04,5.120000000000000000e+02,-7.840000000000000000e+02,-1.153000000000000000e+03,-6.220000000000000000e+02,-4.200000000000000000e+01
1.679988673712131500e+09,1.658400000000000000e+04,5.120000000000000000e+02,-7.840000000000000000e+02,-1.153000000000000000e+03,-6.220000000000000000e+02,-4.200000000000000000e+01
1.679988673712730885e+09,1.658400000000000000e+04,5.120000000000000000e+02,-7.840000000000000000e+02,-1.153000000000000000e+03,-6.220000000000000000e+02,-4.200000000000000000e+01
1.679988673714958429e+09,1.658400000000000000e+04,5.120000000000000000e+02,-7.840000000000000000e+02,-1.153000000000000000e+03,-6.220000000000000000e+02,-4.200000000000000000e+01
1.679988673715560198e+09,1.658400000000000000e+04,5.120000000000000000e+02,-7.840000000000000000e+02,-1.153000000000000000e+03,-6.220000000000000000e+02,-4.200000000000000000e+01
1.679988673717763901e+09,1.658400000000000000e+04,5.120000000000000000e+02,-7.840000000000000000e+02,-1.153000000000000000e+03,-6.220000000000000000e+02,-4.200000000000000000e+01
1.679988673718360901e+09,1.658400000000000000e+04,5.120000000000000000e+02,-7.840000000000000000e+02,-1.153000000000000000e+03,-6.220000000000000000e+02,-4.200000000000000000e+01
1.679988673720569849e+09,1.658400000000000000e+04,5.120000000000000000e+02,-7.840000000000000000e+02,-1.153000000000000000e+03,-6.220000000000000000e+02,-4.200000000000000000e+01
1.679988673721143246e+09,1.658400000000000000e+04,5.120000000000000000e+02,-7.840000000000000000e+02,-1.153000000000000000e+03,-6.220000000000000000e+02,-4.200000000000000000e+01
1.679988673723364592e+09,1.658400000000000000e+04,5.120000000000000000e+02,-7.840000000000000000e+02,-1.153000000000000000e+03,-6.220000000000000000e+02,-4.200000000000000000e+01
1.679988673723962307e+09,1.658400000000000000e+04,5.120000000000000000e+02,-7.840000000000000000e+02,-1.153000000000000000e+03,-6.220000000000000000e+02,-4.200000000000000000e+01
1.679988673726222992e+09,1.658400000000000000e+04,5.120000000000000000e+02,-7.840000000000000000e+02,-1.153000000000000000e+03,-6.220000000000000000e+02,-4.200000000000000000e+01
1.679988673726794720e+09,1.658400000000000000e+04,5.120000000000000000e+02,-7.840000000000000000e+02,-1.153000000000000000e+03,-6.220000000000000000e+02,-4.200000000000000000e+01
1.679988673729008436e+09,1.658400000000000000e+04,5.120000000000000000e+02,-7.840000000000000000e+02,-1.153000000000000000e+03,-6.220000000000000000e+02,-4.200000000000000000e+01
1.679988673729598522e+09,1.658400000000000000e+04,5.120000000000000000e+02,-7.840000000000000000e+02,-1.153000000000000000e+03,-6.220000000000000000e+02,-4.200000000000000000e+01
1.679988673731802702e+09,1.658400000000000000e+04,5.120000000000000000e+02,-7.840000000000000000e+02,-1.153000000000000000e+03,-6.220000000000000000e+02,-4.200000000000000000e+01
1.679988673732366800e+09,1.658400000000000000e+04,5.120000000000000000e+02,-7.840000000000000000e+02,-1.153000000000000000e+03,-6.220000000000000000e+02,-4.200000000000000000e+01
1.679988673734598637e+09,1.658400000000000000e+04,5.120000000000000000e+02,-7.840000000000000000e+02,-1.153000000000000000e+03,-6.220000000000000000e+02,-4.200000000000000000e+01
1.679988673735197067e+09,1.658400000000000000e+04,5.120000000000000000e+02,-7.840000000000000000e+02,-1.153000000000000000e+03,-6.220000000000000000e+02,-4.200000000000000000e+01
1.679988673737418890e+09,1.658400000000000000e+04,5.120000000000000000e+02,-7.840000000000000000e+02,-1.153000000000000000e+03,-6.220000000000000000e+02,-4.200000000000000000e+01
1.679988673737996817e+09,1.658400000000000000e+04,5.120000000000000000e+02,-7.840000000000000000e+02,-1.153000000000000000e+03,-6.220000000000000000e+02,-4.200000000000000000e+01
1.679988673740211010e+09,1.658400000000000000e+04,5.120000000000000000e+02,-7.840000000000000000e+02,-1.153000000000000000e+03,-6.220000000000000000e+02,-4.200000000000000000e+01
1.679988673740808249e+09,1.658400000000000000e+04,5.120000000000000000e+02,-7.840000000000000000e+02,-1.153000000000000000e+03,-6.220000000000000000e+02,-4.200000000000000000e+01
1.679988673743025064e+09,1.658400000000000000e+04,5.120000000000000000e+02,-7.840000000000000000e+02,-1.153000000000000000e+03,-6.220000000000000000e+02,-4.200000000000000000e+01
1.679988673743600845e+09,1.658400000000000000e+04,5.120000000000000000e+02,-7.840000000000000000e+02,-1.153000000000000000e+03,-6.220000000000000000e+02,-4.200000000000000000e+01
1.679988673745867491e+09,1.658400000000000000e+04,5.120000000000000000e+02,-7.840000000000000000e+02,-1.153000000000000000e+03,-6.220000000000000000e+02,-4.200000000000000000e+01
1.679988673746460915e+09,1.658400000000000000e+04,5.120000000000000000e+02,-7.840000000000000000e+02,-1.153000000000000000e+03,-6.220000000000000000e+02,-4.200000000000000000e+01
1.679988673748653889e+09,1.658400000000000000e+04,5.120000000000000000e+02,-7.840000000000000000e+02,-1.153000000000000000e+03,-6.220000000000000000e+02,-4.200000000000000000e+01
1.679988673749211788e+09,1.658400000000000000e+04,5.120000000000000000e+02,-7.840000000000000000e+02,-1.153000000000000000e+03,-6.220000000000000000e+02,-4.200000000000000000e+01
1.679988673751444340e+09,1.658400000000000000e+04,5.120000000000000000e+02,-7.840000000000000000e+02,-1.153000000000000000e+03,-6.220000000000000000e+02,-4.200000000000000000e+01
1.679988673752049446e+09,1.658400000000000000e+04,5.120000000000000000e+02,-7.840000000000000000e+02,-1.153000000000000000e+03,-6.220000000000000000e+02,-4.200000000000000000e+01
1.679988673754246712e+09,1.658400000000000000e+04,5.120000000000000000e+02,-7.840000000000000000e+02,-1.153000000000000000e+03,-6.220000000000000000e+02,-4.200000000000000000e+01
1.679988673754809141e+09,1.658400000000000000e+04,5.120000000000000000e+02,-7.840000000000000000e+02,-1.153000000000000000e+03,-6.220000000000000000e+02,-4.200000000000000000e+01
1.679988673757053852e+09,1.658400000000000000e+04,5.120000000000000000e+02,-7.840000000000000000e+02,-1.153000000000000000e+03,-6.220000000000000000e+02,-4.200000000000000000e+01
1.679988673757649183e+09,1.658400000000000000e+04,5.120000000000000000e+02,-7.840000000000000000e+02,-1.153000000000000000e+03,-6.220000000000000000e+02,-4.200000000000000000e+01
1.679988673759877682e+09,1.658400000000000000e+04,5.120000000000000000e+02,-7.840000000000000000e+02,-1.153000000000000000e+03,-6.220000000000000000e+02,-4.200000000000000000e+01
1.679988673760447741e+09,1.658400000000000000e+04,5.120000000000000000e+02,-7.840000000000000000e+02,-1.153000000000000000e+03,-6.220000000000000000e+02,-4.200000000000000000e+01
1.679988673762676716e+09,1.658400000000000000e+04,5.120000000000000000e+02,-7.840000000000000000e+02,-1.153000000000000000e+03,-6.220000000000000000e+02,-4.200000000000000000e+01
1.679988673763321638e+09,1.658400000000000000e+04,5.120000000000000000e+02,-7.840000000000000000e+02,-1.153000000000000000e+03,-6.220000000000000000e+02,-4.200000000000000000e+01
1.679988673765518904e+09,1.658400000000000000e+04,5.120000000000000000e+02,-7.840000000000000000e+02,-1.153000000000000000e+03,-6.220000000000000000e+02,-4.200000000000000000e+01
1.679988673766088486e+09,1.658400000000000000e+04,5.120000000000000000e+02,-7.840000000000000000e+02,-1.153000000000000000e+03,-6.220000000000000000e+02,-4.200000000000000000e+01
1.679988673768322706e+09,1.658400000000000000e+04,5.120000000000000000e+02,-7.840000000000000000e+02,-1.153000000000000000e+03,-6.220000000000000000e+02,-4.200000000000000000e+01
1.679988673768918753e+09,1.658400000000000000e+04,5.120000000000000000e+02,-7.840000000000000000e+02,-1.153000000000000000e+03,-6.220000000000000000e+02,-4.200000000000000000e+01
1.679988673771146297e+09,1.658400000000000000e+04,5.120000000000000000e+02,-7.840000000000000000e+02,-1.153000000000000000e+03,-6.220000000000000000e+02,-4.200000000000000000e+01
1.679988673771723032e+09,1.658400000000000000e+04,5.120000000000000000e+02,-7.840000000000000000e+02,-1.153000000000000000e+03,-6.220000000000000000e+02,-4.200000000000000000e+01
1.679988673773937702e+09,1.658400000000000000e+04,5.120000000000000000e+02,-7.840000000000000000e+02,-1.153000000000000000e+03,-6.220000000000000000e+02,-4.200000000000000000e+01
1.679988673774527311e+09,1.658400000000000000e+04,5.120000000000000000e+02,-7.840000000000000000e+02,-1.153000000000000000e+03,-6.220000000000000000e+02,-4.200000000000000000e+01
1.679988673776764631e+09,1.658400000000000000e+04,5.120000000000000000e+02,-7.840000000000000000e+02,-1.153000000000000000e+03,-6.220000000000000000e+02,-4.200000000000000000e+01
1.679988673777336121e+09,1.658400000000000000e+04,5.120000000000000000e+02,-7.840000000000000000e+02,-1.153000000000000000e+03,-6.220000000000000000e+02,-4.200000000000000000e+01
1.679988673779576063e+09,1.658400000000000000e+04,5.120000000000000000e+02,-7.840000000000000000e+02,-1.153000000000000000e+03,-6.220000000000000000e+02,-4.200000000000000000e+01
1.679988673780182123e+09,1.658400000000000000e+04,5.120000000000000000e+02,-7.840000000000000000e+02,-1.153000000000000000e+03,-6.220000000000000000e+02,-4.200000000000000000e+01
1.679988673782393694e+09,1.658400000000000000e+04,5.120000000000000000e+02,-7.840000000000000000e+02,-1.153000000000000000e+03,-6.220000000000000000e+02,-4.200000000000000000e+01
1.679988673782985449e+09,1.658400000000000000e+04,5.120000000000000000e+02,-7.840000000000000000e+02,-1.153000000000000000e+03,-6.220000000000000000e+02,-4.200000000000000000e+01
1.679988673785200357e+09,1.658400000000000000e+04,5.120000000000000000e+02,-7.840000000000000000e+02,-1.153000000000000000e+03,-6.220000000000000000e+02,-4.200000000000000000e+01
1.679988673785839558e+09,1.658400000000000000e+04,5.120000000000000000e+02,-7.840000000000000000e+02,-1.153000000000000000e+03,-6.220000000000000000e+02,-4.200000000000000000e+01
1.679988673788062096e+09,1.658400000000000000e+04,5.120000000000000000e+02,-7.840000000000000000e+02,-1.153000000000000000e+03,-6.220000000000000000e+02,-4.200000000000000000e+01
1.679988673788641453e+09,1.658400000000000000e+04,5.120000000000000000e+02,-7.840000000000000000e+02,-1.153000000000000000e+03,-6.220000000000000000e+02,-4.200000000000000000e+01
1.679988673790876150e+09,1.658400000000000000e+04,5.120000000000000000e+02,-7.840000000000000000e+02,-1.153000000000000000e+03,-6.220000000000000000e+02,-4.200000000000000000e+01
1.679988673791477680e+09,1.658400000000000000e+04,5.120000000000000000e+02,-7.840000000000000000e+02,-1.153000000000000000e+03,-6.220000000000000000e+02,-4.200000000000000000e+01
1.679988673793709278e+09,1.658400000000000000e+04,5.120000000000000000e+02,-7.840000000000000000e+02,-1.153000000000000000e+03,-6.220000000000000000e+02,-4.200000000000000000e+01
1.679988673794288874e+09,1.658400000000000000e+04,5.120000000000000000e+02,-7.840000000000000000e+02,-1.153000000000000000e+03,-6.220000000000000000e+02,-4.200000000000000000e+01
1.679988673796526909e+09,1.658400000000000000e+04,5.120000000000000000e+02,-7.840000000000000000e+02,-1.153000000000000000e+03,-6.220000000000000000e+02,-4.200000000000000000e+01
1.679988673797123909e+09,1.658400000000000000e+04,5.120000000000000000e+02,-7.840000000000000000e+02,-1.153000000000000000e+03,-6.220000000000000000e+02,-4.200000000000000000e+01
1.679988673799351215e+09,1.658400000000000000e+04,5.120000000000000000e+02,-7.840000000000000000e+02,-1.153000000000000000e+03,-6.220000000000000000e+02,-4.200000000000000000e+01
1.679988673799945354e+09,1.658400000000000000e+04,5.120000000000000000e+02,-7.840000000000000000e+02,-1.153000000000000000e+03,-6.220000000000000000e+02,-4.200000000000000000e+01
1.679988673802173138e+09,1.658400000000000000e+04,5.120000000000000000e+02,-7.840000000000000000e+02,-1.153000000000000000e+03,-6.220000000000000000e+02,-4.200000000000000000e+01
1.679988673802767277e+09,1.658400000000000000e+04,5.120000000000000000e+02,-7.840000000000000000e+02,-1.153000000000000000e+03,-6.220000000000000000e+02,-4.200000000000000000e+01
1.679988673804993391e+09,1.658400000000000000e+04,5.120000000000000000e+02,-7.840000000000000000e+02,-1.153000000000000000e+03,-6.220000000000000000e+02,-4.200000000000000000e+01
1.679988673805625200e+09,1.658400000000000000e+04,5.120000000000000000e+02,-7.840000000000000000e+02,-1.153000000000000000e+03,-6.220000000000000000e+02,-4.200000000000000000e+01
1.679988673807856083e+09,1.658400000000000000e+04,5.120000000000000000e+02,-7.840000000000000000e+02,-1.153000000000000000e+03,-6.220000000000000000e+02,-4.200000000000000000e+01
1.679988673808448553e+09,1.658400000000000000e+04,5.120000000000000000e+02,-7.840000000000000000e+02,-1.153000000000000000e+03,-6.220000000000000000e+02,-4.200000000000000000e+01
1.679988673810689211e+09,1.658400000000000000e+04,5.120000000000000000e+02,-7.840000000000000000e+02,-1.153000000000000000e+03,-6.220000000000000000e+02,-4.200000000000000000e+01
1.679988673811273813e+09,1.658400000000000000e+04,5.120000000000000000e+02,-7.840000000000000000e+02,-1.153000000000000000e+03,-6.220000000000000000e+02,-4.200000000000000000e+01
1.679988673813508749e+09,1.658400000000000000e+04,5.120000000000000000e+02,-7.840000000000000000e+02,-1.153000000000000000e+03,-6.220000000000000000e+02,-4.200000000000000000e+01
1.679988673814104557e+09,1.658400000000000000e+04,5.120000000000000000e+02,-7.840000000000000000e+02,-1.153000000000000000e+03,-6.220000000000000000e+02,-4.200000000000000000e+01
1.679988673816353798e+09,1.658400000000000000e+04,5.120000000000000000e+02,-7.840000000000000000e+02,-1.153000000000000000e+03,-6.220000000000000000e+02,-4.200000000000000000e+01
1.679988673816926956e+09,1.658400000000000000e+04,5.120000000000000000e+02,-7.840000000000000000e+02,-1.153000000000000000e+03,-6.220000000000000000e+02,-4.200000000000000000e+01
1.679988673819165945e+09,1.658400000000000000e+04,5.120000000000000000e+02,-7.840000000000000000e+02,-1.153000000000000000e+03,-6.220000000000000000e+02,-4.200000000000000000e+01
1.679988673819763184e+09,1.658400000000000000e+04,5.120000000000000000e+02,-7.840000000000000000e+02,-1.153000000000000000e+03,-6.220000000000000000e+02,-4.200000000000000000e+01
1.679988673821983814e+09,1.658400000000000000e+04,5.120000000000000000e+02,-7.840000000000000000e+02,-1.153000000000000000e+03,-6.220000000000000000e+02,-4.200000000000000000e+01
1.679988673822564602e+09,1.658400000000000000e+04,5.120000000000000000e+02,-7.840000000000000000e+02,-1.153000000000000000e+03,-6.220000000000000000e+02,-4.200000000000000000e+01
1.679988673824801207e+09,1.658400000000000000e+04,5.120000000000000000e+02,-7.840000000000000000e+02,-1.153000000000000000e+03,-6.220000000000000000e+02,-4.200000000000000000e+01
1.679988673825396299e+09,1.658400000000000000e+04,5.120000000000000000e+02,-7.840000000000000000e+02,-1.153000000000000000e+03,-6.220000000000000000e+02,-4.200000000000000000e+01
1.679988673827655792e+09,1.658400000000000000e+04,5.120000000000000000e+02,-7.840000000000000000e+02,-1.153000000000000000e+03,-6.220000000000000000e+02,-4.200000000000000000e+01
1.679988673828241348e+09,1.658400000000000000e+04,5.120000000000000000e+02,-7.840000000000000000e+02,-1.153000000000000000e+03,-6.220000000000000000e+02,-4.200000000000000000e+01
1.679988673830479860e+09,1.658400000000000000e+04,5.120000000000000000e+02,-7.840000000000000000e+02,-1.153000000000000000e+03,-6.220000000000000000e+02,-4.200000000000000000e+01
1.679988673831081390e+09,1.658400000000000000e+04,5.120000000000000000e+02,-7.840000000000000000e+02,-1.153000000000000000e+03,-6.220000000000000000e+02,-4.200000000000000000e+01
1.679988673833322763e+09,1.658400000000000000e+04,5.120000000000000000e+02,-7.840000000000000000e+02,-1.153000000000000000e+03,-6.220000000000000000e+02,-4.200000000000000000e+01
1.679988673833911896e+09,1.658400000000000000e+04,5.120000000000000000e+02,-7.840000000000000000e+02,-1.153000000000000000e+03,-6.220000000000000000e+02,-4.200000000000000000e+01
1.679988673836184740e+09,1.658400000000000000e+04,5.120000000000000000e+02,-7.840000000000000000e+02,-1.153000000000000000e+03,-6.220000000000000000e+02,-4.200000000000000000e+01
1.679988673836777210e+09,1.658400000000000000e+04,5.120000000000000000e+02,-7.840000000000000000e+02,-1.153000000000000000e+03,-6.220000000000000000e+02,-4.200000000000000000e+01
1.679988673838992834e+09,1.658400000000000000e+04,5.120000000000000000e+02,-7.840000000000000000e+02,-1.153000000000000000e+03,-6.220000000000000000e+02,-4.200000000000000000e+01
1.679988673839577675e+09,1.658400000000000000e+04,5.120000000000000000e+02,-7.840000000000000000e+02,-1.153000000000000000e+03,-6.220000000000000000e+02,-4.200000000000000000e+01
1.679988673841815948e+09,1.658400000000000000e+04,5.120000000000000000e+02,-7.840000000000000000e+02,-1.153000000000000000e+03,-6.220000000000000000e+02,-4.200000000000000000e+01
1.679988673842414856e+09,1.658400000000000000e+04,5.120000000000000000e+02,-7.840000000000000000e+02,-1.153000000000000000e+03,-6.220000000000000000e+02,-4.200000000000000000e+01
1.679988673844642639e+09,1.658400000000000000e+04,5.120000000000000000e+02,-7.840000000000000000e+02,-1.153000000000000000e+03,-6.220000000000000000e+02,-4.200000000000000000e+01
1.679988673845225811e+09,1.658400000000000000e+04,5.120000000000000000e+02,-7.840000000000000000e+02,-1.153000000000000000e+03,-6.220000000000000000e+02,-4.200000000000000000e+01
1.679988673847503662e+09,1.658400000000000000e+04,5.120000000000000000e+02,-7.840000000000000000e+02,-1.153000000000000000e+03,-6.220000000000000000e+02,-4.200000000000000000e+01
1.679988673848103762e+09,1.658400000000000000e+04,5.120000000000000000e+02,-7.840000000000000000e+02,-1.153000000000000000e+03,-6.220000000000000000e+02,-4.200000000000000000e+01
1.679988673850332260e+09,1.658400000000000000e+04,5.120000000000000000e+02,-7.840000000000000000e+02,-1.153000000000000000e+03,-6.220000000000000000e+02,-4.200000000000000000e+01
1.679988673850917101e+09,1.658400000000000000e+04,5.120000000000000000e+02,-7.840000000000000000e+02,-1.153000000000000000e+03,-6.220000000000000000e+02,-4.200000000000000000e+01
1.679988673853155613e+09,1.658400000000000000e+04,5.120000000000000000e+02,-7.840000000000000000e+02,-1.153000000000000000e+03,-6.220000000000000000e+02,-4.200000000000000000e+01
1.679988673853754044e+09,1.658400000000000000e+04,5.120000000000000000e+02,-7.840000000000000000e+02,-1.153000000000000000e+03,-6.220000000000000000e+02,-4.200000000000000000e+01
1.679988673856038809e+09,1.658400000000000000e+04,5.120000000000000000e+02,-7.840000000000000000e+02,-1.153000000000000000e+03,-6.220000000000000000e+02,-4.200000000000000000e+01
1.679988673856622934e+09,1.658400000000000000e+04,5.120000000000000000e+02,-7.840000000000000000e+02,-1.153000000000000000e+03,-6.220000000000000000e+02,-4.200000000000000000e+01
1.679988673858867884e+09,1.658400000000000000e+04,5.120000000000000000e+02,-7.840000000000000000e+02,-1.153000000000000000e+03,-6.220000000000000000e+02,-4.200000000000000000e+01
1.679988673859470844e+09,1.658400000000000000e+04,5.120000000000000000e+02,-7.840000000000000000e+02,-1.153000000000000000e+03,-6.220000000000000000e+02,-4.200000000000000000e+01
1.679988673861711502e+09,1.658400000000000000e+04,5.120000000000000000e+02,-7.840000000000000000e+02,-1.153000000000000000e+03,-6.220000000000000000e+02,-4.200000000000000000e+01
1.679988673862295151e+09,1.658400000000000000e+04,5.120000000000000000e+02,-7.840000000000000000e+02,-1.153000000000000000e+03,-6.220000000000000000e+02,-4.200000000000000000e+01
1.679988673864543200e+09,1.658400000000000000e+04,5.120000000000000000e+02,-7.840000000000000000e+02,-1.153000000000000000e+03,-6.220000000000000000e+02,-4.200000000000000000e+01
1.679988673865149736e+09,1.658400000000000000e+04,5.120000000000000000e+02,-7.840000000000000000e+02,-1.153000000000000000e+03,-6.220000000000000000e+02,-4.200000000000000000e+01
1.679988673867400169e+09,1.658400000000000000e+04,5.120000000000000000e+02,-7.840000000000000000e+02,-1.153000000000000000e+03,-6.220000000000000000e+02,-4.200000000000000000e+01
1.679988673867991447e+09,1.658400000000000000e+04,5.120000000000000000e+02,-7.840000000000000000e+02,-1.153000000000000000e+03,-6.220000000000000000e+02,-4.200000000000000000e+01
1.679988673870242834e+09,1.658400000000000000e+04,5.120000000000000000e+02,-7.840000000000000000e+02,-1.153000000000000000e+03,-6.220000000000000000e+02,-4.200000000000000000e+01
1.679988673870832920e+09,1.658400000000000000e+04,5.120000000000000000e+02,-7.840000000000000000e+02,-1.153000000000000000e+03,-6.220000000000000000e+02,-4.200000000000000000e+01
1.679988673873064995e+09,1.658400000000000000e+04,5.120000000000000000e+02,-7.840000000000000000e+02,-1.153000000000000000e+03,-6.220000000000000000e+02,-4.200000000000000000e+01
1.679988673873726606e+09,1.658400000000000000e+04,5.120000000000000000e+02,-7.840000000000000000e+02,-1.153000000000000000e+03,-6.220000000000000000e+02,-4.200000000000000000e+01
1.679988673875959158e+09,1.658400000000000000e+04,5.120000000000000000e+02,-7.840000000000000000e+02,-1.153000000000000000e+03,-6.220000000000000000e+02,-4.200000000000000000e+01
1.679988673876549006e+09,1.658400000000000000e+04,5.120000000000000000e+02,-7.840000000000000000e+02,-1.153000000000000000e+03,-6.220000000000000000e+02,-4.200000000000000000e+01
1.679988673878780365e+09,1.658400000000000000e+04,5.120000000000000000e+02,-7.840000000000000000e+02,-1.153000000000000000e+03,-6.220000000000000000e+02,-4.200000000000000000e+01
1.679988673879370451e+09,1.658400000000000000e+04,5.120000000000000000e+02,-7.840000000000000000e+02,-1.153000000000000000e+03,-6.220000000000000000e+02,-4.200000000000000000e+01
1.679988673881602764e+09,1.658400000000000000e+04,5.120000000000000000e+02,-7.840000000000000000e+02,-1.153000000000000000e+03,-6.220000000000000000e+02,-4.200000000000000000e+01
1.679988673882204533e+09,1.658400000000000000e+04,5.120000000000000000e+02,-7.840000000000000000e+02,-1.153000000000000000e+03,-6.220000000000000000e+02,-4.200000000000000000e+01
1.679988673884463549e+09,1.658400000000000000e+04,5.120000000000000000e+02,-7.840000000000000000e+02,-1.153000000000000000e+03,-6.220000000000000000e+02,-4.200000000000000000e+01
1.679988673885050774e+09,1.658400000000000000e+04,5.120000000000000000e+02,-7.840000000000000000e+02,-1.153000000000000000e+03,-6.220000000000000000e+02,-4.200000000000000000e+01
1.679988673887334824e+09,1.658400000000000000e+04,5.120000000000000000e+02,-7.840000000000000000e+02,-1.153000000000000000e+03,-6.220000000000000000e+02,-4.200000000000000000e+01
1.679988673887941599e+09,1.658400000000000000e+04,5.120000000000000000e+02,-7.840000000000000000e+02,-1.153000000000000000e+03,-6.220000000000000000e+02,-4.200000000000000000e+01
1.679988673890156031e+09,1.658400000000000000e+04,5.120000000000000000e+02,-7.840000000000000000e+02,-1.153000000000000000e+03,-6.220000000000000000e+02,-4.200000000000000000e+01
1.679988673890742540e+09,1.658400000000000000e+04,5.120000000000000000e+02,-7.840000000000000000e+02,-1.153000000000000000e+03,-6.220000000000000000e+02,-4.200000000000000000e+01
1.679988673893003464e+09,1.658400000000000000e+04,5.120000000000000000e+02,-7.840000000000000000e+02,-1.153000000000000000e+03,-6.220000000000000000e+02,-4.200000000000000000e+01
1.679988673893612385e+09,1.658400000000000000e+04,5.120000000000000000e+02,-7.840000000000000000e+02,-1.153000000000000000e+03,-6.220000000000000000e+02,-4.200000000000000000e+01
1.679988673895880222e+09,1.658400000000000000e+04,5.120000000000000000e+02,-7.840000000000000000e+02,-1.153000000000000000e+03,-6.220000000000000000e+02,-4.200000000000000000e+01
1.679988673896460295e+09,1.658400000000000000e+04,5.120000000000000000e+02,-7.840000000000000000e+02,-1.153000000000000000e+03,-6.220000000000000000e+02,-4.200000000000000000e+01
1.679988673898714781e+09,1.658400000000000000e+04,5.120000000000000000e+02,-7.840000000000000000e+02,-1.153000000000000000e+03,-6.220000000000000000e+02,-4.200000000000000000e+01
1.679988673899313688e+09,1.658400000000000000e+04,5.120000000000000000e+02,-7.840000000000000000e+02,-1.153000000000000000e+03,-6.220000000000000000e+02,-4.200000000000000000e+01
1.679988673901553869e+09,1.658400000000000000e+04,5.120000000000000000e+02,-7.840000000000000000e+02,-1.153000000000000000e+03,-6.220000000000000000e+02,-4.200000000000000000e+01
1.679988673902142763e+09,1.658400000000000000e+04,5.120000000000000000e+02,-7.840000000000000000e+02,-1.153000000000000000e+03,-6.220000000000000000e+02,-4.200000000000000000e+01
1.679988673904391527e+09,1.658400000000000000e+04,5.120000000000000000e+02,-7.840000000000000000e+02,-1.153000000000000000e+03,-6.220000000000000000e+02,-4.200000000000000000e+01
1.679988673904994965e+09,1.658400000000000000e+04,5.120000000000000000e+02,-7.840000000000000000e+02,-1.153000000000000000e+03,-6.220000000000000000e+02,-4.200000000000000000e+01
1.679988673907331467e+09,1.658400000000000000e+04,5.120000000000000000e+02,-7.840000000000000000e+02,-1.153000000000000000e+03,-6.220000000000000000e+02,-4.200000000000000000e+01
1.679988673907919407e+09,1.658400000000000000e+04,5.120000000000000000e+02,-7.840000000000000000e+02,-1.153000000000000000e+03,-6.220000000000000000e+02,-4.200000000000000000e+01
1.679988673910161495e+09,1.658400000000000000e+04,5.120000000000000000e+02,-7.840000000000000000e+02,-1.153000000000000000e+03,-6.220000000000000000e+02,-4.200000000000000000e+01
1.679988673910761356e+09,1.658400000000000000e+04,5.120000000000000000e+02,-7.840000000000000000e+02,-1.153000000000000000e+03,-6.220000000000000000e+02,-4.200000000000000000e+01
1.679988673912997007e+09,1.658400000000000000e+04,5.120000000000000000e+02,-7.840000000000000000e+02,-1.153000000000000000e+03,-6.220000000000000000e+02,-4.200000000000000000e+01
1.679988673913584948e+09,1.658400000000000000e+04,5.120000000000000000e+02,-7.840000000000000000e+02,-1.153000000000000000e+03,-6.220000000000000000e+02,-4.200000000000000000e+01
1.679988673915879011e+09,1.658400000000000000e+04,5.120000000000000000e+02,-7.840000000000000000e+02,-1.153000000000000000e+03,-6.220000000000000000e+02,-4.200000000000000000e+01
1.679988673916473150e+09,1.658400000000000000e+04,5.120000000000000000e+02,-7.840000000000000000e+02,-1.153000000000000000e+03,-6.220000000000000000e+02,-4.200000000000000000e+01
1.679988673918714285e+09,1.658400000000000000e+04,5.120000000000000000e+02,-7.840000000000000000e+02,-1.153000000000000000e+03,-6.220000000000000000e+02,-4.200000000000000000e+01
1.679988673919307470e+09,1.658400000000000000e+04,5.120000000000000000e+02,-7.840000000000000000e+02,-1.153000000000000000e+03,-6.220000000000000000e+02,-4.200000000000000000e+01
1.679988673921553373e+09,1.658400000000000000e+04,5.120000000000000000e+02,-7.840000000000000000e+02,-1.153000000000000000e+03,-6.220000000000000000e+02,-4.200000000000000000e+01
1.679988673922157526e+09,1.658400000000000000e+04,5.120000000000000000e+02,-7.840000000000000000e+02,-1.153000000000000000e+03,-6.220000000000000000e+02,-4.200000000000000000e+01
1.679988673924406528e+09,1.658400000000000000e+04,5.120000000000000000e+02,-7.840000000000000000e+02,-1.153000000000000000e+03,-6.220000000000000000e+02,-4.200000000000000000e+01
1.679988673924991131e+09,1.658400000000000000e+04,5.120000000000000000e+02,-7.840000000000000000e+02,-1.153000000000000000e+03,-6.220000000000000000e+02,-4.200000000000000000e+01
1.679988673927262306e+09,1.658400000000000000e+04,5.120000000000000000e+02,-7.840000000000000000e+02,-1.153000000000000000e+03,-6.220000000000000000e+02,-4.200000000000000000e+01
1.679988673927867651e+09,1.658400000000000000e+04,5.120000000000000000e+02,-7.840000000000000000e+02,-1.153000000000000000e+03,-6.220000000000000000e+02,-4.200000000000000000e+01
1.679988673930098534e+09,1.658400000000000000e+04,5.120000000000000000e+02,-7.840000000000000000e+02,-1.153000000000000000e+03,-6.220000000000000000e+02,-4.200000000000000000e+01
1.679988673930687666e+09,1.658400000000000000e+04,5.120000000000000000e+02,-7.840000000000000000e+02,-1.153000000000000000e+03,-6.220000000000000000e+02,-4.200000000000000000e+01
1.679988673932932138e+09,1.658400000000000000e+04,5.120000000000000000e+02,-7.840000000000000000e+02,-1.153000000000000000e+03,-6.220000000000000000e+02,-4.200000000000000000e+01
1.679988673933535814e+09,1.658400000000000000e+04,5.120000000000000000e+02,-7.840000000000000000e+02,-1.153000000000000000e+03,-6.220000000000000000e+02,-4.200000000000000000e+01
1.679988673935820818e+09,1.658400000000000000e+04,5.120000000000000000e+02,-7.840000000000000000e+02,-1.153000000000000000e+03,-6.220000000000000000e+02,-4.200000000000000000e+01
1.679988673936404228e+09,1.658400000000000000e+04,5.120000000000000000e+02,-7.840000000000000000e+02,-1.153000000000000000e+03,-6.220000000000000000e+02,-4.200000000000000000e+01
1.679988673938792706e+09,1.658400000000000000e+04,5.120000000000000000e+02,-7.840000000000000000e+02,-1.153000000000000000e+03,-6.220000000000000000e+02,-4.200000000000000000e+01
1.679988673939527273e+09,1.658400000000000000e+04,5.120000000000000000e+02,-7.840000000000000000e+02,-1.153000000000000000e+03,-6.220000000000000000e+02,-4.200000000000000000e+01
1.679988673941705942e+09,1.658400000000000000e+04,5.120000000000000000e+02,-7.840000000000000000e+02,-1.153000000000000000e+03,-6.220000000000000000e+02,-4.200000000000000000e+01
1.679988673942303419e+09,1.658400000000000000e+04,5.120000000000000000e+02,-7.840000000000000000e+02,-1.153000000000000000e+03,-6.220000000000000000e+02,-4.200000000000000000e+01
1.679988673944540977e+09,1.658400000000000000e+04,5.120000000000000000e+02,-7.840000000000000000e+02,-1.153000000000000000e+03,-6.220000000000000000e+02,-4.200000000000000000e+01
1.679988673945135832e+09,1.658400000000000000e+04,5.120000000000000000e+02,-7.840000000000000000e+02,-1.153000000000000000e+03,-6.220000000000000000e+02,-4.200000000000000000e+01
1.679988673947404146e+09,1.658400000000000000e+04,5.120000000000000000e+02,-7.840000000000000000e+02,-1.153000000000000000e+03,-6.220000000000000000e+02,-4.200000000000000000e+01
1.679988673948000193e+09,1.658400000000000000e+04,5.120000000000000000e+02,-7.840000000000000000e+02,-1.153000000000000000e+03,-6.220000000000000000e+02,-4.200000000000000000e+01
1.679988673950234175e+09,1.658400000000000000e+04,5.120000000000000000e+02,-7.840000000000000000e+02,-1.153000000000000000e+03,-6.220000000000000000e+02,-4.200000000000000000e+01
1.679988673950839520e+09,1.658400000000000000e+04,5.120000000000000000e+02,-7.840000000000000000e+02,-1.153000000000000000e+03,-6.220000000000000000e+02,-4.200000000000000000e+01
1.679988673953077793e+09,1.658400000000000000e+04,5.120000000000000000e+02,-7.840000000000000000e+02,-1.153000000000000000e+03,-6.220000000000000000e+02,-4.200000000000000000e+01
1.679988673953675747e+09,1.658400000000000000e+04,5.120000000000000000e+02,-7.840000000000000000e+02,-1.153000000000000000e+03,-6.220000000000000000e+02,-4.200000000000000000e+01
1.679988673955957413e+09,1.658400000000000000e+04,5.120000000000000000e+02,-7.840000000000000000e+02,-1.153000000000000000e+03,-6.220000000000000000e+02,-4.200000000000000000e+01
1.679988673956557512e+09,1.658400000000000000e+04,5.120000000000000000e+02,-7.840000000000000000e+02,-1.153000000000000000e+03,-6.220000000000000000e+02,-4.200000000000000000e+01
1.679988673958787680e+09,1.658400000000000000e+04,5.120000000000000000e+02,-7.840000000000000000e+02,-1.153000000000000000e+03,-6.220000000000000000e+02,-4.200000000000000000e+01
1.679988673959370852e+09,1.658400000000000000e+04,5.120000000000000000e+02,-7.840000000000000000e+02,-1.153000000000000000e+03,-6.220000000000000000e+02,-4.200000000000000000e+01
1.679988673961625814e+09,1.658400000000000000e+04,5.120000000000000000e+02,-7.840000000000000000e+02,-1.153000000000000000e+03,-6.220000000000000000e+02,-4.200000000000000000e+01
1.679988673962242842e+09,1.658400000000000000e+04,5.120000000000000000e+02,-7.840000000000000000e+02,-1.153000000000000000e+03,-6.220000000000000000e+02,-4.200000000000000000e+01
1.679988673964474440e+09,1.658400000000000000e+04,5.120000000000000000e+02,-7.840000000000000000e+02,-1.153000000000000000e+03,-6.220000000000000000e+02,-4.200000000000000000e+01
1.679988673965062141e+09,1.658400000000000000e+04,5.120000000000000000e+02,-7.840000000000000000e+02,-1.153000000000000000e+03,-6.220000000000000000e+02,-4.200000000000000000e+01
1.679988673967354536e+09,1.658400000000000000e+04,5.120000000000000000e+02,-7.840000000000000000e+02,-1.153000000000000000e+03,-6.220000000000000000e+02,-4.200000000000000000e+01
1.679988673967949390e+09,1.658400000000000000e+04,5.120000000000000000e+02,-7.840000000000000000e+02,-1.153000000000000000e+03,-6.220000000000000000e+02,-4.200000000000000000e+01
1.679988673970193148e+09,1.658400000000000000e+04,5.120000000000000000e+02,-7.840000000000000000e+02,-1.153000000000000000e+03,-6.220000000000000000e+02,-4.200000000000000000e+01
1.679988673970775127e+09,1.658400000000000000e+04,5.120000000000000000e+02,-7.840000000000000000e+02,-1.153000000000000000e+03,-6.220000000000000000e+02,-4.200000000000000000e+01
1.679988673973019361e+09,1.658400000000000000e+04,5.120000000000000000e+02,-7.840000000000000000e+02,-1.153000000000000000e+03,-6.220000000000000000e+02,-4.200000000000000000e+01
1.679988673973618269e+09,1.658400000000000000e+04,5.120000000000000000e+02,-7.840000000000000000e+02,-1.153000000000000000e+03,-6.220000000000000000e+02,-4.200000000000000000e+01
1.679988673975928783e+09,1.658400000000000000e+04,5.120000000000000000e+02,-7.840000000000000000e+02,-1.153000000000000000e+03,-6.220000000000000000e+02,-4.200000000000000000e+01
1.679988673976512432e+09,1.658400000000000000e+04,5.120000000000000000e+02,-7.840000000000000000e+02,-1.153000000000000000e+03,-6.220000000000000000e+02,-4.200000000000000000e+01
1.679988673978766918e+09,1.658400000000000000e+04,5.120000000000000000e+02,-7.840000000000000000e+02,-1.153000000000000000e+03,-6.220000000000000000e+02,-4.200000000000000000e+01
1.679988673979364872e+09,1.658400000000000000e+04,5.120000000000000000e+02,-7.840000000000000000e+02,-1.153000000000000000e+03,-6.220000000000000000e+02,-4.200000000000000000e+01
1.679988673981624842e+09,1.658400000000000000e+04,5.120000000000000000e+02,-7.840000000000000000e+02,-1.153000000000000000e+03,-6.220000000000000000e+02,-4.200000000000000000e+01
1.679988673982212067e+09,1.658400000000000000e+04,5.120000000000000000e+02,-7.840000000000000000e+02,-1.153000000000000000e+03,-6.220000000000000000e+02,-4.200000000000000000e+01
1.679988673984479904e+09,1.658400000000000000e+04,5.120000000000000000e+02,-7.840000000000000000e+02,-1.153000000000000000e+03,-6.220000000000000000e+02,-4.200000000000000000e+01
1.679988673985080481e+09,1.658400000000000000e+04,5.120000000000000000e+02,-7.840000000000000000e+02,-1.153000000000000000e+03,-6.220000000000000000e+02,-4.200000000000000000e+01
1.679988673987356424e+09,1.658400000000000000e+04,5.120000000000000000e+02,-7.840000000000000000e+02,-1.153000000000000000e+03,-6.220000000000000000e+02,-4.200000000000000000e+01
1.679988673987944841e+09,1.658400000000000000e+04,5.120000000000000000e+02,-7.840000000000000000e+02,-1.153000000000000000e+03,-6.220000000000000000e+02,-4.200000000000000000e+01
1.679988673990196228e+09,1.658400000000000000e+04,5.120000000000000000e+02,-7.840000000000000000e+02,-1.153000000000000000e+03,-6.220000000000000000e+02,-4.200000000000000000e+01
1.679988673990789890e+09,1.658400000000000000e+04,5.120000000000000000e+02,-7.840000000000000000e+02,-1.153000000000000000e+03,-6.220000000000000000e+02,-4.200000000000000000e+01
1.679988673993048668e+09,1.658400000000000000e+04,5.120000000000000000e+02,-7.840000000000000000e+02,-1.153000000000000000e+03,-6.220000000000000000e+02,-4.200000000000000000e+01
1.679988673993628740e+09,1.658400000000000000e+04,5.120000000000000000e+02,-7.840000000000000000e+02,-1.153000000000000000e+03,-6.220000000000000000e+02,-4.200000000000000000e+01
1.679988673995932579e+09,1.658400000000000000e+04,5.120000000000000000e+02,-7.840000000000000000e+02,-1.153000000000000000e+03,-6.220000000000000000e+02,-4.200000000000000000e+01
1.679988673996521711e+09,1.658400000000000000e+04,5.120000000000000000e+02,-7.840000000000000000e+02,-1.153000000000000000e+03,-6.220000000000000000e+02,-4.200000000000000000e+01
1.679988673998773336e+09,1.658400000000000000e+04,5.120000000000000000e+02,-7.840000000000000000e+02,-1.153000000000000000e+03,-6.220000000000000000e+02,-4.200000000000000000e+01
1.679988673999351263e+09,1.658400000000000000e+04,5.120000000000000000e+02,-7.840000000000000000e+02,-1.153000000000000000e+03,-6.220000000000000000e+02,-4.200000000000000000e+01
1.679988674001615047e+09,1.658400000000000000e+04,5.120000000000000000e+02,-7.840000000000000000e+02,-1.153000000000000000e+03,-6.220000000000000000e+02,-4.200000000000000000e+01
1.679988674002204657e+09,1.658400000000000000e+04,5.120000000000000000e+02,-7.840000000000000000e+02,-1.153000000000000000e+03,-6.220000000000000000e+02,-4.200000000000000000e+01
1.679988674004474878e+09,1.658400000000000000e+04,5.120000000000000000e+02,-7.840000000000000000e+02,-1.153000000000000000e+03,-6.220000000000000000e+02,-4.200000000000000000e+01
1.679988674005059004e+09,1.658400000000000000e+04,5.120000000000000000e+02,-7.840000000000000000e+02,-1.153000000000000000e+03,-6.220000000000000000e+02,-4.200000000000000000e+01
1.679988674007357121e+09,1.658400000000000000e+04,5.120000000000000000e+02,-7.840000000000000000e+02,-1.153000000000000000e+03,-6.220000000000000000e+02,-4.200000000000000000e+01
1.679988674007959604e+09,1.658400000000000000e+04,5.120000000000000000e+02,-7.840000000000000000e+02,-1.153000000000000000e+03,-6.220000000000000000e+02,-4.200000000000000000e+01
1.679988674010226727e+09,1.658400000000000000e+04,5.120000000000000000e+02,-7.840000000000000000e+02,-1.153000000000000000e+03,-6.220000000000000000e+02,-4.200000000000000000e+01
1.679988674010819674e+09,1.658400000000000000e+04,5.120000000000000000e+02,-7.840000000000000000e+02,-1.153000000000000000e+03,-6.220000000000000000e+02,-4.200000000000000000e+01
1.679988674013075352e+09,1.658400000000000000e+04,5.120000000000000000e+02,-7.840000000000000000e+02,-1.153000000000000000e+03,-6.220000000000000000e+02,-4.200000000000000000e+01
1.679988674013665199e+09,1.658400000000000000e+04,5.120000000000000000e+02,-7.840000000000000000e+02,-1.153000000000000000e+03,-6.220000000000000000e+02,-4.200000000000000000e+01
1.679988674016086817e+09,1.658400000000000000e+04,5.120000000000000000e+02,-7.840000000000000000e+02,-1.153000000000000000e+03,-6.220000000000000000e+02,-4.200000000000000000e+01
1.679988674016770363e+09,1.658400000000000000e+04,5.120000000000000000e+02,-7.840000000000000000e+02,-1.153000000000000000e+03,-6.220000000000000000e+02,-4.200000000000000000e+01
1.679988674019212961e+09,1.658400000000000000e+04,5.120000000000000000e+02,-7.840000000000000000e+02,-1.153000000000000000e+03,-6.220000000000000000e+02,-4.200000000000000000e+01
1.679988674019815922e+09,1.658400000000000000e+04,5.120000000000000000e+02,-7.840000000000000000e+02,-1.153000000000000000e+03,-6.220000000000000000e+02,-4.200000000000000000e+01
1.679988674021936893e+09,1.658400000000000000e+04,5.120000000000000000e+02,-7.840000000000000000e+02,-1.153000000000000000e+03,-6.220000000000000000e+02,-4.200000000000000000e+01
1.679988674022562265e+09,1.658400000000000000e+04,5.120000000000000000e+02,-7.840000000000000000e+02,-1.153000000000000000e+03,-6.220000000000000000e+02,-4.200000000000000000e+01
1.679988674024821281e+09,1.658400000000000000e+04,5.120000000000000000e+02,-7.840000000000000000e+02,-1.153000000000000000e+03,-6.220000000000000000e+02,-4.200000000000000000e+01
1.679988674025433540e+09,1.658400000000000000e+04,5.120000000000000000e+02,-7.840000000000000000e+02,-1.153000000000000000e+03,-6.220000000000000000e+02,-4.200000000000000000e+01
1.679988674027949095e+09,1.658400000000000000e+04,5.120000000000000000e+02,-7.840000000000000000e+02,-1.153000000000000000e+03,-6.220000000000000000e+02,-4.200000000000000000e+01
1.679988674028684855e+09,1.658400000000000000e+04,5.120000000000000000e+02,-7.840000000000000000e+02,-1.153000000000000000e+03,-6.220000000000000000e+02,-4.200000000000000000e+01
1.679988674031164169e+09,1.658400000000000000e+04,5.120000000000000000e+02,-7.840000000000000000e+02,-1.153000000000000000e+03,-6.220000000000000000e+02,-4.200000000000000000e+01
1.679988674031804323e+09,1.658400000000000000e+04,5.120000000000000000e+02,-7.840000000000000000e+02,-1.153000000000000000e+03,-6.220000000000000000e+02,-4.200000000000000000e+01
1.679988674033934355e+09,1.658400000000000000e+04,5.120000000000000000e+02,-7.840000000000000000e+02,-1.153000000000000000e+03,-6.220000000000000000e+02,-4.200000000000000000e+01
1.679988674034573317e+09,1.658400000000000000e+04,5.120000000000000000e+02,-7.840000000000000000e+02,-1.153000000000000000e+03,-6.220000000000000000e+02,-4.200000000000000000e+01
1.679988674036780596e+09,1.658400000000000000e+04,5.120000000000000000e+02,-7.840000000000000000e+02,-1.153000000000000000e+03,-6.220000000000000000e+02,-4.200000000000000000e+01
1.679988674037431002e+09,1.658400000000000000e+04,5.120000000000000000e+02,-7.840000000000000000e+02,-1.153000000000000000e+03,-6.220000000000000000e+02,-4.200000000000000000e+01
1.679988674039606333e+09,1.658400000000000000e+04,5.120000000000000000e+02,-7.840000000000000000e+02,-1.153000000000000000e+03,-6.220000000000000000e+02,-4.200000000000000000e+01
1.679988674040246248e+09,1.658400000000000000e+04,5.120000000000000000e+02,-7.840000000000000000e+02,-1.153000000000000000e+03,-6.220000000000000000e+02,-4.200000000000000000e+01
1.679988674042429209e+09,1.658400000000000000e+04,5.120000000000000000e+02,-7.840000000000000000e+02,-1.153000000000000000e+03,-6.220000000000000000e+02,-4.200000000000000000e+01
1.679988674043054104e+09,1.658400000000000000e+04,5.120000000000000000e+02,-7.840000000000000000e+02,-1.153000000000000000e+03,-6.220000000000000000e+02,-4.200000000000000000e+01
1.679988674045297384e+09,1.658400000000000000e+04,5.120000000000000000e+02,-7.840000000000000000e+02,-1.153000000000000000e+03,-6.220000000000000000e+02,-4.200000000000000000e+01
1.679988674045984268e+09,1.658400000000000000e+04,5.120000000000000000e+02,-7.840000000000000000e+02,-1.153000000000000000e+03,-6.220000000000000000e+02,-4.200000000000000000e+01
1.679988674048136950e+09,1.658400000000000000e+04,5.120000000000000000e+02,-7.840000000000000000e+02,-1.153000000000000000e+03,-6.220000000000000000e+02,-4.200000000000000000e+01
1.679988674048749208e+09,1.658400000000000000e+04,5.120000000000000000e+02,-7.840000000000000000e+02,-1.153000000000000000e+03,-6.220000000000000000e+02,-4.200000000000000000e+01
1.679988674051192999e+09,1.658400000000000000e+04,5.120000000000000000e+02,-7.840000000000000000e+02,-1.153000000000000000e+03,-6.220000000000000000e+02,-4.200000000000000000e+01
1.679988674051783085e+09,1.658400000000000000e+04,5.120000000000000000e+02,-7.840000000000000000e+02,-1.153000000000000000e+03,-6.220000000000000000e+02,-4.200000000000000000e+01
1.679988674054028988e+09,1.658400000000000000e+04,5.120000000000000000e+02,-7.840000000000000000e+02,-1.153000000000000000e+03,-6.220000000000000000e+02,-4.200000000000000000e+01
1.679988674054638386e+09,1.658400000000000000e+04,5.120000000000000000e+02,-7.840000000000000000e+02,-1.153000000000000000e+03,-6.220000000000000000e+02,-4.200000000000000000e+01
1.679988674056957006e+09,1.658400000000000000e+04,5.120000000000000000e+02,-7.840000000000000000e+02,-1.153000000000000000e+03,-6.220000000000000000e+02,-4.200000000000000000e+01
1.679988674057549000e+09,1.658400000000000000e+04,5.120000000000000000e+02,-7.840000000000000000e+02,-1.153000000000000000e+03,-6.220000000000000000e+02,-4.200000000000000000e+01
1.679988674059800625e+09,1.658400000000000000e+04,5.120000000000000000e+02,-7.840000000000000000e+02,-1.153000000000000000e+03,-6.220000000000000000e+02,-4.200000000000000000e+01
1.679988674060400009e+09,1.658400000000000000e+04,5.120000000000000000e+02,-7.840000000000000000e+02,-1.153000000000000000e+03,-6.220000000000000000e+02,-4.200000000000000000e+01
1.679988674062664747e+09,1.658400000000000000e+04,5.120000000000000000e+02,-7.840000000000000000e+02,-1.153000000000000000e+03,-6.220000000000000000e+02,-4.200000000000000000e+01
1.679988674063269138e+09,1.658400000000000000e+04,5.120000000000000000e+02,-7.840000000000000000e+02,-1.153000000000000000e+03,-6.220000000000000000e+02,-4.200000000000000000e+01
1.679988674065545559e+09,1.658400000000000000e+04,5.120000000000000000e+02,-7.840000000000000000e+02,-1.153000000000000000e+03,-6.220000000000000000e+02,-4.200000000000000000e+01
1.679988674066135645e+09,1.658400000000000000e+04,5.120000000000000000e+02,-7.840000000000000000e+02,-1.153000000000000000e+03,-6.220000000000000000e+02,-4.200000000000000000e+01
1.679988674068406343e+09,1.658400000000000000e+04,5.120000000000000000e+02,-7.840000000000000000e+02,-1.153000000000000000e+03,-6.220000000000000000e+02,-4.200000000000000000e+01
1.679988674068990946e+09,1.658400000000000000e+04,5.120000000000000000e+02,-7.840000000000000000e+02,-1.153000000000000000e+03,-6.220000000000000000e+02,-4.200000000000000000e+01
1.679988674071244717e+09,1.658400000000000000e+04,5.120000000000000000e+02,-7.840000000000000000e+02,-1.153000000000000000e+03,-6.220000000000000000e+02,-4.200000000000000000e+01
1.679988674071856737e+09,1.658400000000000000e+04,5.120000000000000000e+02,-7.840000000000000000e+02,-1.153000000000000000e+03,-6.220000000000000000e+02,-4.200000000000000000e+01
1.679988674074200630e+09,1.658400000000000000e+04,5.120000000000000000e+02,-7.840000000000000000e+02,-1.153000000000000000e+03,-6.220000000000000000e+02,-4.200000000000000000e+01
1.679988674074766874e+09,1.658400000000000000e+04,5.120000000000000000e+02,-7.840000000000000000e+02,-1.153000000000000000e+03,-6.220000000000000000e+02,-4.200000000000000000e+01
1.679988674077073574e+09,1.658400000000000000e+04,5.120000000000000000e+02,-7.840000000000000000e+02,-1.153000000000000000e+03,-6.220000000000000000e+02,-4.200000000000000000e+01
1.679988674077672243e+09,1.658400000000000000e+04,5.120000000000000000e+02,-7.840000000000000000e+02,-1.153000000000000000e+03,-6.220000000000000000e+02,-4.200000000000000000e+01
1.679988674079944134e+09,1.658400000000000000e+04,5.120000000000000000e+02,-7.840000000000000000e+02,-1.153000000000000000e+03,-6.220000000000000000e+02,-4.200000000000000000e+01
1.679988674080536842e+09,1.658400000000000000e+04,5.120000000000000000e+02,-7.840000000000000000e+02,-1.153000000000000000e+03,-6.220000000000000000e+02,-4.200000000000000000e+01
1.679988674082808018e+09,1.658400000000000000e+04,5.120000000000000000e+02,-7.840000000000000000e+02,-1.153000000000000000e+03,-6.220000000000000000e+02,-4.200000000000000000e+01
1.679988674083425522e+09,1.658400000000000000e+04,5.120000000000000000e+02,-7.840000000000000000e+02,-1.153000000000000000e+03,-6.220000000000000000e+02,-4.200000000000000000e+01
1.679988674085710764e+09,1.658400000000000000e+04,5.120000000000000000e+02,-7.840000000000000000e+02,-1.153000000000000000e+03,-6.220000000000000000e+02,-4.200000000000000000e+01
1.679988674086303949e+09,1.658400000000000000e+04,5.120000000000000000e+02,-7.840000000000000000e+02,-1.153000000000000000e+03,-6.220000000000000000e+02,-4.200000000000000000e+01
1.679988674088564634e+09,1.658400000000000000e+04,5.120000000000000000e+02,-7.840000000000000000e+02,-1.153000000000000000e+03,-6.220000000000000000e+02,-4.200000000000000000e+01
1.679988674089165926e+09,1.658400000000000000e+04,5.120000000000000000e+02,-7.840000000000000000e+02,-1.153000000000000000e+03,-6.220000000000000000e+02,-4.200000000000000000e+01
1.679988674091431141e+09,1.658400000000000000e+04,5.120000000000000000e+02,-7.840000000000000000e+02,-1.153000000000000000e+03,-6.220000000000000000e+02,-4.200000000000000000e+01
1.679988674092025518e+09,1.658400000000000000e+04,5.120000000000000000e+02,-7.840000000000000000e+02,-1.153000000000000000e+03,-6.220000000000000000e+02,-4.200000000000000000e+01
1.679988674094319105e+09,1.658400000000000000e+04,5.120000000000000000e+02,-7.840000000000000000e+02,-1.153000000000000000e+03,-6.220000000000000000e+02,-4.200000000000000000e+01
1.679988674094924450e+09,1.658400000000000000e+04,5.120000000000000000e+02,-7.840000000000000000e+02,-1.153000000000000000e+03,-6.220000000000000000e+02,-4.200000000000000000e+01
1.679988674097234249e+09,1.658400000000000000e+04,5.120000000000000000e+02,-7.840000000000000000e+02,-1.153000000000000000e+03,-6.220000000000000000e+02,-4.200000000000000000e+01
1.679988674097834349e+09,1.658400000000000000e+04,5.120000000000000000e+02,-7.840000000000000000e+02,-1.153000000000000000e+03,-6.220000000000000000e+02,-4.200000000000000000e+01
1.679988674100100517e+09,1.658400000000000000e+04,5.120000000000000000e+02,-7.840000000000000000e+02,-1.153000000000000000e+03,-6.220000000000000000e+02,-4.200000000000000000e+01
1.679988674100718021e+09,1.658400000000000000e+04,5.120000000000000000e+02,-7.840000000000000000e+02,-1.153000000000000000e+03,-6.220000000000000000e+02,-4.200000000000000000e+01
1.679988674102988243e+09,1.658400000000000000e+04,5.120000000000000000e+02,-7.840000000000000000e+02,-1.153000000000000000e+03,-6.220000000000000000e+02,-4.200000000000000000e+01
1.679988674103592634e+09,1.658400000000000000e+04,5.120000000000000000e+02,-7.840000000000000000e+02,-1.153000000000000000e+03,-6.220000000000000000e+02,-4.200000000000000000e+01
1.679988674105873346e+09,1.658400000000000000e+04,5.120000000000000000e+02,-7.840000000000000000e+02,-1.153000000000000000e+03,-6.220000000000000000e+02,-4.200000000000000000e+01
1.679988674106477499e+09,1.658400000000000000e+04,5.120000000000000000e+02,-7.840000000000000000e+02,-1.153000000000000000e+03,-6.220000000000000000e+02,-4.200000000000000000e+01
1.679988674108744860e+09,1.658400000000000000e+04,5.120000000000000000e+02,-7.840000000000000000e+02,-1.153000000000000000e+03,-6.220000000000000000e+02,-4.200000000000000000e+01
1.679988674109339476e+09,1.658400000000000000e+04,5.120000000000000000e+02,-7.840000000000000000e+02,-1.153000000000000000e+03,-6.220000000000000000e+02,-4.200000000000000000e+01
1.679988674111600399e+09,1.658400000000000000e+04,5.120000000000000000e+02,-7.840000000000000000e+02,-1.153000000000000000e+03,-6.220000000000000000e+02,-4.200000000000000000e+01
1.679988674112212896e+09,1.658400000000000000e+04,5.120000000000000000e+02,-7.840000000000000000e+02,-1.153000000000000000e+03,-6.220000000000000000e+02,-4.200000000000000000e+01
1.679988674114475489e+09,1.658400000000000000e+04,5.120000000000000000e+02,-7.840000000000000000e+02,-1.153000000000000000e+03,-6.220000000000000000e+02,-4.200000000000000000e+01
1.679988674115085125e+09,1.658400000000000000e+04,5.120000000000000000e+02,-7.840000000000000000e+02,-1.153000000000000000e+03,-6.220000000000000000e+02,-4.200000000000000000e+01
1.679988674117379189e+09,1.658400000000000000e+04,5.120000000000000000e+02,-7.840000000000000000e+02,-1.153000000000000000e+03,-6.220000000000000000e+02,-4.200000000000000000e+01
1.679988674117990494e+09,1.658400000000000000e+04,5.120000000000000000e+02,-7.840000000000000000e+02,-1.153000000000000000e+03,-6.220000000000000000e+02,-4.200000000000000000e+01
1.679988674120266438e+09,1.658400000000000000e+04,5.120000000000000000e+02,-7.840000000000000000e+02,-1.153000000000000000e+03,-6.220000000000000000e+02,-4.200000000000000000e+01
1.679988674120868444e+09,1.658400000000000000e+04,5.120000000000000000e+02,-7.840000000000000000e+02,-1.153000000000000000e+03,-6.220000000000000000e+02,-4.200000000000000000e+01
1.679988674123127222e+09,1.658400000000000000e+04,5.120000000000000000e+02,-7.840000000000000000e+02,-1.153000000000000000e+03,-6.220000000000000000e+02,-4.200000000000000000e+01
1.679988674123729706e+09,1.658400000000000000e+04,5.120000000000000000e+02,-7.840000000000000000e+02,-1.153000000000000000e+03,-6.220000000000000000e+02,-4.200000000000000000e+01
1.679988674126034260e+09,1.658400000000000000e+04,5.120000000000000000e+02,-7.840000000000000000e+02,-1.153000000000000000e+03,-6.220000000000000000e+02,-4.200000000000000000e+01
1.679988674126631737e+09,1.658400000000000000e+04,5.120000000000000000e+02,-7.840000000000000000e+02,-1.153000000000000000e+03,-6.220000000000000000e+02,-4.200000000000000000e+01
1.679988674128915310e+09,1.658400000000000000e+04,5.120000000000000000e+02,-7.840000000000000000e+02,-1.153000000000000000e+03,-6.220000000000000000e+02,-4.200000000000000000e+01
1.679988674129525900e+09,1.658400000000000000e+04,5.120000000000000000e+02,-7.840000000000000000e+02,-1.153000000000000000e+03,-6.220000000000000000e+02,-4.200000000000000000e+01
1.679988674131789207e+09,1.658400000000000000e+04,5.120000000000000000e+02,-7.840000000000000000e+02,-1.153000000000000000e+03,-6.220000000000000000e+02,-4.200000000000000000e+01
1.679988674132402897e+09,1.658400000000000000e+04,5.120000000000000000e+02,-7.840000000000000000e+02,-1.153000000000000000e+03,-6.220000000000000000e+02,-4.200000000000000000e+01
1.679988674134675980e+09,1.658400000000000000e+04,5.120000000000000000e+02,-7.840000000000000000e+02,-1.153000000000000000e+03,-6.220000000000000000e+02,-4.200000000000000000e+01
1.679988674135290146e+09,1.658400000000000000e+04,5.120000000000000000e+02,-7.840000000000000000e+02,-1.153000000000000000e+03,-6.220000000000000000e+02,-4.200000000000000000e+01
1.679988674137576342e+09,1.658400000000000000e+04,5.120000000000000000e+02,-7.840000000000000000e+02,-1.153000000000000000e+03,-6.220000000000000000e+02,-4.200000000000000000e+01
1.679988674138185978e+09,1.658400000000000000e+04,5.120000000000000000e+02,-7.840000000000000000e+02,-1.153000000000000000e+03,-6.220000000000000000e+02,-4.200000000000000000e+01
1.679988674140440226e+09,1.658400000000000000e+04,5.120000000000000000e+02,-7.840000000000000000e+02,-1.153000000000000000e+03,-6.220000000000000000e+02,-4.200000000000000000e+01
1.679988674141049385e+09,1.658400000000000000e+04,5.120000000000000000e+02,-7.840000000000000000e+02,-1.153000000000000000e+03,-6.220000000000000000e+02,-4.200000000000000000e+01
1.679988674143312216e+09,1.658400000000000000e+04,5.120000000000000000e+02,-7.840000000000000000e+02,-1.153000000000000000e+03,-6.220000000000000000e+02,-4.200000000000000000e+01
1.679988674143914938e+09,1.658400000000000000e+04,5.120000000000000000e+02,-7.840000000000000000e+02,-1.153000000000000000e+03,-6.220000000000000000e+02,-4.200000000000000000e+01
1.679988674146229744e+09,1.658400000000000000e+04,5.120000000000000000e+02,-7.840000000000000000e+02,-1.153000000000000000e+03,-6.220000000000000000e+02,-4.200000000000000000e+01
1.679988674146834373e+09,1.658400000000000000e+04,5.120000000000000000e+02,-7.840000000000000000e+02,-1.153000000000000000e+03,-6.220000000000000000e+02,-4.200000000000000000e+01
1.679988674149104118e+09,1.658400000000000000e+04,5.120000000000000000e+02,-7.840000000000000000e+02,-1.153000000000000000e+03,-6.220000000000000000e+02,-4.200000000000000000e+01
1.679988674149706602e+09,1.658400000000000000e+04,5.120000000000000000e+02,-7.840000000000000000e+02,-1.153000000000000000e+03,-6.220000000000000000e+02,-4.200000000000000000e+01
1.679988674151980877e+09,1.658400000000000000e+04,5.120000000000000000e+02,-7.840000000000000000e+02,-1.153000000000000000e+03,-6.220000000000000000e+02,-4.200000000000000000e+01
1.679988674152585268e+09,1.658400000000000000e+04,5.120000000000000000e+02,-7.840000000000000000e+02,-1.153000000000000000e+03,-6.220000000000000000e+02,-4.200000000000000000e+01
1.679988674154852867e+09,1.658400000000000000e+04,5.120000000000000000e+02,-7.840000000000000000e+02,-1.153000000000000000e+03,-6.220000000000000000e+02,-4.200000000000000000e+01
1.679988674155454636e+09,1.658400000000000000e+04,5.120000000000000000e+02,-7.840000000000000000e+02,-1.153000000000000000e+03,-6.220000000000000000e+02,-4.200000000000000000e+01
1.679988674157754898e+09,1.658400000000000000e+04,5.120000000000000000e+02,-7.840000000000000000e+02,-1.153000000000000000e+03,-6.220000000000000000e+02,-4.200000000000000000e+01
1.679988674158362150e+09,1.658400000000000000e+04,5.120000000000000000e+02,-7.840000000000000000e+02,-1.153000000000000000e+03,-6.220000000000000000e+02,-4.200000000000000000e+01
1.679988674160640717e+09,1.658400000000000000e+04,5.120000000000000000e+02,-7.840000000000000000e+02,-1.153000000000000000e+03,-6.220000000000000000e+02,-4.200000000000000000e+01
1.679988674161241770e+09,1.658400000000000000e+04,5.120000000000000000e+02,-7.840000000000000000e+02,-1.153000000000000000e+03,-6.220000000000000000e+02,-4.200000000000000000e+01
1.679988674163497210e+09,1.658400000000000000e+04,5.120000000000000000e+02,-7.840000000000000000e+02,-1.153000000000000000e+03,-6.220000000000000000e+02,-4.200000000000000000e+01
1.679988674164106846e+09,1.658400000000000000e+04,5.120000000000000000e+02,-7.840000000000000000e+02,-1.153000000000000000e+03,-6.220000000000000000e+02,-4.200000000000000000e+01
1.679988674166322231e+09,1.658400000000000000e+04,5.120000000000000000e+02,-7.840000000000000000e+02,-1.153000000000000000e+03,-6.220000000000000000e+02,-4.200000000000000000e+01
1.679988674166912079e+09,1.658400000000000000e+04,5.120000000000000000e+02,-7.840000000000000000e+02,-1.153000000000000000e+03,-6.220000000000000000e+02,-4.200000000000000000e+01
1.679988674169385910e+09,1.658400000000000000e+04,5.120000000000000000e+02,-7.840000000000000000e+02,-1.153000000000000000e+03,-6.220000000000000000e+02,-4.200000000000000000e+01
1.679988674169984341e+09,1.658400000000000000e+04,5.120000000000000000e+02,-7.840000000000000000e+02,-1.153000000000000000e+03,-6.220000000000000000e+02,-4.200000000000000000e+01
1.679988674172241688e+09,1.658400000000000000e+04,5.120000000000000000e+02,-7.840000000000000000e+02,-1.153000000000000000e+03,-6.220000000000000000e+02,-4.200000000000000000e+01
1.679988674172841549e+09,1.658400000000000000e+04,5.120000000000000000e+02,-7.840000000000000000e+02,-1.153000000000000000e+03,-6.220000000000000000e+02,-4.200000000000000000e+01
1.679988674175105095e+09,1.658400000000000000e+04,5.120000000000000000e+02,-7.840000000000000000e+02,-1.153000000000000000e+03,-6.220000000000000000e+02,-4.200000000000000000e+01
1.679988674175747871e+09,1.658400000000000000e+04,5.120000000000000000e+02,-7.840000000000000000e+02,-1.153000000000000000e+03,-6.220000000000000000e+02,-4.200000000000000000e+01
1.679988674178043365e+09,1.658400000000000000e+04,5.120000000000000000e+02,-7.840000000000000000e+02,-1.153000000000000000e+03,-6.220000000000000000e+02,-4.200000000000000000e+01
1.679988674178653479e+09,1.658400000000000000e+04,5.120000000000000000e+02,-7.840000000000000000e+02,-1.153000000000000000e+03,-6.220000000000000000e+02,-4.200000000000000000e+01
1.679988674180940628e+09,1.658400000000000000e+04,5.120000000000000000e+02,-7.840000000000000000e+02,-1.153000000000000000e+03,-6.220000000000000000e+02,-4.200000000000000000e+01
1.679988674181547165e+09,1.658400000000000000e+04,5.120000000000000000e+02,-7.840000000000000000e+02,-1.153000000000000000e+03,-6.220000000000000000e+02,-4.200000000000000000e+01
1.679988674183838367e+09,1.658400000000000000e+04,5.120000000000000000e+02,-7.840000000000000000e+02,-1.153000000000000000e+03,-6.220000000000000000e+02,-4.200000000000000000e+01
1.679988674184444427e+09,1.658400000000000000e+04,5.120000000000000000e+02,-7.840000000000000000e+02,-1.153000000000000000e+03,-6.220000000000000000e+02,-4.200000000000000000e+01
1.679988674186747789e+09,1.658400000000000000e+04,5.120000000000000000e+02,-7.840000000000000000e+02,-1.153000000000000000e+03,-6.220000000000000000e+02,-4.200000000000000000e+01
1.679988674187356949e+09,1.658400000000000000e+04,5.120000000000000000e+02,-7.840000000000000000e+02,-1.153000000000000000e+03,-6.220000000000000000e+02,-4.200000000000000000e+01
1.679988674189639330e+09,1.658400000000000000e+04,5.120000000000000000e+02,-7.840000000000000000e+02,-1.153000000000000000e+03,-6.220000000000000000e+02,-4.200000000000000000e+01
1.679988674190255165e+09,1.658400000000000000e+04,5.120000000000000000e+02,-7.840000000000000000e+02,-1.153000000000000000e+03,-6.220000000000000000e+02,-4.200000000000000000e+01
1.679988674192529917e+09,1.658400000000000000e+04,5.120000000000000000e+02,-7.840000000000000000e+02,-1.153000000000000000e+03,-6.220000000000000000e+02,-4.200000000000000000e+01
1.679988674193147898e+09,1.658400000000000000e+04,5.120000000000000000e+02,-7.840000000000000000e+02,-1.153000000000000000e+03,-6.220000000000000000e+02,-4.200000000000000000e+01
1.679988674195430756e+09,1.658400000000000000e+04,5.120000000000000000e+02,-7.840000000000000000e+02,-1.153000000000000000e+03,-6.220000000000000000e+02,-4.200000000000000000e+01
1.679988674196062326e+09,1.658400000000000000e+04,5.120000000000000000e+02,-7.840000000000000000e+02,-1.153000000000000000e+03,-6.220000000000000000e+02,-4.200000000000000000e+01
1.679988674198335171e+09,1.658400000000000000e+04,5.120000000000000000e+02,-7.840000000000000000e+02,-1.153000000000000000e+03,-6.220000000000000000e+02,-4.200000000000000000e+01
1.679988674198944092e+09,1.658400000000000000e+04,5.120000000000000000e+02,-7.840000000000000000e+02,-1.153000000000000000e+03,-6.220000000000000000e+02,-4.200000000000000000e+01
1.679988674201235056e+09,1.658400000000000000e+04,5.120000000000000000e+02,-7.840000000000000000e+02,-1.153000000000000000e+03,-6.220000000000000000e+02,-4.200000000000000000e+01
1.679988674201845169e+09,1.658400000000000000e+04,5.120000000000000000e+02,-7.840000000000000000e+02,-1.153000000000000000e+03,-6.220000000000000000e+02,-4.200000000000000000e+01
1.679988674204148531e+09,1.658400000000000000e+04,5.120000000000000000e+02,-7.840000000000000000e+02,-1.153000000000000000e+03,-6.220000000000000000e+02,-4.200000000000000000e+01
1.679988674204748869e+09,1.658400000000000000e+04,5.120000000000000000e+02,-7.840000000000000000e+02,-1.153000000000000000e+03,-6.220000000000000000e+02,-4.200000000000000000e+01
1.679988674207086325e+09,1.658400000000000000e+04,5.120000000000000000e+02,-7.840000000000000000e+02,-1.153000000000000000e+03,-6.220000000000000000e+02,-4.200000000000000000e+01
1.679988674207696438e+09,1.658400000000000000e+04,5.120000000000000000e+02,-7.840000000000000000e+02,-1.153000000000000000e+03,-6.220000000000000000e+02,-4.200000000000000000e+01
1.679988674210000753e+09,1.658400000000000000e+04,5.120000000000000000e+02,-7.840000000000000000e+02,-1.153000000000000000e+03,-6.220000000000000000e+02,-4.200000000000000000e+01
1.679988674210618734e+09,1.658400000000000000e+04,5.120000000000000000e+02,-7.840000000000000000e+02,-1.153000000000000000e+03,-6.220000000000000000e+02,-4.200000000000000000e+01
1.679988674212905884e+09,1.658400000000000000e+04,5.120000000000000000e+02,-7.840000000000000000e+02,-1.153000000000000000e+03,-6.220000000000000000e+02,-4.200000000000000000e+01
1.679988674213511705e+09,1.658400000000000000e+04,5.120000000000000000e+02,-7.840000000000000000e+02,-1.153000000000000000e+03,-6.220000000000000000e+02,-4.200000000000000000e+01
1.679988674215853453e+09,1.658400000000000000e+04,5.120000000000000000e+02,-7.840000000000000000e+02,-1.153000000000000000e+03,-6.220000000000000000e+02,-4.200000000000000000e+01
1.679988674216463804e+09,1.658400000000000000e+04,5.120000000000000000e+02,-7.840000000000000000e+02,-1.153000000000000000e+03,-6.220000000000000000e+02,-4.200000000000000000e+01
1.679988674218743801e+09,1.658400000000000000e+04,5.120000000000000000e+02,-7.840000000000000000e+02,-1.153000000000000000e+03,-6.220000000000000000e+02,-4.200000000000000000e+01
1.679988674219357252e+09,1.658400000000000000e+04,5.120000000000000000e+02,-7.840000000000000000e+02,-1.153000000000000000e+03,-6.220000000000000000e+02,-4.200000000000000000e+01
1.679988674221656322e+09,1.658400000000000000e+04,5.120000000000000000e+02,-7.840000000000000000e+02,-1.153000000000000000e+03,-6.220000000000000000e+02,-4.200000000000000000e+01
1.679988674222277403e+09,1.658400000000000000e+04,5.120000000000000000e+02,-7.840000000000000000e+02,-1.153000000000000000e+03,-6.220000000000000000e+02,-4.200000000000000000e+01
1.679988674224548578e+09,1.658400000000000000e+04,5.120000000000000000e+02,-7.840000000000000000e+02,-1.153000000000000000e+03,-6.220000000000000000e+02,-4.200000000000000000e+01
1.679988674225157976e+09,1.658400000000000000e+04,5.120000000000000000e+02,-7.840000000000000000e+02,-1.153000000000000000e+03,-6.220000000000000000e+02,-4.200000000000000000e+01
1.679988674227483988e+09,1.658400000000000000e+04,5.120000000000000000e+02,-7.840000000000000000e+02,-1.153000000000000000e+03,-6.220000000000000000e+02,-4.200000000000000000e+01
1.679988674228095770e+09,1.658400000000000000e+04,5.120000000000000000e+02,-7.840000000000000000e+02,-1.153000000000000000e+03,-6.220000000000000000e+02,-4.200000000000000000e+01
1.679988674230395794e+09,1.658400000000000000e+04,5.120000000000000000e+02,-7.840000000000000000e+02,-1.153000000000000000e+03,-6.220000000000000000e+02,-4.200000000000000000e+01
1.679988674231009960e+09,1.658400000000000000e+04,5.120000000000000000e+02,-7.840000000000000000e+02,-1.153000000000000000e+03,-6.220000000000000000e+02,-4.200000000000000000e+01
1.679988674233290911e+09,1.658400000000000000e+04,5.120000000000000000e+02,-7.840000000000000000e+02,-1.153000000000000000e+03,-6.220000000000000000e+02,-4.200000000000000000e+01
1.679988674233903646e+09,1.658400000000000000e+04,5.120000000000000000e+02,-7.840000000000000000e+02,-1.153000000000000000e+03,-6.220000000000000000e+02,-4.200000000000000000e+01
1.679988674236247301e+09,1.658400000000000000e+04,5.120000000000000000e+02,-7.840000000000000000e+02,-1.153000000000000000e+03,-6.220000000000000000e+02,-4.200000000000000000e+01
1.679988674236847639e+09,1.658400000000000000e+04,5.120000000000000000e+02,-7.840000000000000000e+02,-1.153000000000000000e+03,-6.220000000000000000e+02,-4.200000000000000000e+01
1.679988674239144802e+09,1.658400000000000000e+04,5.120000000000000000e+02,-7.840000000000000000e+02,-1.153000000000000000e+03,-6.220000000000000000e+02,-4.200000000000000000e+01
1.679988674239756346e+09,1.658400000000000000e+04,5.120000000000000000e+02,-7.840000000000000000e+02,-1.153000000000000000e+03,-6.220000000000000000e+02,-4.200000000000000000e+01
1.679988674242037296e+09,1.658400000000000000e+04,5.120000000000000000e+02,-7.840000000000000000e+02,-1.153000000000000000e+03,-6.220000000000000000e+02,-4.200000000000000000e+01
1.679988674242648125e+09,1.658400000000000000e+04,5.120000000000000000e+02,-7.840000000000000000e+02,-1.153000000000000000e+03,-6.220000000000000000e+02,-4.200000000000000000e+01
1.679988674244927168e+09,1.658400000000000000e+04,5.120000000000000000e+02,-7.840000000000000000e+02,-1.153000000000000000e+03,-6.220000000000000000e+02,-4.200000000000000000e+01
1.679988674245579481e+09,1.658400000000000000e+04,5.120000000000000000e+02,-7.840000000000000000e+02,-1.153000000000000000e+03,-6.220000000000000000e+02,-4.200000000000000000e+01
1.679988674247859240e+09,1.658400000000000000e+04,5.120000000000000000e+02,-7.840000000000000000e+02,-1.153000000000000000e+03,-6.220000000000000000e+02,-4.200000000000000000e+01
1.679988674248461246e+09,1.658400000000000000e+04,5.120000000000000000e+02,-7.840000000000000000e+02,-1.153000000000000000e+03,-6.220000000000000000e+02,-4.200000000000000000e+01
1.679988674250777960e+09,1.658400000000000000e+04,5.120000000000000000e+02,-7.840000000000000000e+02,-1.153000000000000000e+03,-6.220000000000000000e+02,-4.200000000000000000e+01
1.679988674251394510e+09,1.658400000000000000e+04,5.120000000000000000e+02,-7.840000000000000000e+02,-1.153000000000000000e+03,-6.220000000000000000e+02,-4.200000000000000000e+01
1.679988674253670931e+09,1.658400000000000000e+04,5.120000000000000000e+02,-7.840000000000000000e+02,-1.153000000000000000e+03,-6.220000000000000000e+02,-4.200000000000000000e+01
1.679988674254284382e+09,1.658400000000000000e+04,5.120000000000000000e+02,-7.840000000000000000e+02,-1.153000000000000000e+03,-6.220000000000000000e+02,-4.200000000000000000e+01
1.679988674256612062e+09,1.658400000000000000e+04,5.120000000000000000e+02,-7.840000000000000000e+02,-1.153000000000000000e+03,-6.220000000000000000e+02,-4.200000000000000000e+01
1.679988674257241964e+09,1.658400000000000000e+04,5.120000000000000000e+02,-7.840000000000000000e+02,-1.153000000000000000e+03,-6.220000000000000000e+02,-4.200000000000000000e+01
1.679988674259463310e+09,1.658400000000000000e+04,5.120000000000000000e+02,-7.840000000000000000e+02,-1.153000000000000000e+03,-6.220000000000000000e+02,-4.200000000000000000e+01
1.679988674260085821e+09,1.658400000000000000e+04,5.120000000000000000e+02,-7.840000000000000000e+02,-1.153000000000000000e+03,-6.220000000000000000e+02,-4.200000000000000000e+01
1.679988674262406111e+09,1.658400000000000000e+04,5.120000000000000000e+02,-7.840000000000000000e+02,-1.153000000000000000e+03,-6.220000000000000000e+02,-4.200000000000000000e+01
1.679988674263027191e+09,1.658400000000000000e+04,5.120000000000000000e+02,-7.840000000000000000e+02,-1.153000000000000000e+03,-6.220000000000000000e+02,-4.200000000000000000e+01
1.679988674265311003e+09,1.658400000000000000e+04,5.120000000000000000e+02,-7.840000000000000000e+02,-1.153000000000000000e+03,-6.220000000000000000e+02,-4.200000000000000000e+01
1.679988674266802788e+09,1.658400000000000000e+04,5.120000000000000000e+02,-7.840000000000000000e+02,-1.153000000000000000e+03,-6.220000000000000000e+02,-4.200000000000000000e+01
1.679988674269164324e+09,1.658400000000000000e+04,5.120000000000000000e+02,-7.840000000000000000e+02,-1.153000000000000000e+03,-6.220000000000000000e+02,-4.200000000000000000e+01
1.679988674270063639e+09,1.658400000000000000e+04,5.120000000000000000e+02,-7.840000000000000000e+02,-1.153000000000000000e+03,-6.220000000000000000e+02,-4.200000000000000000e+01
1.679988674273868084e+09,1.658400000000000000e+04,5.120000000000000000e+02,-7.840000000000000000e+02,-1.153000000000000000e+03,-6.220000000000000000e+02,-4.200000000000000000e+01
1.679988674274932384e+09,1.658400000000000000e+04,5.120000000000000000e+02,-7.840000000000000000e+02,-1.153000000000000000e+03,-6.220000000000000000e+02,-4.200000000000000000e+01
1.679988674276913881e+09,1.658400000000000000e+04,5.120000000000000000e+02,-7.840000000000000000e+02,-1.153000000000000000e+03,-6.220000000000000000e+02,-4.200000000000000000e+01
1.679988674277898550e+09,1.658400000000000000e+04,5.120000000000000000e+02,-7.840000000000000000e+02,-1.153000000000000000e+03,-6.220000000000000000e+02,-4.200000000000000000e+01
1.679988674280043602e+09,1.658400000000000000e+04,5.120000000000000000e+02,-7.840000000000000000e+02,-1.153000000000000000e+03,-6.220000000000000000e+02,-4.200000000000000000e+01
1.679988674281499624e+09,1.658400000000000000e+04,5.120000000000000000e+02,-7.840000000000000000e+02,-1.153000000000000000e+03,-6.220000000000000000e+02,-4.200000000000000000e+01
1.679988674283487082e+09,1.658400000000000000e+04,5.120000000000000000e+02,-7.840000000000000000e+02,-1.153000000000000000e+03,-6.220000000000000000e+02,-4.200000000000000000e+01
1.679988674284428835e+09,1.658400000000000000e+04,5.120000000000000000e+02,-7.840000000000000000e+02,-1.153000000000000000e+03,-6.220000000000000000e+02,-4.200000000000000000e+01
1.679988674286393166e+09,1.658400000000000000e+04,5.120000000000000000e+02,-7.840000000000000000e+02,-1.153000000000000000e+03,-6.220000000000000000e+02,-4.200000000000000000e+01
1.679988674287459135e+09,1.658400000000000000e+04,5.120000000000000000e+02,-7.840000000000000000e+02,-1.153000000000000000e+03,-6.220000000000000000e+02,-4.200000000000000000e+01
1.679988674289380312e+09,1.658400000000000000e+04,5.120000000000000000e+02,-7.840000000000000000e+02,-1.153000000000000000e+03,-6.220000000000000000e+02,-4.200000000000000000e+01
1.679988674290423870e+09,1.658400000000000000e+04,5.120000000000000000e+02,-7.840000000000000000e+02,-1.153000000000000000e+03,-6.220000000000000000e+02,-4.200000000000000000e+01
1.679988674292409897e+09,1.658400000000000000e+04,5.120000000000000000e+02,-7.840000000000000000e+02,-1.153000000000000000e+03,-6.220000000000000000e+02,-4.200000000000000000e+01
1.679988674293426991e+09,1.658400000000000000e+04,5.120000000000000000e+02,-7.840000000000000000e+02,-1.153000000000000000e+03,-6.220000000000000000e+02,-4.200000000000000000e+01
1.679988674295361519e+09,1.658400000000000000e+04,5.120000000000000000e+02,-7.840000000000000000e+02,-1.153000000000000000e+03,-6.220000000000000000e+02,-4.200000000000000000e+01
1.679988674296417713e+09,1.658400000000000000e+04,5.120000000000000000e+02,-7.840000000000000000e+02,-1.153000000000000000e+03,-6.220000000000000000e+02,-4.200000000000000000e+01
1.679988674298339844e+09,1.658400000000000000e+04,5.120000000000000000e+02,-7.840000000000000000e+02,-1.153000000000000000e+03,-6.220000000000000000e+02,-4.200000000000000000e+01
1.679988674299398899e+09,1.658400000000000000e+04,5.120000000000000000e+02,-7.840000000000000000e+02,-1.153000000000000000e+03,-6.220000000000000000e+02,-4.200000000000000000e+01
1.679988674301364183e+09,1.658400000000000000e+04,5.120000000000000000e+02,-7.840000000000000000e+02,-1.153000000000000000e+03,-6.220000000000000000e+02,-4.200000000000000000e+01
1.679988674302375317e+09,1.658400000000000000e+04,5.120000000000000000e+02,-7.840000000000000000e+02,-1.153000000000000000e+03,-6.220000000000000000e+02,-4.200000000000000000e+01
1.679988674304291487e+09,1.658400000000000000e+04,5.120000000000000000e+02,-7.840000000000000000e+02,-1.153000000000000000e+03,-6.220000000000000000e+02,-4.200000000000000000e+01
1.679988674305390120e+09,1.658400000000000000e+04,5.120000000000000000e+02,-7.840000000000000000e+02,-1.153000000000000000e+03,-6.220000000000000000e+02,-4.200000000000000000e+01
1.679988674307399750e+09,1.658400000000000000e+04,5.120000000000000000e+02,-7.840000000000000000e+02,-1.153000000000000000e+03,-6.220000000000000000e+02,-4.200000000000000000e+01
1.679988674308533907e+09,1.658400000000000000e+04,5.120000000000000000e+02,-7.840000000000000000e+02,-1.153000000000000000e+03,-6.220000000000000000e+02,-4.200000000000000000e+01
1.679988674310989141e+09,1.658400000000000000e+04,5.120000000000000000e+02,-7.840000000000000000e+02,-1.153000000000000000e+03,-6.220000000000000000e+02,-4.200000000000000000e+01
1.679988674311619043e+09,1.658400000000000000e+04,5.120000000000000000e+02,-7.840000000000000000e+02,-1.153000000000000000e+03,-6.220000000000000000e+02,-4.200000000000000000e+01
1.679988674313905716e+09,1.658400000000000000e+04,5.120000000000000000e+02,-7.840000000000000000e+02,-1.153000000000000000e+03,-6.220000000000000000e+02,-4.200000000000000000e+01
1.679988674314520359e+09,1.658400000000000000e+04,5.120000000000000000e+02,-7.840000000000000000e+02,-1.153000000000000000e+03,-6.220000000000000000e+02,-4.200000000000000000e+01
1.679988674316874266e+09,1.658400000000000000e+04,5.120000000000000000e+02,-7.840000000000000000e+02,-1.153000000000000000e+03,-6.220000000000000000e+02,-4.200000000000000000e+01
1.679988674317533970e+09,1.658400000000000000e+04,5.120000000000000000e+02,-7.840000000000000000e+02,-1.153000000000000000e+03,-6.220000000000000000e+02,-4.200000000000000000e+01
1.679988674319727421e+09,1.658400000000000000e+04,5.120000000000000000e+02,-7.840000000000000000e+02,-1.153000000000000000e+03,-6.220000000000000000e+02,-4.200000000000000000e+01
1.679988674320330858e+09,1.658400000000000000e+04,5.120000000000000000e+02,-7.840000000000000000e+02,-1.153000000000000000e+03,-6.220000000000000000e+02,-4.200000000000000000e+01
1.679988674322821140e+09,1.658400000000000000e+04,5.120000000000000000e+02,-7.840000000000000000e+02,-1.153000000000000000e+03,-6.220000000000000000e+02,-4.200000000000000000e+01
1.679988674323450804e+09,1.658400000000000000e+04,5.120000000000000000e+02,-7.840000000000000000e+02,-1.153000000000000000e+03,-6.220000000000000000e+02,-4.200000000000000000e+01
1.679988674325783014e+09,1.658400000000000000e+04,5.120000000000000000e+02,-7.840000000000000000e+02,-1.153000000000000000e+03,-6.220000000000000000e+02,-4.200000000000000000e+01
1.679988674326448441e+09,1.658400000000000000e+04,5.120000000000000000e+02,-7.840000000000000000e+02,-1.153000000000000000e+03,-6.220000000000000000e+02,-4.200000000000000000e+01
1.679988674328729868e+09,1.658400000000000000e+04,5.120000000000000000e+02,-7.840000000000000000e+02,-1.153000000000000000e+03,-6.220000000000000000e+02,-4.200000000000000000e+01
1.679988674329347372e+09,1.658400000000000000e+04,5.120000000000000000e+02,-7.840000000000000000e+02,-1.153000000000000000e+03,-6.220000000000000000e+02,-4.200000000000000000e+01
1.679988674331659555e+09,1.658400000000000000e+04,5.120000000000000000e+02,-7.840000000000000000e+02,-1.153000000000000000e+03,-6.220000000000000000e+02,-4.200000000000000000e+01
1.679988674332274675e+09,1.658400000000000000e+04,5.120000000000000000e+02,-7.840000000000000000e+02,-1.153000000000000000e+03,-6.220000000000000000e+02,-4.200000000000000000e+01
1.679988674334762096e+09,1.658400000000000000e+04,5.120000000000000000e+02,-7.840000000000000000e+02,-1.153000000000000000e+03,-6.220000000000000000e+02,-4.200000000000000000e+01
1.679988674335403919e+09,1.658400000000000000e+04,5.120000000000000000e+02,-7.840000000000000000e+02,-1.153000000000000000e+03,-6.220000000000000000e+02,-4.200000000000000000e+01
1.679988674337620497e+09,1.658400000000000000e+04,5.120000000000000000e+02,-7.840000000000000000e+02,-1.153000000000000000e+03,-6.220000000000000000e+02,-4.200000000000000000e+01
1.679988674338272810e+09,1.658400000000000000e+04,5.120000000000000000e+02,-7.840000000000000000e+02,-1.153000000000000000e+03,-6.220000000000000000e+02,-4.200000000000000000e+01
1.679988674340485573e+09,1.658400000000000000e+04,5.120000000000000000e+02,-7.840000000000000000e+02,-1.153000000000000000e+03,-6.220000000000000000e+02,-4.200000000000000000e+01
1.679988674341132641e+09,1.658400000000000000e+04,5.120000000000000000e+02,-7.840000000000000000e+02,-1.153000000000000000e+03,-6.220000000000000000e+02,-4.200000000000000000e+01
1.679988674343584061e+09,1.658400000000000000e+04,5.120000000000000000e+02,-7.840000000000000000e+02,-1.153000000000000000e+03,-6.220000000000000000e+02,-4.200000000000000000e+01
1.679988674344233990e+09,1.658400000000000000e+04,5.120000000000000000e+02,-7.840000000000000000e+02,-1.153000000000000000e+03,-6.220000000000000000e+02,-4.200000000000000000e+01
1.679988674346456289e+09,1.658400000000000000e+04,5.120000000000000000e+02,-7.840000000000000000e+02,-1.153000000000000000e+03,-6.220000000000000000e+02,-4.200000000000000000e+01
1.679988674347113132e+09,1.658400000000000000e+04,5.120000000000000000e+02,-7.840000000000000000e+02,-1.153000000000000000e+03,-6.220000000000000000e+02,-4.200000000000000000e+01
1.679988674349303007e+09,1.658400000000000000e+04,5.120000000000000000e+02,-7.840000000000000000e+02,-1.153000000000000000e+03,-6.220000000000000000e+02,-4.200000000000000000e+01
1.679988674349935532e+09,1.658400000000000000e+04,5.120000000000000000e+02,-7.840000000000000000e+02,-1.153000000000000000e+03,-6.220000000000000000e+02,-4.200000000000000000e+01
1.679988674352242708e+09,1.658400000000000000e+04,5.120000000000000000e+02,-7.840000000000000000e+02,-1.153000000000000000e+03,-6.220000000000000000e+02,-4.200000000000000000e+01
1.679988674352902651e+09,1.658400000000000000e+04,5.120000000000000000e+02,-7.840000000000000000e+02,-1.153000000000000000e+03,-6.220000000000000000e+02,-4.200000000000000000e+01
1.679988674355172634e+09,1.658400000000000000e+04,5.120000000000000000e+02,-7.840000000000000000e+02,-1.153000000000000000e+03,-6.220000000000000000e+02,-4.200000000000000000e+01
1.679988674355831623e+09,1.658400000000000000e+04,5.120000000000000000e+02,-7.840000000000000000e+02,-1.153000000000000000e+03,-6.220000000000000000e+02,-4.200000000000000000e+01
1.679988674358137369e+09,1.658400000000000000e+04,5.120000000000000000e+02,-7.840000000000000000e+02,-1.153000000000000000e+03,-6.220000000000000000e+02,-4.200000000000000000e+01
1.679988674358766556e+09,1.658400000000000000e+04,5.120000000000000000e+02,-7.840000000000000000e+02,-1.153000000000000000e+03,-6.220000000000000000e+02,-4.200000000000000000e+01
1.679988674361588240e+09,1.658400000000000000e+04,5.120000000000000000e+02,-7.840000000000000000e+02,-1.153000000000000000e+03,-6.220000000000000000e+02,-4.200000000000000000e+01
1.679988674362268686e+09,1.658400000000000000e+04,5.120000000000000000e+02,-7.840000000000000000e+02,-1.153000000000000000e+03,-6.220000000000000000e+02,-4.200000000000000000e+01
1.679988674364394903e+09,1.658400000000000000e+04,5.120000000000000000e+02,-7.840000000000000000e+02,-1.153000000000000000e+03,-6.220000000000000000e+02,-4.200000000000000000e+01
1.679988674365135193e+09,1.658400000000000000e+04,5.120000000000000000e+02,-7.840000000000000000e+02,-1.153000000000000000e+03,-6.220000000000000000e+02,-4.200000000000000000e+01
1.679988674367371798e+09,1.658400000000000000e+04,5.120000000000000000e+02,-7.840000000000000000e+02,-1.153000000000000000e+03,-6.220000000000000000e+02,-4.200000000000000000e+01
1.679988674368129730e+09,1.658400000000000000e+04,5.120000000000000000e+02,-7.840000000000000000e+02,-1.153000000000000000e+03,-6.220000000000000000e+02,-4.200000000000000000e+01
1.679988674370360613e+09,1.658400000000000000e+04,5.120000000000000000e+02,-7.840000000000000000e+02,-1.153000000000000000e+03,-6.220000000000000000e+02,-4.200000000000000000e+01
1.679988674371135712e+09,1.658400000000000000e+04,5.120000000000000000e+02,-7.840000000000000000e+02,-1.153000000000000000e+03,-6.220000000000000000e+02,-4.200000000000000000e+01
1.679988674373362780e+09,1.658400000000000000e+04,5.120000000000000000e+02,-7.840000000000000000e+02,-1.153000000000000000e+03,-6.220000000000000000e+02,-4.200000000000000000e+01
1.679988674374144554e+09,1.658400000000000000e+04,5.120000000000000000e+02,-7.840000000000000000e+02,-1.153000000000000000e+03,-6.220000000000000000e+02,-4.200000000000000000e+01
1.679988674376397133e+09,1.658400000000000000e+04,5.120000000000000000e+02,-7.840000000000000000e+02,-1.153000000000000000e+03,-6.220000000000000000e+02,-4.200000000000000000e+01
1.679988674377200603e+09,1.658400000000000000e+04,5.120000000000000000e+02,-7.840000000000000000e+02,-1.153000000000000000e+03,-6.220000000000000000e+02,-4.200000000000000000e+01
1.679988674379332781e+09,1.658400000000000000e+04,5.120000000000000000e+02,-7.840000000000000000e+02,-1.153000000000000000e+03,-6.220000000000000000e+02,-4.200000000000000000e+01
1.679988674380128622e+09,1.658400000000000000e+04,5.120000000000000000e+02,-7.840000000000000000e+02,-1.153000000000000000e+03,-6.220000000000000000e+02,-4.200000000000000000e+01
1.679988674382288456e+09,1.658400000000000000e+04,5.120000000000000000e+02,-7.840000000000000000e+02,-1.153000000000000000e+03,-6.220000000000000000e+02,-4.200000000000000000e+01
1.679988674383083820e+09,1.658400000000000000e+04,5.120000000000000000e+02,-7.840000000000000000e+02,-1.153000000000000000e+03,-6.220000000000000000e+02,-4.200000000000000000e+01
1.679988674385208607e+09,1.658400000000000000e+04,5.120000000000000000e+02,-7.840000000000000000e+02,-1.153000000000000000e+03,-6.220000000000000000e+02,-4.200000000000000000e+01
1.679988674386041164e+09,1.658400000000000000e+04,5.120000000000000000e+02,-7.840000000000000000e+02,-1.153000000000000000e+03,-6.220000000000000000e+02,-4.200000000000000000e+01
1.679988674388209343e+09,1.658400000000000000e+04,5.120000000000000000e+02,-7.840000000000000000e+02,-1.153000000000000000e+03,-6.220000000000000000e+02,-4.200000000000000000e+01
1.679988674389007092e+09,1.658400000000000000e+04,5.120000000000000000e+02,-7.840000000000000000e+02,-1.153000000000000000e+03,-6.220000000000000000e+02,-4.200000000000000000e+01
1.679988674391150236e+09,1.658400000000000000e+04,5.120000000000000000e+02,-7.840000000000000000e+02,-1.153000000000000000e+03,-6.220000000000000000e+02,-4.200000000000000000e+01
1.679988674391936779e+09,1.658400000000000000e+04,5.120000000000000000e+02,-7.840000000000000000e+02,-1.153000000000000000e+03,-6.220000000000000000e+02,-4.200000000000000000e+01
1.679988674394102812e+09,1.658400000000000000e+04,5.120000000000000000e+02,-7.840000000000000000e+02,-1.153000000000000000e+03,-6.220000000000000000e+02,-4.200000000000000000e+01
1.679988674394886732e+09,1.658400000000000000e+04,5.120000000000000000e+02,-7.840000000000000000e+02,-1.153000000000000000e+03,-6.220000000000000000e+02,-4.200000000000000000e+01
1.679988674397064686e+09,1.658400000000000000e+04,5.120000000000000000e+02,-7.840000000000000000e+02,-1.153000000000000000e+03,-6.220000000000000000e+02,-4.200000000000000000e+01
1.679988674397850037e+09,1.658400000000000000e+04,5.120000000000000000e+02,-7.840000000000000000e+02,-1.153000000000000000e+03,-6.220000000000000000e+02,-4.200000000000000000e+01
1.679988674400002003e+09,1.658400000000000000e+04,5.120000000000000000e+02,-7.840000000000000000e+02,-1.153000000000000000e+03,-6.220000000000000000e+02,-4.200000000000000000e+01
1.679988674400788546e+09,1.658400000000000000e+04,5.120000000000000000e+02,-7.840000000000000000e+02,-1.153000000000000000e+03,-6.220000000000000000e+02,-4.200000000000000000e+01
1.679988674402938366e+09,1.658400000000000000e+04,5.120000000000000000e+02,-7.840000000000000000e+02,-1.153000000000000000e+03,-6.220000000000000000e+02,-4.200000000000000000e+01
1.679988674403728724e+09,1.658400000000000000e+04,5.120000000000000000e+02,-7.840000000000000000e+02,-1.153000000000000000e+03,-6.220000000000000000e+02,-4.200000000000000000e+01
1.679988674405940771e+09,1.658400000000000000e+04,5.120000000000000000e+02,-7.840000000000000000e+02,-1.153000000000000000e+03,-6.220000000000000000e+02,-4.200000000000000000e+01
1.679988674406719446e+09,1.658400000000000000e+04,5.120000000000000000e+02,-7.840000000000000000e+02,-1.153000000000000000e+03,-6.220000000000000000e+02,-4.200000000000000000e+01
1.679988674408866167e+09,1.658400000000000000e+04,5.120000000000000000e+02,-7.840000000000000000e+02,-1.153000000000000000e+03,-6.220000000000000000e+02,-4.200000000000000000e+01
1.679988674409655094e+09,1.658400000000000000e+04,5.120000000000000000e+02,-7.840000000000000000e+02,-1.153000000000000000e+03,-6.220000000000000000e+02,-4.200000000000000000e+01
1.679988674411818027e+09,1.658400000000000000e+04,5.120000000000000000e+02,-7.840000000000000000e+02,-1.153000000000000000e+03,-6.220000000000000000e+02,-4.200000000000000000e+01
1.679988674412625551e+09,1.658400000000000000e+04,5.120000000000000000e+02,-7.840000000000000000e+02,-1.153000000000000000e+03,-6.220000000000000000e+02,-4.200000000000000000e+01
1.679988674414790392e+09,1.658400000000000000e+04,5.120000000000000000e+02,-7.840000000000000000e+02,-1.153000000000000000e+03,-6.220000000000000000e+02,-4.200000000000000000e+01
1.679988674415616035e+09,1.658400000000000000e+04,5.120000000000000000e+02,-7.840000000000000000e+02,-1.153000000000000000e+03,-6.220000000000000000e+02,-4.200000000000000000e+01
1.679988674417770386e+09,1.658400000000000000e+04,5.120000000000000000e+02,-7.840000000000000000e+02,-1.153000000000000000e+03,-6.220000000000000000e+02,-4.200000000000000000e+01
1.679988674418572187e+09,1.658400000000000000e+04,5.120000000000000000e+02,-7.840000000000000000e+02,-1.153000000000000000e+03,-6.220000000000000000e+02,-4.200000000000000000e+01
1.679988674420724154e+09,1.658400000000000000e+04,5.120000000000000000e+02,-7.840000000000000000e+02,-1.153000000000000000e+03,-6.220000000000000000e+02,-4.200000000000000000e+01
1.679988674421513796e+09,1.658400000000000000e+04,5.120000000000000000e+02,-7.840000000000000000e+02,-1.153000000000000000e+03,-6.220000000000000000e+02,-4.200000000000000000e+01
1.679988674423683167e+09,1.658400000000000000e+04,5.120000000000000000e+02,-7.840000000000000000e+02,-1.153000000000000000e+03,-6.220000000000000000e+02,-4.200000000000000000e+01
1.679988674424475908e+09,1.658400000000000000e+04,5.120000000000000000e+02,-7.840000000000000000e+02,-1.153000000000000000e+03,-6.220000000000000000e+02,-4.200000000000000000e+01
1.679988674426655531e+09,1.658400000000000000e+04,5.120000000000000000e+02,-7.840000000000000000e+02,-1.153000000000000000e+03,-6.220000000000000000e+02,-4.200000000000000000e+01
1.679988674427454472e+09,1.658400000000000000e+04,5.120000000000000000e+02,-7.840000000000000000e+02,-1.153000000000000000e+03,-6.220000000000000000e+02,-4.200000000000000000e+01
1.679988674429588079e+09,1.658400000000000000e+04,5.120000000000000000e+02,-7.840000000000000000e+02,-1.153000000000000000e+03,-6.220000000000000000e+02,-4.200000000000000000e+01
1.679988674430391788e+09,1.658400000000000000e+04,5.120000000000000000e+02,-7.840000000000000000e+02,-1.153000000000000000e+03,-6.220000000000000000e+02,-4.200000000000000000e+01
1.679988674432554245e+09,1.658400000000000000e+04,5.120000000000000000e+02,-7.840000000000000000e+02,-1.153000000000000000e+03,-6.220000000000000000e+02,-4.200000000000000000e+01
1.679988674433352947e+09,1.658400000000000000e+04,5.120000000000000000e+02,-7.840000000000000000e+02,-1.153000000000000000e+03,-6.220000000000000000e+02,-4.200000000000000000e+01
1.679988674435555220e+09,1.658400000000000000e+04,5.120000000000000000e+02,-7.840000000000000000e+02,-1.153000000000000000e+03,-6.220000000000000000e+02,-4.200000000000000000e+01
1.679988674436334610e+09,1.658400000000000000e+04,5.120000000000000000e+02,-7.840000000000000000e+02,-1.153000000000000000e+03,-6.220000000000000000e+02,-4.200000000000000000e+01
1.679988674438515186e+09,1.658400000000000000e+04,5.120000000000000000e+02,-7.840000000000000000e+02,-1.153000000000000000e+03,-6.220000000000000000e+02,-4.200000000000000000e+01
1.679988674439312935e+09,1.658400000000000000e+04,5.120000000000000000e+02,-7.840000000000000000e+02,-1.153000000000000000e+03,-6.220000000000000000e+02,-4.200000000000000000e+01
1.679988674441483259e+09,1.658400000000000000e+04,5.120000000000000000e+02,-7.840000000000000000e+02,-1.153000000000000000e+03,-6.220000000000000000e+02,-4.200000000000000000e+01
1.679988674442283630e+09,1.658400000000000000e+04,5.120000000000000000e+02,-7.840000000000000000e+02,-1.153000000000000000e+03,-6.220000000000000000e+02,-4.200000000000000000e+01
1.679988674444461823e+09,1.658400000000000000e+04,5.120000000000000000e+02,-7.840000000000000000e+02,-1.153000000000000000e+03,-6.220000000000000000e+02,-4.200000000000000000e+01
1.679988674445272923e+09,1.658400000000000000e+04,5.120000000000000000e+02,-7.840000000000000000e+02,-1.153000000000000000e+03,-6.220000000000000000e+02,-4.200000000000000000e+01
1.679988674447464705e+09,1.658400000000000000e+04,5.120000000000000000e+02,-7.840000000000000000e+02,-1.153000000000000000e+03,-6.220000000000000000e+02,-4.200000000000000000e+01
1.679988674448270559e+09,1.658400000000000000e+04,5.120000000000000000e+02,-7.840000000000000000e+02,-1.153000000000000000e+03,-6.220000000000000000e+02,-4.200000000000000000e+01
1.679988674450407267e+09,1.658400000000000000e+04,5.120000000000000000e+02,-7.840000000000000000e+02,-1.153000000000000000e+03,-6.220000000000000000e+02,-4.200000000000000000e+01
1.679988674451208591e+09,1.658400000000000000e+04,5.120000000000000000e+02,-7.840000000000000000e+02,-1.153000000000000000e+03,-6.220000000000000000e+02,-4.200000000000000000e+01
1.679988674453377485e+09,1.658400000000000000e+04,5.120000000000000000e+02,-7.840000000000000000e+02,-1.153000000000000000e+03,-6.220000000000000000e+02,-4.200000000000000000e+01
1.679988674454187632e+09,1.658400000000000000e+04,5.120000000000000000e+02,-7.840000000000000000e+02,-1.153000000000000000e+03,-6.220000000000000000e+02,-4.200000000000000000e+01
1.679988674456384659e+09,1.658400000000000000e+04,5.120000000000000000e+02,-7.840000000000000000e+02,-1.153000000000000000e+03,-6.220000000000000000e+02,-4.200000000000000000e+01
1.679988674457169056e+09,1.658400000000000000e+04,5.120000000000000000e+02,-7.840000000000000000e+02,-1.153000000000000000e+03,-6.220000000000000000e+02,-4.200000000000000000e+01
1.679988674459333420e+09,1.658400000000000000e+04,5.120000000000000000e+02,-7.840000000000000000e+02,-1.153000000000000000e+03,-6.220000000000000000e+02,-4.200000000000000000e+01
1.679988674460134745e+09,1.658400000000000000e+04,5.120000000000000000e+02,-7.840000000000000000e+02,-1.153000000000000000e+03,-6.220000000000000000e+02,-4.200000000000000000e+01
1.679988674462275267e+09,1.658400000000000000e+04,5.120000000000000000e+02,-7.840000000000000000e+02,-1.153000000000000000e+03,-6.220000000000000000e+02,-4.200000000000000000e+01
1.679988674463047743e+09,1.658400000000000000e+04,5.120000000000000000e+02,-7.840000000000000000e+02,-1.153000000000000000e+03,-6.220000000000000000e+02,-4.200000000000000000e+01
1.679988674465229750e+09,1.658400000000000000e+04,5.120000000000000000e+02,-7.840000000000000000e+02,-1.153000000000000000e+03,-6.220000000000000000e+02,-4.200000000000000000e+01
1.679988674466070890e+09,1.658400000000000000e+04,5.120000000000000000e+02,-7.840000000000000000e+02,-1.153000000000000000e+03,-6.220000000000000000e+02,-4.200000000000000000e+01
1.679988674468220472e+09,1.658400000000000000e+04,5.120000000000000000e+02,-7.840000000000000000e+02,-1.153000000000000000e+03,-6.220000000000000000e+02,-4.200000000000000000e+01
1.679988674469026804e+09,1.658400000000000000e+04,5.120000000000000000e+02,-7.840000000000000000e+02,-1.153000000000000000e+03,-6.220000000000000000e+02,-4.200000000000000000e+01
1.679988674471210241e+09,1.658400000000000000e+04,5.120000000000000000e+02,-7.840000000000000000e+02,-1.153000000000000000e+03,-6.220000000000000000e+02,-4.200000000000000000e+01
1.679988674472028971e+09,1.658400000000000000e+04,5.120000000000000000e+02,-7.840000000000000000e+02,-1.153000000000000000e+03,-6.220000000000000000e+02,-4.200000000000000000e+01
1.679988674474162579e+09,1.658400000000000000e+04,5.120000000000000000e+02,-7.840000000000000000e+02,-1.153000000000000000e+03,-6.220000000000000000e+02,-4.200000000000000000e+01
1.679988674475050688e+09,1.658400000000000000e+04,5.120000000000000000e+02,-7.840000000000000000e+02,-1.153000000000000000e+03,-6.220000000000000000e+02,-4.200000000000000000e+01
1.679988674477223635e+09,1.658400000000000000e+04,5.120000000000000000e+02,-7.840000000000000000e+02,-1.153000000000000000e+03,-6.220000000000000000e+02,-4.200000000000000000e+01
1.679988674478009939e+09,1.658400000000000000e+04,5.120000000000000000e+02,-7.840000000000000000e+02,-1.153000000000000000e+03,-6.220000000000000000e+02,-4.200000000000000000e+01
1.679988674480172396e+09,1.658400000000000000e+04,5.120000000000000000e+02,-7.840000000000000000e+02,-1.153000000000000000e+03,-6.220000000000000000e+02,-4.200000000000000000e+01
1.679988674480977058e+09,1.658400000000000000e+04,5.120000000000000000e+02,-7.840000000000000000e+02,-1.153000000000000000e+03,-6.220000000000000000e+02,-4.200000000000000000e+01
1.679988674483149529e+09,1.658400000000000000e+04,5.120000000000000000e+02,-7.840000000000000000e+02,-1.153000000000000000e+03,-6.220000000000000000e+02,-4.200000000000000000e+01
1.679988674483951807e+09,1.658400000000000000e+04,5.120000000000000000e+02,-7.840000000000000000e+02,-1.153000000000000000e+03,-6.220000000000000000e+02,-4.200000000000000000e+01
1.679988674486166954e+09,1.658400000000000000e+04,5.120000000000000000e+02,-7.840000000000000000e+02,-1.153000000000000000e+03,-6.220000000000000000e+02,-4.200000000000000000e+01
1.679988674486946821e+09,1.658400000000000000e+04,5.120000000000000000e+02,-7.840000000000000000e+02,-1.153000000000000000e+03,-6.220000000000000000e+02,-4.200000000000000000e+01
1.679988674489118814e+09,1.658400000000000000e+04,5.120000000000000000e+02,-7.840000000000000000e+02,-1.153000000000000000e+03,-6.220000000000000000e+02,-4.200000000000000000e+01
1.679988674489926815e+09,1.658400000000000000e+04,5.120000000000000000e+02,-7.840000000000000000e+02,-1.153000000000000000e+03,-6.220000000000000000e+02,-4.200000000000000000e+01
1.679988674492074490e+09,1.658400000000000000e+04,5.120000000000000000e+02,-7.840000000000000000e+02,-1.153000000000000000e+03,-6.220000000000000000e+02,-4.200000000000000000e+01
1.679988674492884874e+09,1.658400000000000000e+04,5.120000000000000000e+02,-7.840000000000000000e+02,-1.153000000000000000e+03,-6.220000000000000000e+02,-4.200000000000000000e+01
1.679988674495074034e+09,1.658400000000000000e+04,5.120000000000000000e+02,-7.840000000000000000e+02,-1.153000000000000000e+03,-6.220000000000000000e+02,-4.200000000000000000e+01
1.679988674495980263e+09,1.658400000000000000e+04,5.120000000000000000e+02,-7.840000000000000000e+02,-1.153000000000000000e+03,-6.220000000000000000e+02,-4.200000000000000000e+01
1.679988674498096704e+09,1.658400000000000000e+04,5.120000000000000000e+02,-7.840000000000000000e+02,-1.153000000000000000e+03,-6.220000000000000000e+02,-4.200000000000000000e+01
1.679988674498899698e+09,1.658400000000000000e+04,5.120000000000000000e+02,-7.840000000000000000e+02,-1.153000000000000000e+03,-6.220000000000000000e+02,-4.200000000000000000e+01
1.679988674501070738e+09,1.658400000000000000e+04,5.120000000000000000e+02,-7.840000000000000000e+02,-1.153000000000000000e+03,-6.220000000000000000e+02,-4.200000000000000000e+01
1.679988674501885653e+09,1.658400000000000000e+04,5.120000000000000000e+02,-7.840000000000000000e+02,-1.153000000000000000e+03,-6.220000000000000000e+02,-4.200000000000000000e+01
1.679988674504032850e+09,1.658400000000000000e+04,5.120000000000000000e+02,-7.840000000000000000e+02,-1.153000000000000000e+03,-6.220000000000000000e+02,-4.200000000000000000e+01
1.679988674504842758e+09,1.658400000000000000e+04,5.120000000000000000e+02,-7.840000000000000000e+02,-1.153000000000000000e+03,-6.220000000000000000e+02,-4.200000000000000000e+01
1.679988674507043123e+09,1.658400000000000000e+04,5.120000000000000000e+02,-7.840000000000000000e+02,-1.153000000000000000e+03,-6.220000000000000000e+02,-4.200000000000000000e+01
1.679988674507841825e+09,1.658400000000000000e+04,5.120000000000000000e+02,-7.840000000000000000e+02,-1.153000000000000000e+03,-6.220000000000000000e+02,-4.200000000000000000e+01
1.679988674509997606e+09,1.658400000000000000e+04,5.120000000000000000e+02,-7.840000000000000000e+02,-1.153000000000000000e+03,-6.220000000000000000e+02,-4.200000000000000000e+01
1.679988674510785103e+09,1.658400000000000000e+04,5.120000000000000000e+02,-7.840000000000000000e+02,-1.153000000000000000e+03,-6.220000000000000000e+02,-4.200000000000000000e+01
1.679988674512972355e+09,1.658400000000000000e+04,5.120000000000000000e+02,-7.840000000000000000e+02,-1.153000000000000000e+03,-6.220000000000000000e+02,-4.200000000000000000e+01
1.679988674513773918e+09,1.658400000000000000e+04,5.120000000000000000e+02,-7.840000000000000000e+02,-1.153000000000000000e+03,-6.220000000000000000e+02,-4.200000000000000000e+01
1.679988674515987158e+09,1.658400000000000000e+04,5.120000000000000000e+02,-7.840000000000000000e+02,-1.153000000000000000e+03,-6.220000000000000000e+02,-4.200000000000000000e+01
1.679988674516765356e+09,1.658400000000000000e+04,5.120000000000000000e+02,-7.840000000000000000e+02,-1.153000000000000000e+03,-6.220000000000000000e+02,-4.200000000000000000e+01
1.679988674518922567e+09,1.658400000000000000e+04,5.120000000000000000e+02,-7.840000000000000000e+02,-1.153000000000000000e+03,-6.220000000000000000e+02,-4.200000000000000000e+01
1.679988674519738197e+09,1.658400000000000000e+04,5.120000000000000000e+02,-7.840000000000000000e+02,-1.153000000000000000e+03,-6.220000000000000000e+02,-4.200000000000000000e+01
1.679988674521888971e+09,1.658400000000000000e+04,5.120000000000000000e+02,-7.840000000000000000e+02,-1.153000000000000000e+03,-6.220000000000000000e+02,-4.200000000000000000e+01
1.679988674522689104e+09,1.658400000000000000e+04,5.120000000000000000e+02,-7.840000000000000000e+02,-1.153000000000000000e+03,-6.220000000000000000e+02,-4.200000000000000000e+01
1.679988674524879932e+09,1.658400000000000000e+04,5.120000000000000000e+02,-7.840000000000000000e+02,-1.153000000000000000e+03,-6.220000000000000000e+02,-4.200000000000000000e+01
1.679988674525743246e+09,1.658400000000000000e+04,5.120000000000000000e+02,-7.840000000000000000e+02,-1.153000000000000000e+03,-6.220000000000000000e+02,-4.200000000000000000e+01
1.679988674527900934e+09,1.658400000000000000e+04,5.120000000000000000e+02,-7.840000000000000000e+02,-1.153000000000000000e+03,-6.220000000000000000e+02,-4.200000000000000000e+01
1.679988674528704882e+09,1.658400000000000000e+04,5.120000000000000000e+02,-7.840000000000000000e+02,-1.153000000000000000e+03,-6.220000000000000000e+02,-4.200000000000000000e+01
1.679988674530901909e+09,1.658400000000000000e+04,5.120000000000000000e+02,-7.840000000000000000e+02,-1.153000000000000000e+03,-6.220000000000000000e+02,-4.200000000000000000e+01
1.679988674531713247e+09,1.658400000000000000e+04,5.120000000000000000e+02,-7.840000000000000000e+02,-1.153000000000000000e+03,-6.220000000000000000e+02,-4.200000000000000000e+01
1.679988674533870697e+09,1.658400000000000000e+04,5.120000000000000000e+02,-7.840000000000000000e+02,-1.153000000000000000e+03,-6.220000000000000000e+02,-4.200000000000000000e+01
1.679988674534666061e+09,1.658400000000000000e+04,5.120000000000000000e+02,-7.840000000000000000e+02,-1.153000000000000000e+03,-6.220000000000000000e+02,-4.200000000000000000e+01
1.679988674536875248e+09,1.658400000000000000e+04,5.120000000000000000e+02,-7.840000000000000000e+02,-1.153000000000000000e+03,-6.220000000000000000e+02,-4.200000000000000000e+01
1.679988674537698269e+09,1.658400000000000000e+04,5.120000000000000000e+02,-7.840000000000000000e+02,-1.153000000000000000e+03,-6.220000000000000000e+02,-4.200000000000000000e+01
1.679988674539878845e+09,1.658400000000000000e+04,5.120000000000000000e+02,-7.840000000000000000e+02,-1.153000000000000000e+03,-6.220000000000000000e+02,-4.200000000000000000e+01
1.679988674540674448e+09,1.658400000000000000e+04,5.120000000000000000e+02,-7.840000000000000000e+02,-1.153000000000000000e+03,-6.220000000000000000e+02,-4.200000000000000000e+01
1.679988674542866468e+09,1.658400000000000000e+04,5.120000000000000000e+02,-7.840000000000000000e+02,-1.153000000000000000e+03,-6.220000000000000000e+02,-4.200000000000000000e+01
1.679988674543683290e+09,1.658400000000000000e+04,5.120000000000000000e+02,-7.840000000000000000e+02,-1.153000000000000000e+03,-6.220000000000000000e+02,-4.200000000000000000e+01
1.679988674545899153e+09,1.658400000000000000e+04,5.120000000000000000e+02,-7.840000000000000000e+02,-1.153000000000000000e+03,-6.220000000000000000e+02,-4.200000000000000000e+01
1.679988674546684504e+09,1.658400000000000000e+04,5.120000000000000000e+02,-7.840000000000000000e+02,-1.153000000000000000e+03,-6.220000000000000000e+02,-4.200000000000000000e+01
1.679988674548866510e+09,1.658400000000000000e+04,5.120000000000000000e+02,-7.840000000000000000e+02,-1.153000000000000000e+03,-6.220000000000000000e+02,-4.200000000000000000e+01
1.679988674549692631e+09,1.658400000000000000e+04,5.120000000000000000e+02,-7.840000000000000000e+02,-1.153000000000000000e+03,-6.220000000000000000e+02,-4.200000000000000000e+01
1.679988674551870108e+09,1.658400000000000000e+04,5.120000000000000000e+02,-7.840000000000000000e+02,-1.153000000000000000e+03,-6.220000000000000000e+02,-4.200000000000000000e+01
1.679988674552675724e+09,1.658400000000000000e+04,5.120000000000000000e+02,-7.840000000000000000e+02,-1.153000000000000000e+03,-6.220000000000000000e+02,-4.200000000000000000e+01
1.679988674554847956e+09,1.658400000000000000e+04,5.120000000000000000e+02,-7.840000000000000000e+02,-1.153000000000000000e+03,-6.220000000000000000e+02,-4.200000000000000000e+01
1.679988674555701971e+09,1.658400000000000000e+04,5.120000000000000000e+02,-7.840000000000000000e+02,-1.153000000000000000e+03,-6.220000000000000000e+02,-4.200000000000000000e+01
1.679988674557847023e+09,1.658400000000000000e+04,5.120000000000000000e+02,-7.840000000000000000e+02,-1.153000000000000000e+03,-6.220000000000000000e+02,-4.200000000000000000e+01
1.679988674558642626e+09,1.658400000000000000e+04,5.120000000000000000e+02,-7.840000000000000000e+02,-1.153000000000000000e+03,-6.220000000000000000e+02,-4.200000000000000000e+01
1.679988674560820818e+09,1.658400000000000000e+04,5.120000000000000000e+02,-7.840000000000000000e+02,-1.153000000000000000e+03,-6.220000000000000000e+02,-4.200000000000000000e+01
1.679988674561641216e+09,1.658400000000000000e+04,5.120000000000000000e+02,-7.840000000000000000e+02,-1.153000000000000000e+03,-6.220000000000000000e+02,-4.200000000000000000e+01
1.679988674563821077e+09,1.658400000000000000e+04,5.120000000000000000e+02,-7.840000000000000000e+02,-1.153000000000000000e+03,-6.220000000000000000e+02,-4.200000000000000000e+01
1.679988674564626217e+09,1.658400000000000000e+04,5.120000000000000000e+02,-7.840000000000000000e+02,-1.153000000000000000e+03,-6.220000000000000000e+02,-4.200000000000000000e+01
1.679988674566833973e+09,1.658400000000000000e+04,5.120000000000000000e+02,-7.840000000000000000e+02,-1.153000000000000000e+03,-6.220000000000000000e+02,-4.200000000000000000e+01
1.679988674567636013e+09,1.658400000000000000e+04,5.120000000000000000e+02,-7.840000000000000000e+02,-1.153000000000000000e+03,-6.220000000000000000e+02,-4.200000000000000000e+01
1.679988674569806099e+09,1.658400000000000000e+04,5.120000000000000000e+02,-7.840000000000000000e+02,-1.153000000000000000e+03,-6.220000000000000000e+02,-4.200000000000000000e+01
1.679988674570614338e+09,1.658400000000000000e+04,5.120000000000000000e+02,-7.840000000000000000e+02,-1.153000000000000000e+03,-6.220000000000000000e+02,-4.200000000000000000e+01
1.679988674572796106e+09,1.658400000000000000e+04,5.120000000000000000e+02,-7.840000000000000000e+02,-1.153000000000000000e+03,-6.220000000000000000e+02,-4.200000000000000000e+01
1.679988674573617458e+09,1.658400000000000000e+04,5.120000000000000000e+02,-7.840000000000000000e+02,-1.153000000000000000e+03,-6.220000000000000000e+02,-4.200000000000000000e+01
1.679988674575867414e+09,1.658400000000000000e+04,5.120000000000000000e+02,-7.840000000000000000e+02,-1.153000000000000000e+03,-6.220000000000000000e+02,-4.200000000000000000e+01
1.679988674576654911e+09,1.658400000000000000e+04,5.120000000000000000e+02,-7.840000000000000000e+02,-1.153000000000000000e+03,-6.220000000000000000e+02,-4.200000000000000000e+01
1.679988674578832865e+09,1.658400000000000000e+04,5.120000000000000000e+02,-7.840000000000000000e+02,-1.153000000000000000e+03,-6.220000000000000000e+02,-4.200000000000000000e+01
1.679988674579640627e+09,1.658400000000000000e+04,5.120000000000000000e+02,-7.840000000000000000e+02,-1.153000000000000000e+03,-6.220000000000000000e+02,-4.200000000000000000e+01
1.679988674581816435e+09,1.658400000000000000e+04,5.120000000000000000e+02,-7.840000000000000000e+02,-1.153000000000000000e+03,-6.220000000000000000e+02,-4.200000000000000000e+01
1.679988674582613707e+09,1.658400000000000000e+04,5.120000000000000000e+02,-7.840000000000000000e+02,-1.153000000000000000e+03,-6.220000000000000000e+02,-4.200000000000000000e+01
1.679988674584809065e+09,1.658400000000000000e+04,5.120000000000000000e+02,-7.840000000000000000e+02,-1.153000000000000000e+03,-6.220000000000000000e+02,-4.200000000000000000e+01
1.679988674585660934e+09,1.658400000000000000e+04,5.120000000000000000e+02,-7.840000000000000000e+02,-1.153000000000000000e+03,-6.220000000000000000e+02,-4.200000000000000000e+01
1.679988674587826252e+09,1.658400000000000000e+04,5.120000000000000000e+02,-7.840000000000000000e+02,-1.153000000000000000e+03,-6.220000000000000000e+02,-4.200000000000000000e+01
1.679988674588625193e+09,1.658400000000000000e+04,5.120000000000000000e+02,-7.840000000000000000e+02,-1.153000000000000000e+03,-6.220000000000000000e+02,-4.200000000000000000e+01
1.679988674590818167e+09,1.658400000000000000e+04,5.120000000000000000e+02,-7.840000000000000000e+02,-1.153000000000000000e+03,-6.220000000000000000e+02,-4.200000000000000000e+01
1.679988674591632843e+09,1.658400000000000000e+04,5.120000000000000000e+02,-7.840000000000000000e+02,-1.153000000000000000e+03,-6.220000000000000000e+02,-4.200000000000000000e+01
1.679988674593793631e+09,1.658400000000000000e+04,5.120000000000000000e+02,-7.840000000000000000e+02,-1.153000000000000000e+03,-6.220000000000000000e+02,-4.200000000000000000e+01
1.679988674594596863e+09,1.658400000000000000e+04,5.120000000000000000e+02,-7.840000000000000000e+02,-1.153000000000000000e+03,-6.220000000000000000e+02,-4.200000000000000000e+01
1.679988674596822500e+09,1.658400000000000000e+04,5.120000000000000000e+02,-7.840000000000000000e+02,-1.153000000000000000e+03,-6.220000000000000000e+02,-4.200000000000000000e+01
1.679988674597637177e+09,1.658400000000000000e+04,5.120000000000000000e+02,-7.840000000000000000e+02,-1.153000000000000000e+03,-6.220000000000000000e+02,-4.200000000000000000e+01
1.679988674599804878e+09,1.658400000000000000e+04,5.120000000000000000e+02,-7.840000000000000000e+02,-1.153000000000000000e+03,-6.220000000000000000e+02,-4.200000000000000000e+01
1.679988674600615978e+09,1.658400000000000000e+04,5.120000000000000000e+02,-7.840000000000000000e+02,-1.153000000000000000e+03,-6.220000000000000000e+02,-4.200000000000000000e+01
1.679988674602800846e+09,1.658400000000000000e+04,5.120000000000000000e+02,-7.840000000000000000e+02,-1.153000000000000000e+03,-6.220000000000000000e+02,-4.200000000000000000e+01
1.679988674603626966e+09,1.658400000000000000e+04,5.120000000000000000e+02,-7.840000000000000000e+02,-1.153000000000000000e+03,-6.220000000000000000e+02,-4.200000000000000000e+01
1.679988674605861187e+09,1.658400000000000000e+04,5.120000000000000000e+02,-7.840000000000000000e+02,-1.153000000000000000e+03,-6.220000000000000000e+02,-4.200000000000000000e+01
1.679988674606652260e+09,1.658400000000000000e+04,5.120000000000000000e+02,-7.840000000000000000e+02,-1.153000000000000000e+03,-6.220000000000000000e+02,-4.200000000000000000e+01
1.679988674608833790e+09,1.658400000000000000e+04,5.120000000000000000e+02,-7.840000000000000000e+02,-1.153000000000000000e+03,-6.220000000000000000e+02,-4.200000000000000000e+01
1.679988674609655619e+09,1.658400000000000000e+04,5.120000000000000000e+02,-7.840000000000000000e+02,-1.153000000000000000e+03,-6.220000000000000000e+02,-4.200000000000000000e+01
1.679988674611819983e+09,1.658400000000000000e+04,5.120000000000000000e+02,-7.840000000000000000e+02,-1.153000000000000000e+03,-6.220000000000000000e+02,-4.200000000000000000e+01
1.679988674612612009e+09,1.658400000000000000e+04,5.120000000000000000e+02,-7.840000000000000000e+02,-1.153000000000000000e+03,-6.220000000000000000e+02,-4.200000000000000000e+01
1.679988674614803791e+09,1.658400000000000000e+04,5.120000000000000000e+02,-7.840000000000000000e+02,-1.153000000000000000e+03,-6.220000000000000000e+02,-4.200000000000000000e+01
1.679988674615663767e+09,1.658400000000000000e+04,5.120000000000000000e+02,-7.840000000000000000e+02,-1.153000000000000000e+03,-6.220000000000000000e+02,-4.200000000000000000e+01
1.679988674617860794e+09,1.658400000000000000e+04,5.120000000000000000e+02,-7.840000000000000000e+02,-1.153000000000000000e+03,-6.220000000000000000e+02,-4.200000000000000000e+01
1.679988674618672132e+09,1.658400000000000000e+04,5.120000000000000000e+02,-7.840000000000000000e+02,-1.153000000000000000e+03,-6.220000000000000000e+02,-4.200000000000000000e+01
1.679988674620860577e+09,1.658400000000000000e+04,5.120000000000000000e+02,-7.840000000000000000e+02,-1.153000000000000000e+03,-6.220000000000000000e+02,-4.200000000000000000e+01
1.679988674621695042e+09,1.658400000000000000e+04,5.120000000000000000e+02,-7.840000000000000000e+02,-1.153000000000000000e+03,-6.220000000000000000e+02,-4.200000000000000000e+01
1.679988674623862505e+09,1.658400000000000000e+04,5.120000000000000000e+02,-7.840000000000000000e+02,-1.153000000000000000e+03,-6.220000000000000000e+02,-4.200000000000000000e+01
1.679988674624649048e+09,1.658400000000000000e+04,5.120000000000000000e+02,-7.840000000000000000e+02,-1.153000000000000000e+03,-6.220000000000000000e+02,-4.200000000000000000e+01
1.679988674626879692e+09,1.658400000000000000e+04,5.120000000000000000e+02,-7.840000000000000000e+02,-1.153000000000000000e+03,-6.220000000000000000e+02,-4.200000000000000000e+01
1.679988674627696276e+09,1.658400000000000000e+04,5.120000000000000000e+02,-7.840000000000000000e+02,-1.153000000000000000e+03,-6.220000000000000000e+02,-4.200000000000000000e+01
1.679988674629878283e+09,1.658400000000000000e+04,5.120000000000000000e+02,-7.840000000000000000e+02,-1.153000000000000000e+03,-6.220000000000000000e+02,-4.200000000000000000e+01
1.679988674630684376e+09,1.658400000000000000e+04,5.120000000000000000e+02,-7.840000000000000000e+02,-1.153000000000000000e+03,-6.220000000000000000e+02,-4.200000000000000000e+01
1.679988674632871151e+09,1.658400000000000000e+04,5.120000000000000000e+02,-7.840000000000000000e+02,-1.153000000000000000e+03,-6.220000000000000000e+02,-4.200000000000000000e+01
1.679988674633689404e+09,1.658400000000000000e+04,5.120000000000000000e+02,-7.840000000000000000e+02,-1.153000000000000000e+03,-6.220000000000000000e+02,-4.200000000000000000e+01
1.679988674635926485e+09,1.658400000000000000e+04,5.120000000000000000e+02,-7.840000000000000000e+02,-1.153000000000000000e+03,-6.220000000000000000e+02,-4.200000000000000000e+01
1.679988674636710405e+09,1.658400000000000000e+04,5.120000000000000000e+02,-7.840000000000000000e+02,-1.153000000000000000e+03,-6.220000000000000000e+02,-4.200000000000000000e+01
1.679988674638898134e+09,1.658400000000000000e+04,5.120000000000000000e+02,-7.840000000000000000e+02,-1.153000000000000000e+03,-6.220000000000000000e+02,-4.200000000000000000e+01
1.679988674639713764e+09,1.658400000000000000e+04,5.120000000000000000e+02,-7.840000000000000000e+02,-1.153000000000000000e+03,-6.220000000000000000e+02,-4.200000000000000000e+01
1.679988674641927719e+09,1.658400000000000000e+04,5.120000000000000000e+02,-7.840000000000000000e+02,-1.153000000000000000e+03,-6.220000000000000000e+02,-4.200000000000000000e+01
1.679988674642733097e+09,1.658400000000000000e+04,5.120000000000000000e+02,-7.840000000000000000e+02,-1.153000000000000000e+03,-6.220000000000000000e+02,-4.200000000000000000e+01
1.679988674644921780e+09,1.658400000000000000e+04,5.120000000000000000e+02,-7.840000000000000000e+02,-1.153000000000000000e+03,-6.220000000000000000e+02,-4.200000000000000000e+01
1.679988674645778418e+09,1.658400000000000000e+04,5.120000000000000000e+02,-7.840000000000000000e+02,-1.153000000000000000e+03,-6.220000000000000000e+02,-4.200000000000000000e+01
1.679988674647973776e+09,1.658400000000000000e+04,5.120000000000000000e+02,-7.840000000000000000e+02,-1.153000000000000000e+03,-6.220000000000000000e+02,-4.200000000000000000e+01
1.679988674648792028e+09,1.658400000000000000e+04,5.120000000000000000e+02,-7.840000000000000000e+02,-1.153000000000000000e+03,-6.220000000000000000e+02,-4.200000000000000000e+01
1.679988674650976181e+09,1.658400000000000000e+04,5.120000000000000000e+02,-7.840000000000000000e+02,-1.153000000000000000e+03,-6.220000000000000000e+02,-4.200000000000000000e+01
1.679988674651796341e+09,1.658400000000000000e+04,5.120000000000000000e+02,-7.840000000000000000e+02,-1.153000000000000000e+03,-6.220000000000000000e+02,-4.200000000000000000e+01
1.679988674653982639e+09,1.658400000000000000e+04,5.120000000000000000e+02,-7.840000000000000000e+02,-1.153000000000000000e+03,-6.220000000000000000e+02,-4.200000000000000000e+01
1.679988674654789209e+09,1.658400000000000000e+04,5.120000000000000000e+02,-7.840000000000000000e+02,-1.153000000000000000e+03,-6.220000000000000000e+02,-4.200000000000000000e+01
1.679988674657007933e+09,1.658400000000000000e+04,5.120000000000000000e+02,-7.840000000000000000e+02,-1.153000000000000000e+03,-6.220000000000000000e+02,-4.200000000000000000e+01
1.679988674657813072e+09,1.658400000000000000e+04,5.120000000000000000e+02,-7.840000000000000000e+02,-1.153000000000000000e+03,-6.220000000000000000e+02,-4.200000000000000000e+01
1.679988674660001755e+09,1.658400000000000000e+04,5.120000000000000000e+02,-7.840000000000000000e+02,-1.153000000000000000e+03,-6.220000000000000000e+02,-4.200000000000000000e+01
1.679988674660813570e+09,1.658400000000000000e+04,5.120000000000000000e+02,-7.840000000000000000e+02,-1.153000000000000000e+03,-6.220000000000000000e+02,-4.200000000000000000e+01
1.679988674663010836e+09,1.658400000000000000e+04,5.120000000000000000e+02,-7.840000000000000000e+02,-1.153000000000000000e+03,-6.220000000000000000e+02,-4.200000000000000000e+01
1.679988674663839340e+09,1.658400000000000000e+04,5.120000000000000000e+02,-7.840000000000000000e+02,-1.153000000000000000e+03,-6.220000000000000000e+02,-4.200000000000000000e+01
1.679988674666068077e+09,1.658400000000000000e+04,5.120000000000000000e+02,-7.840000000000000000e+02,-1.153000000000000000e+03,-6.220000000000000000e+02,-4.200000000000000000e+01
1.679988674666844606e+09,1.658400000000000000e+04,5.120000000000000000e+02,-7.840000000000000000e+02,-1.153000000000000000e+03,-6.220000000000000000e+02,-4.200000000000000000e+01
1.679988674669042587e+09,1.658400000000000000e+04,5.120000000000000000e+02,-7.840000000000000000e+02,-1.153000000000000000e+03,-6.220000000000000000e+02,-4.200000000000000000e+01
1.679988674669860601e+09,1.658400000000000000e+04,5.120000000000000000e+02,-7.840000000000000000e+02,-1.153000000000000000e+03,-6.220000000000000000e+02,-4.200000000000000000e+01
1.679988674672098160e+09,1.658400000000000000e+04,5.120000000000000000e+02,-7.840000000000000000e+02,-1.153000000000000000e+03,-6.220000000000000000e+02,-4.200000000000000000e+01
1.679988674672891617e+09,1.658400000000000000e+04,5.120000000000000000e+02,-7.840000000000000000e+02,-1.153000000000000000e+03,-6.220000000000000000e+02,-4.200000000000000000e+01
1.679988674675105810e+09,1.658400000000000000e+04,5.120000000000000000e+02,-7.840000000000000000e+02,-1.153000000000000000e+03,-6.220000000000000000e+02,-4.200000000000000000e+01
1.679988674675946474e+09,1.658400000000000000e+04,5.120000000000000000e+02,-7.840000000000000000e+02,-1.153000000000000000e+03,-6.220000000000000000e+02,-4.200000000000000000e+01
1.679988674678148270e+09,1.658400000000000000e+04,5.120000000000000000e+02,-7.840000000000000000e+02,-1.153000000000000000e+03,-6.220000000000000000e+02,-4.200000000000000000e+01
1.679988674678965807e+09,1.658400000000000000e+04,5.120000000000000000e+02,-7.840000000000000000e+02,-1.153000000000000000e+03,-6.220000000000000000e+02,-4.200000000000000000e+01
1.679988674681159496e+09,1.658400000000000000e+04,5.120000000000000000e+02,-7.840000000000000000e+02,-1.153000000000000000e+03,-6.220000000000000000e+02,-4.200000000000000000e+01
1.679988674681993723e+09,1.658400000000000000e+04,5.120000000000000000e+02,-7.840000000000000000e+02,-1.153000000000000000e+03,-6.220000000000000000e+02,-4.200000000000000000e+01
1.679988674684174299e+09,1.658400000000000000e+04,5.120000000000000000e+02,-7.840000000000000000e+02,-1.153000000000000000e+03,-6.220000000000000000e+02,-4.200000000000000000e+01
1.679988674684983253e+09,1.658400000000000000e+04,5.120000000000000000e+02,-7.840000000000000000e+02,-1.153000000000000000e+03,-6.220000000000000000e+02,-4.200000000000000000e+01
1.679988674687209368e+09,1.658400000000000000e+04,5.120000000000000000e+02,-7.840000000000000000e+02,-1.153000000000000000e+03,-6.220000000000000000e+02,-4.200000000000000000e+01
1.679988674688040733e+09,1.658400000000000000e+04,5.120000000000000000e+02,-7.840000000000000000e+02,-1.153000000000000000e+03,-6.220000000000000000e+02,-4.200000000000000000e+01
1.679988674690244675e+09,1.658400000000000000e+04,5.120000000000000000e+02,-7.840000000000000000e+02,-1.153000000000000000e+03,-6.220000000000000000e+02,-4.200000000000000000e+01
1.679988674691051960e+09,1.658400000000000000e+04,5.120000000000000000e+02,-7.840000000000000000e+02,-1.153000000000000000e+03,-6.220000000000000000e+02,-4.200000000000000000e+01
1.679988674693243742e+09,1.658400000000000000e+04,5.120000000000000000e+02,-7.840000000000000000e+02,-1.153000000000000000e+03,-6.220000000000000000e+02,-4.200000000000000000e+01
1.679988674694067240e+09,1.658400000000000000e+04,5.120000000000000000e+02,-7.840000000000000000e+02,-1.153000000000000000e+03,-6.220000000000000000e+02,-4.200000000000000000e+01
1.679988674696312666e+09,1.658400000000000000e+04,5.120000000000000000e+02,-7.840000000000000000e+02,-1.153000000000000000e+03,-6.220000000000000000e+02,-4.200000000000000000e+01
1.679988674697097778e+09,1.658400000000000000e+04,5.120000000000000000e+02,-7.840000000000000000e+02,-1.153000000000000000e+03,-6.220000000000000000e+02,-4.200000000000000000e+01
1.679988674699299335e+09,1.658400000000000000e+04,5.120000000000000000e+02,-7.840000000000000000e+02,-1.153000000000000000e+03,-6.220000000000000000e+02,-4.200000000000000000e+01
1.679988674700125217e+09,1.658400000000000000e+04,5.120000000000000000e+02,-7.840000000000000000e+02,-1.153000000000000000e+03,-6.220000000000000000e+02,-4.200000000000000000e+01
1.679988674702339649e+09,1.658400000000000000e+04,5.120000000000000000e+02,-7.840000000000000000e+02,-1.153000000000000000e+03,-6.220000000000000000e+02,-4.200000000000000000e+01
1.679988674703152657e+09,1.658400000000000000e+04,5.120000000000000000e+02,-7.840000000000000000e+02,-1.153000000000000000e+03,-6.220000000000000000e+02,-4.200000000000000000e+01
1.679988674705339909e+09,1.658400000000000000e+04,5.120000000000000000e+02,-7.840000000000000000e+02,-1.153000000000000000e+03,-6.220000000000000000e+02,-4.200000000000000000e+01
1.679988674706185102e+09,1.658400000000000000e+04,5.120000000000000000e+02,-7.840000000000000000e+02,-1.153000000000000000e+03,-6.220000000000000000e+02,-4.200000000000000000e+01
1.679988674708371162e+09,1.658400000000000000e+04,5.120000000000000000e+02,-7.840000000000000000e+02,-1.153000000000000000e+03,-6.220000000000000000e+02,-4.200000000000000000e+01
1.679988674709195852e+09,1.658400000000000000e+04,5.120000000000000000e+02,-7.840000000000000000e+02,-1.153000000000000000e+03,-6.220000000000000000e+02,-4.200000000000000000e+01
1.679988674711390495e+09,1.658400000000000000e+04,5.120000000000000000e+02,-7.840000000000000000e+02,-1.153000000000000000e+03,-6.220000000000000000e+02,-4.200000000000000000e+01
1.679988674712215662e+09,1.658400000000000000e+04,5.120000000000000000e+02,-7.840000000000000000e+02,-1.153000000000000000e+03,-6.220000000000000000e+02,-4.200000000000000000e+01
1.679988674714403629e+09,1.658400000000000000e+04,5.120000000000000000e+02,-7.840000000000000000e+02,-1.153000000000000000e+03,-6.220000000000000000e+02,-4.200000000000000000e+01
1.679988674715214014e+09,1.658400000000000000e+04,5.120000000000000000e+02,-7.840000000000000000e+02,-1.153000000000000000e+03,-6.220000000000000000e+02,-4.200000000000000000e+01
1.679988674717447519e+09,1.658400000000000000e+04,5.120000000000000000e+02,-7.840000000000000000e+02,-1.153000000000000000e+03,-6.220000000000000000e+02,-4.200000000000000000e+01
1.679988674718269348e+09,1.658400000000000000e+04,5.120000000000000000e+02,-7.840000000000000000e+02,-1.153000000000000000e+03,-6.220000000000000000e+02,-4.200000000000000000e+01
1.679988674720460653e+09,1.658400000000000000e+04,5.120000000000000000e+02,-7.840000000000000000e+02,-1.153000000000000000e+03,-6.220000000000000000e+02,-4.200000000000000000e+01
1.679988674721263170e+09,1.658400000000000000e+04,5.120000000000000000e+02,-7.840000000000000000e+02,-1.153000000000000000e+03,-6.220000000000000000e+02,-4.200000000000000000e+01
1.679988674723449230e+09,1.658400000000000000e+04,5.120000000000000000e+02,-7.840000000000000000e+02,-1.153000000000000000e+03,-6.220000000000000000e+02,-4.200000000000000000e+01
1.679988674724267244e+09,1.658400000000000000e+04,5.120000000000000000e+02,-7.840000000000000000e+02,-1.153000000000000000e+03,-6.220000000000000000e+02,-4.200000000000000000e+01
1.679988674726510525e+09,1.658400000000000000e+04,5.120000000000000000e+02,-7.840000000000000000e+02,-1.153000000000000000e+03,-6.220000000000000000e+02,-4.200000000000000000e+01
1.679988674727302313e+09,1.658400000000000000e+04,5.120000000000000000e+02,-7.840000000000000000e+02,-1.153000000000000000e+03,-6.220000000000000000e+02,-4.200000000000000000e+01
1.679988674729482412e+09,1.658400000000000000e+04,5.120000000000000000e+02,-7.840000000000000000e+02,-1.153000000000000000e+03,-6.220000000000000000e+02,-4.200000000000000000e+01
1.679988674730317354e+09,1.658400000000000000e+04,5.120000000000000000e+02,-7.840000000000000000e+02,-1.153000000000000000e+03,-6.220000000000000000e+02,-4.200000000000000000e+01
1.679988674732497454e+09,1.658400000000000000e+04,5.120000000000000000e+02,-7.840000000000000000e+02,-1.153000000000000000e+03,-6.220000000000000000e+02,-4.200000000000000000e+01
1.679988674733296394e+09,1.658400000000000000e+04,5.120000000000000000e+02,-7.840000000000000000e+02,-1.153000000000000000e+03,-6.220000000000000000e+02,-4.200000000000000000e+01
1.679988674735541105e+09,1.658400000000000000e+04,5.120000000000000000e+02,-7.840000000000000000e+02,-1.153000000000000000e+03,-6.220000000000000000e+02,-4.200000000000000000e+01
1.679988674736352682e+09,1.658400000000000000e+04,5.120000000000000000e+02,-7.840000000000000000e+02,-1.153000000000000000e+03,-6.220000000000000000e+02,-4.200000000000000000e+01
1.679988674738555670e+09,1.658400000000000000e+04,5.120000000000000000e+02,-7.840000000000000000e+02,-1.153000000000000000e+03,-6.220000000000000000e+02,-4.200000000000000000e+01
1.679988674739365339e+09,1.658400000000000000e+04,5.120000000000000000e+02,-7.840000000000000000e+02,-1.153000000000000000e+03,-6.220000000000000000e+02,-4.200000000000000000e+01
1.679988674741563082e+09,1.658400000000000000e+04,5.120000000000000000e+02,-7.840000000000000000e+02,-1.153000000000000000e+03,-6.220000000000000000e+02,-4.200000000000000000e+01
1.679988674742385149e+09,1.658400000000000000e+04,5.120000000000000000e+02,-7.840000000000000000e+02,-1.153000000000000000e+03,-6.220000000000000000e+02,-4.200000000000000000e+01
1.679988674744614124e+09,1.658400000000000000e+04,5.120000000000000000e+02,-7.840000000000000000e+02,-1.153000000000000000e+03,-6.220000000000000000e+02,-4.200000000000000000e+01
1.679988674745432138e+09,1.658400000000000000e+04,5.120000000000000000e+02,-7.840000000000000000e+02,-1.153000000000000000e+03,-6.220000000000000000e+02,-4.200000000000000000e+01
1.679988674747662067e+09,1.658400000000000000e+04,5.120000000000000000e+02,-7.840000000000000000e+02,-1.153000000000000000e+03,-6.220000000000000000e+02,-4.200000000000000000e+01
1.679988674748461485e+09,1.658400000000000000e+04,5.120000000000000000e+02,-7.840000000000000000e+02,-1.153000000000000000e+03,-6.220000000000000000e+02,-4.200000000000000000e+01
1.679988674750651836e+09,1.658400000000000000e+04,5.120000000000000000e+02,-7.840000000000000000e+02,-1.153000000000000000e+03,-6.220000000000000000e+02,-4.200000000000000000e+01
1.679988674751465797e+09,1.658400000000000000e+04,5.120000000000000000e+02,-7.840000000000000000e+02,-1.153000000000000000e+03,-6.220000000000000000e+02,-4.200000000000000000e+01
1.679988674753660202e+09,1.658400000000000000e+04,5.120000000000000000e+02,-7.840000000000000000e+02,-1.153000000000000000e+03,-6.220000000000000000e+02,-4.200000000000000000e+01
1.679988674754466295e+09,1.658400000000000000e+04,5.120000000000000000e+02,-7.840000000000000000e+02,-1.153000000000000000e+03,-6.220000000000000000e+02,-4.200000000000000000e+01
1.679988674756697416e+09,1.658400000000000000e+04,5.120000000000000000e+02,-7.840000000000000000e+02,-1.153000000000000000e+03,-6.220000000000000000e+02,-4.200000000000000000e+01
1.679988674757511377e+09,1.658400000000000000e+04,5.120000000000000000e+02,-7.840000000000000000e+02,-1.153000000000000000e+03,-6.220000000000000000e+02,-4.200000000000000000e+01
1.679988674759724140e+09,1.658400000000000000e+04,5.120000000000000000e+02,-7.840000000000000000e+02,-1.153000000000000000e+03,-6.220000000000000000e+02,-4.200000000000000000e+01
1.679988674760525465e+09,1.658400000000000000e+04,5.120000000000000000e+02,-7.840000000000000000e+02,-1.153000000000000000e+03,-6.220000000000000000e+02,-4.200000000000000000e+01
1.679988674762714863e+09,1.658400000000000000e+04,5.120000000000000000e+02,-7.840000000000000000e+02,-1.153000000000000000e+03,-6.220000000000000000e+02,-4.200000000000000000e+01
1.679988674763524294e+09,1.658400000000000000e+04,5.120000000000000000e+02,-7.840000000000000000e+02,-1.153000000000000000e+03,-6.220000000000000000e+02,-4.200000000000000000e+01
1.679988674765774965e+09,1.658400000000000000e+04,5.120000000000000000e+02,-7.840000000000000000e+02,-1.153000000000000000e+03,-6.220000000000000000e+02,-4.200000000000000000e+01
1.679988674766551256e+09,1.658400000000000000e+04,5.120000000000000000e+02,-7.840000000000000000e+02,-1.153000000000000000e+03,-6.220000000000000000e+02,-4.200000000000000000e+01
1.679988674768755436e+09,1.658400000000000000e+04,5.120000000000000000e+02,-7.840000000000000000e+02,-1.153000000000000000e+03,-6.220000000000000000e+02,-4.200000000000000000e+01
1.679988674769561529e+09,1.658400000000000000e+04,5.120000000000000000e+02,-7.840000000000000000e+02,-1.153000000000000000e+03,-6.220000000000000000e+02,-4.200000000000000000e+01
1.679988674771783113e+09,1.658400000000000000e+04,5.120000000000000000e+02,-7.840000000000000000e+02,-1.153000000000000000e+03,-6.220000000000000000e+02,-4.200000000000000000e+01
1.679988674772589207e+09,1.658400000000000000e+04,5.120000000000000000e+02,-7.840000000000000000e+02,-1.153000000000000000e+03,-6.220000000000000000e+02,-4.200000000000000000e+01
1.679988674774798632e+09,1.658400000000000000e+04,5.120000000000000000e+02,-7.840000000000000000e+02,-1.153000000000000000e+03,-6.220000000000000000e+02,-4.200000000000000000e+01
1.679988674775636911e+09,1.658400000000000000e+04,5.120000000000000000e+02,-7.840000000000000000e+02,-1.153000000000000000e+03,-6.220000000000000000e+02,-4.200000000000000000e+01
1.679988674778188229e+09,1.658400000000000000e+04,5.120000000000000000e+02,-7.840000000000000000e+02,-1.153000000000000000e+03,-6.220000000000000000e+02,-4.200000000000000000e+01
1.679988674779158354e+09,1.658400000000000000e+04,5.120000000000000000e+02,-7.840000000000000000e+02,-1.153000000000000000e+03,-6.220000000000000000e+02,-4.200000000000000000e+01
1.679988674781333685e+09,1.658400000000000000e+04,5.120000000000000000e+02,-7.840000000000000000e+02,-1.153000000000000000e+03,-6.220000000000000000e+02,-4.200000000000000000e+01
1.679988674783062458e+09,1.658400000000000000e+04,5.120000000000000000e+02,-7.840000000000000000e+02,-1.153000000000000000e+03,-6.220000000000000000e+02,-4.200000000000000000e+01
1.679988674785300732e+09,1.658400000000000000e+04,5.120000000000000000e+02,-7.840000000000000000e+02,-1.153000000000000000e+03,-6.220000000000000000e+02,-4.200000000000000000e+01
1.679988674786072969e+09,1.658400000000000000e+04,5.120000000000000000e+02,-7.840000000000000000e+02,-1.153000000000000000e+03,-6.220000000000000000e+02,-4.200000000000000000e+01
1.679988674788151026e+09,1.658400000000000000e+04,5.120000000000000000e+02,-7.840000000000000000e+02,-1.153000000000000000e+03,-6.220000000000000000e+02,-4.200000000000000000e+01
1.679988674789050102e+09,1.658400000000000000e+04,5.120000000000000000e+02,-7.840000000000000000e+02,-1.153000000000000000e+03,-6.220000000000000000e+02,-4.200000000000000000e+01
1.679988674791069508e+09,1.658400000000000000e+04,5.120000000000000000e+02,-7.840000000000000000e+02,-1.153000000000000000e+03,-6.220000000000000000e+02,-4.200000000000000000e+01
1.679988674792100191e+09,1.658400000000000000e+04,5.120000000000000000e+02,-7.840000000000000000e+02,-1.153000000000000000e+03,-6.220000000000000000e+02,-4.200000000000000000e+01
1.679988674794098377e+09,1.658400000000000000e+04,5.120000000000000000e+02,-7.840000000000000000e+02,-1.153000000000000000e+03,-6.220000000000000000e+02,-4.200000000000000000e+01
1.679988674795176983e+09,1.658400000000000000e+04,5.120000000000000000e+02,-7.840000000000000000e+02,-1.153000000000000000e+03,-6.220000000000000000e+02,-4.200000000000000000e+01
1.679988674797189713e+09,1.658400000000000000e+04,5.120000000000000000e+02,-7.840000000000000000e+02,-1.153000000000000000e+03,-6.220000000000000000e+02,-4.200000000000000000e+01
1.679988674798253536e+09,1.658400000000000000e+04,5.120000000000000000e+02,-7.840000000000000000e+02,-1.153000000000000000e+03,-6.220000000000000000e+02,-4.200000000000000000e+01
1.679988674800210714e+09,1.658400000000000000e+04,5.120000000000000000e+02,-7.840000000000000000e+02,-1.153000000000000000e+03,-6.220000000000000000e+02,-4.200000000000000000e+01
1.679988674801350355e+09,1.658400000000000000e+04,5.120000000000000000e+02,-7.840000000000000000e+02,-1.153000000000000000e+03,-6.220000000000000000e+02,-4.200000000000000000e+01
1.679988674803335667e+09,1.658400000000000000e+04,5.120000000000000000e+02,-7.840000000000000000e+02,-1.153000000000000000e+03,-6.220000000000000000e+02,-4.200000000000000000e+01
1.679988674804406166e+09,1.658400000000000000e+04,5.120000000000000000e+02,-7.840000000000000000e+02,-1.153000000000000000e+03,-6.220000000000000000e+02,-4.200000000000000000e+01
1.679988674806468725e+09,1.658400000000000000e+04,5.120000000000000000e+02,-7.840000000000000000e+02,-1.153000000000000000e+03,-6.220000000000000000e+02,-4.200000000000000000e+01
1.679988674807472467e+09,1.658400000000000000e+04,5.120000000000000000e+02,-7.840000000000000000e+02,-1.153000000000000000e+03,-6.220000000000000000e+02,-4.200000000000000000e+01
1.679988674809525490e+09,1.658400000000000000e+04,5.120000000000000000e+02,-7.840000000000000000e+02,-1.153000000000000000e+03,-6.220000000000000000e+02,-4.200000000000000000e+01
1.679988674810473680e+09,1.658400000000000000e+04,5.120000000000000000e+02,-7.840000000000000000e+02,-1.153000000000000000e+03,-6.220000000000000000e+02,-4.200000000000000000e+01
1.679988674812479973e+09,1.658400000000000000e+04,5.120000000000000000e+02,-7.840000000000000000e+02,-1.153000000000000000e+03,-6.220000000000000000e+02,-4.200000000000000000e+01
1.679988674813538790e+09,1.658400000000000000e+04,5.120000000000000000e+02,-7.840000000000000000e+02,-1.153000000000000000e+03,-6.220000000000000000e+02,-4.200000000000000000e+01
1.679988674815656185e+09,1.658400000000000000e+04,5.120000000000000000e+02,-7.840000000000000000e+02,-1.153000000000000000e+03,-6.220000000000000000e+02,-4.200000000000000000e+01
1.679988674816509962e+09,1.658400000000000000e+04,5.120000000000000000e+02,-7.840000000000000000e+02,-1.153000000000000000e+03,-6.220000000000000000e+02,-4.200000000000000000e+01
1.679988674818479300e+09,1.658400000000000000e+04,5.120000000000000000e+02,-7.840000000000000000e+02,-1.153000000000000000e+03,-6.220000000000000000e+02,-4.200000000000000000e+01
1.679988674819579601e+09,1.658400000000000000e+04,5.120000000000000000e+02,-7.840000000000000000e+02,-1.153000000000000000e+03,-6.220000000000000000e+02,-4.200000000000000000e+01
1.679988674821599722e+09,1.658400000000000000e+04,5.120000000000000000e+02,-7.840000000000000000e+02,-1.153000000000000000e+03,-6.220000000000000000e+02,-4.200000000000000000e+01
1.679988674822608232e+09,1.658400000000000000e+04,5.120000000000000000e+02,-7.840000000000000000e+02,-1.153000000000000000e+03,-6.220000000000000000e+02,-4.200000000000000000e+01
1.679988674824584961e+09,1.658400000000000000e+04,5.120000000000000000e+02,-7.840000000000000000e+02,-1.153000000000000000e+03,-6.220000000000000000e+02,-4.200000000000000000e+01
1.679988674825718880e+09,1.658400000000000000e+04,5.120000000000000000e+02,-7.840000000000000000e+02,-1.153000000000000000e+03,-6.220000000000000000e+02,-4.200000000000000000e+01
1.679988674827743053e+09,1.658400000000000000e+04,5.120000000000000000e+02,-7.840000000000000000e+02,-1.153000000000000000e+03,-6.220000000000000000e+02,-4.200000000000000000e+01
1.679988674828740597e+09,1.658400000000000000e+04,5.120000000000000000e+02,-7.840000000000000000e+02,-1.153000000000000000e+03,-6.220000000000000000e+02,-4.200000000000000000e+01
1.679988674830732584e+09,1.658400000000000000e+04,5.120000000000000000e+02,-7.840000000000000000e+02,-1.153000000000000000e+03,-6.220000000000000000e+02,-4.200000000000000000e+01
1.679988674831818581e+09,1.658400000000000000e+04,5.120000000000000000e+02,-7.840000000000000000e+02,-1.153000000000000000e+03,-6.220000000000000000e+02,-4.200000000000000000e+01
1.679988674833787441e+09,1.658400000000000000e+04,5.120000000000000000e+02,-7.840000000000000000e+02,-1.153000000000000000e+03,-6.220000000000000000e+02,-4.200000000000000000e+01
1.679988674834908485e+09,1.658400000000000000e+04,5.120000000000000000e+02,-7.840000000000000000e+02,-1.153000000000000000e+03,-6.220000000000000000e+02,-4.200000000000000000e+01
1.679988674836946487e+09,1.658400000000000000e+04,5.120000000000000000e+02,-7.840000000000000000e+02,-1.153000000000000000e+03,-6.220000000000000000e+02,-4.200000000000000000e+01
1.679988674837998152e+09,1.658400000000000000e+04,5.120000000000000000e+02,-7.840000000000000000e+02,-1.153000000000000000e+03,-6.220000000000000000e+02,-4.200000000000000000e+01
1.679988674839984179e+09,1.658400000000000000e+04,5.120000000000000000e+02,-7.840000000000000000e+02,-1.153000000000000000e+03,-6.220000000000000000e+02,-4.200000000000000000e+01
1.679988674841070175e+09,1.658400000000000000e+04,5.120000000000000000e+02,-7.840000000000000000e+02,-1.153000000000000000e+03,-6.220000000000000000e+02,-4.200000000000000000e+01
1.679988674843075514e+09,1.658400000000000000e+04,5.120000000000000000e+02,-7.840000000000000000e+02,-1.153000000000000000e+03,-6.220000000000000000e+02,-4.200000000000000000e+01
1.679988674844147682e+09,1.658400000000000000e+04,5.120000000000000000e+02,-7.840000000000000000e+02,-1.153000000000000000e+03,-6.220000000000000000e+02,-4.200000000000000000e+01
1.679988674846187353e+09,1.658400000000000000e+04,5.120000000000000000e+02,-7.840000000000000000e+02,-1.153000000000000000e+03,-6.220000000000000000e+02,-4.200000000000000000e+01
1.679988674847213984e+09,1.658400000000000000e+04,5.120000000000000000e+02,-7.840000000000000000e+02,-1.153000000000000000e+03,-6.220000000000000000e+02,-4.200000000000000000e+01
1.679988674849203348e+09,1.658400000000000000e+04,5.120000000000000000e+02,-7.840000000000000000e+02,-1.153000000000000000e+03,-6.220000000000000000e+02,-4.200000000000000000e+01
1.679988674850283146e+09,1.658400000000000000e+04,5.120000000000000000e+02,-7.840000000000000000e+02,-1.153000000000000000e+03,-6.220000000000000000e+02,-4.200000000000000000e+01
1.679988674852277279e+09,1.658400000000000000e+04,5.120000000000000000e+02,-7.840000000000000000e+02,-1.153000000000000000e+03,-6.220000000000000000e+02,-4.200000000000000000e+01
1.679988674853358030e+09,1.658400000000000000e+04,5.120000000000000000e+02,-7.840000000000000000e+02,-1.153000000000000000e+03,-6.220000000000000000e+02,-4.200000000000000000e+01
1.679988674855369568e+09,1.658400000000000000e+04,5.120000000000000000e+02,-7.840000000000000000e+02,-1.153000000000000000e+03,-6.220000000000000000e+02,-4.200000000000000000e+01
1.679988674856436968e+09,1.658400000000000000e+04,5.120000000000000000e+02,-7.840000000000000000e+02,-1.153000000000000000e+03,-6.220000000000000000e+02,-4.200000000000000000e+01
1.679988674858449459e+09,1.658400000000000000e+04,5.120000000000000000e+02,-7.840000000000000000e+02,-1.153000000000000000e+03,-6.220000000000000000e+02,-4.200000000000000000e+01
1.679988674859456539e+09,1.658400000000000000e+04,5.120000000000000000e+02,-7.840000000000000000e+02,-1.153000000000000000e+03,-6.220000000000000000e+02,-4.200000000000000000e+01
1.679988674861457586e+09,1.658400000000000000e+04,5.120000000000000000e+02,-7.840000000000000000e+02,-1.153000000000000000e+03,-6.220000000000000000e+02,-4.200000000000000000e+01
1.679988674862525940e+09,1.658400000000000000e+04,5.120000000000000000e+02,-7.840000000000000000e+02,-1.153000000000000000e+03,-6.220000000000000000e+02,-4.200000000000000000e+01
1.679988674864540100e+09,1.658400000000000000e+04,5.120000000000000000e+02,-7.840000000000000000e+02,-1.153000000000000000e+03,-6.220000000000000000e+02,-4.200000000000000000e+01
1.679988674865588903e+09,1.658400000000000000e+04,5.120000000000000000e+02,-7.840000000000000000e+02,-1.153000000000000000e+03,-6.220000000000000000e+02,-4.200000000000000000e+01
1.679988674867611170e+09,1.658400000000000000e+04,5.120000000000000000e+02,-7.840000000000000000e+02,-1.153000000000000000e+03,-6.220000000000000000e+02,-4.200000000000000000e+01
1.679988674868623257e+09,1.658400000000000000e+04,5.120000000000000000e+02,-7.840000000000000000e+02,-1.153000000000000000e+03,-6.220000000000000000e+02,-4.200000000000000000e+01
1.679988674870674849e+09,1.658400000000000000e+04,5.120000000000000000e+02,-7.840000000000000000e+02,-1.153000000000000000e+03,-6.220000000000000000e+02,-4.200000000000000000e+01
1.679988674871644974e+09,1.658400000000000000e+04,5.120000000000000000e+02,-7.840000000000000000e+02,-1.153000000000000000e+03,-6.220000000000000000e+02,-4.200000000000000000e+01
1.679988674873681068e+09,1.658400000000000000e+04,5.120000000000000000e+02,-7.840000000000000000e+02,-1.153000000000000000e+03,-6.220000000000000000e+02,-4.200000000000000000e+01
1.679988674874795675e+09,1.658400000000000000e+04,5.120000000000000000e+02,-7.840000000000000000e+02,-1.153000000000000000e+03,-6.220000000000000000e+02,-4.200000000000000000e+01
1.679988674876877785e+09,1.658400000000000000e+04,5.120000000000000000e+02,-7.840000000000000000e+02,-1.153000000000000000e+03,-6.220000000000000000e+02,-4.200000000000000000e+01
1.679988674877855062e+09,1.658400000000000000e+04,5.120000000000000000e+02,-7.840000000000000000e+02,-1.153000000000000000e+03,-6.220000000000000000e+02,-4.200000000000000000e+01
1.679988674879874706e+09,1.658400000000000000e+04,5.120000000000000000e+02,-7.840000000000000000e+02,-1.153000000000000000e+03,-6.220000000000000000e+02,-4.200000000000000000e+01
1.679988674880899668e+09,1.658400000000000000e+04,5.120000000000000000e+02,-7.840000000000000000e+02,-1.153000000000000000e+03,-6.220000000000000000e+02,-4.200000000000000000e+01
1.679988674882892132e+09,1.658400000000000000e+04,5.120000000000000000e+02,-7.840000000000000000e+02,-1.153000000000000000e+03,-6.220000000000000000e+02,-4.200000000000000000e+01
1.679988674883974552e+09,1.658400000000000000e+04,5.120000000000000000e+02,-7.840000000000000000e+02,-1.153000000000000000e+03,-6.220000000000000000e+02,-4.200000000000000000e+01
1.679988674886014223e+09,1.658400000000000000e+04,5.120000000000000000e+02,-7.840000000000000000e+02,-1.153000000000000000e+03,-6.220000000000000000e+02,-4.200000000000000000e+01
1.679988674887069702e+09,1.658400000000000000e+04,5.120000000000000000e+02,-7.840000000000000000e+02,-1.153000000000000000e+03,-6.220000000000000000e+02,-4.200000000000000000e+01
1.679988674889068842e+09,1.658400000000000000e+04,5.120000000000000000e+02,-7.840000000000000000e+02,-1.153000000000000000e+03,-6.220000000000000000e+02,-4.200000000000000000e+01
1.679988674890141487e+09,1.658400000000000000e+04,5.120000000000000000e+02,-7.840000000000000000e+02,-1.153000000000000000e+03,-6.220000000000000000e+02,-4.200000000000000000e+01
1.679988674892173052e+09,1.658400000000000000e+04,5.120000000000000000e+02,-7.840000000000000000e+02,-1.153000000000000000e+03,-6.220000000000000000e+02,-4.200000000000000000e+01
1.679988674893186569e+09,1.658400000000000000e+04,5.120000000000000000e+02,-7.840000000000000000e+02,-1.153000000000000000e+03,-6.220000000000000000e+02,-4.200000000000000000e+01
1.679988674895186901e+09,1.658400000000000000e+04,5.120000000000000000e+02,-7.840000000000000000e+02,-1.153000000000000000e+03,-6.220000000000000000e+02,-4.200000000000000000e+01
1.679988674896304131e+09,1.658400000000000000e+04,5.120000000000000000e+02,-7.840000000000000000e+02,-1.153000000000000000e+03,-6.220000000000000000e+02,-4.200000000000000000e+01
1.679988674898328543e+09,1.658400000000000000e+04,5.120000000000000000e+02,-7.840000000000000000e+02,-1.153000000000000000e+03,-6.220000000000000000e+02,-4.200000000000000000e+01
1.679988674899358988e+09,1.658400000000000000e+04,5.120000000000000000e+02,-7.840000000000000000e+02,-1.153000000000000000e+03,-6.220000000000000000e+02,-4.200000000000000000e+01
1.679988674901354313e+09,1.658400000000000000e+04,5.120000000000000000e+02,-7.840000000000000000e+02,-1.153000000000000000e+03,-6.220000000000000000e+02,-4.200000000000000000e+01
1.679988674902448654e+09,1.658400000000000000e+04,5.120000000000000000e+02,-7.840000000000000000e+02,-1.153000000000000000e+03,-6.220000000000000000e+02,-4.200000000000000000e+01
1.679988674905214787e+09,1.658400000000000000e+04,5.120000000000000000e+02,-7.840000000000000000e+02,-1.153000000000000000e+03,-6.220000000000000000e+02,-4.200000000000000000e+01
1.679988674905881882e+09,1.658400000000000000e+04,5.120000000000000000e+02,-7.840000000000000000e+02,-1.153000000000000000e+03,-6.220000000000000000e+02,-4.200000000000000000e+01
1.679988674908294916e+09,1.658400000000000000e+04,5.120000000000000000e+02,-7.840000000000000000e+02,-1.153000000000000000e+03,-6.220000000000000000e+02,-4.200000000000000000e+01
1.679988674908918619e+09,1.658400000000000000e+04,5.120000000000000000e+02,-7.840000000000000000e+02,-1.153000000000000000e+03,-6.220000000000000000e+02,-4.200000000000000000e+01
1.679988674911293268e+09,1.658400000000000000e+04,5.120000000000000000e+02,-7.840000000000000000e+02,-1.153000000000000000e+03,-6.220000000000000000e+02,-4.200000000000000000e+01
1.679988674911934376e+09,1.658400000000000000e+04,5.120000000000000000e+02,-7.840000000000000000e+02,-1.153000000000000000e+03,-6.220000000000000000e+02,-4.200000000000000000e+01
1.679988674914310455e+09,1.658400000000000000e+04,5.120000000000000000e+02,-7.840000000000000000e+02,-1.153000000000000000e+03,-6.220000000000000000e+02,-4.200000000000000000e+01
1.679988674914932251e+09,1.658400000000000000e+04,5.120000000000000000e+02,-7.840000000000000000e+02,-1.153000000000000000e+03,-6.220000000000000000e+02,-4.200000000000000000e+01
1.679988674917356491e+09,1.658400000000000000e+04,5.120000000000000000e+02,-7.840000000000000000e+02,-1.153000000000000000e+03,-6.220000000000000000e+02,-4.200000000000000000e+01
1.679988674918002844e+09,1.658400000000000000e+04,5.120000000000000000e+02,-7.840000000000000000e+02,-1.153000000000000000e+03,-6.220000000000000000e+02,-4.200000000000000000e+01
1.679988674920369387e+09,1.658400000000000000e+04,5.120000000000000000e+02,-7.840000000000000000e+02,-1.153000000000000000e+03,-6.220000000000000000e+02,-4.200000000000000000e+01
1.679988674920989752e+09,1.658400000000000000e+04,5.120000000000000000e+02,-7.840000000000000000e+02,-1.153000000000000000e+03,-6.220000000000000000e+02,-4.200000000000000000e+01
1.679988674923376799e+09,1.658400000000000000e+04,5.120000000000000000e+02,-7.840000000000000000e+02,-1.153000000000000000e+03,-6.220000000000000000e+02,-4.200000000000000000e+01
1.679988674924023390e+09,1.658400000000000000e+04,5.120000000000000000e+02,-7.840000000000000000e+02,-1.153000000000000000e+03,-6.220000000000000000e+02,-4.200000000000000000e+01
1.679988674926442385e+09,1.658400000000000000e+04,5.120000000000000000e+02,-7.840000000000000000e+02,-1.153000000000000000e+03,-6.220000000000000000e+02,-4.200000000000000000e+01
1.679988674927064657e+09,1.658400000000000000e+04,5.120000000000000000e+02,-7.840000000000000000e+02,-1.153000000000000000e+03,-6.220000000000000000e+02,-4.200000000000000000e+01
1.679988674929431438e+09,1.658400000000000000e+04,5.120000000000000000e+02,-7.840000000000000000e+02,-1.153000000000000000e+03,-6.220000000000000000e+02,-4.200000000000000000e+01
1.679988674930068254e+09,1.658400000000000000e+04,5.120000000000000000e+02,-7.840000000000000000e+02,-1.153000000000000000e+03,-6.220000000000000000e+02,-4.200000000000000000e+01
1.679988674932431459e+09,1.658400000000000000e+04,5.120000000000000000e+02,-7.840000000000000000e+02,-1.153000000000000000e+03,-6.220000000000000000e+02,-4.200000000000000000e+01
1.679988674933059692e+09,1.658400000000000000e+04,5.120000000000000000e+02,-7.840000000000000000e+02,-1.153000000000000000e+03,-6.220000000000000000e+02,-4.200000000000000000e+01
1.679988674935432196e+09,1.658400000000000000e+04,5.120000000000000000e+02,-7.840000000000000000e+02,-1.153000000000000000e+03,-6.220000000000000000e+02,-4.200000000000000000e+01
1.679988674936095953e+09,1.658400000000000000e+04,5.120000000000000000e+02,-7.840000000000000000e+02,-1.153000000000000000e+03,-6.220000000000000000e+02,-4.200000000000000000e+01
1.679988674938603401e+09,1.658400000000000000e+04,5.120000000000000000e+02,-7.840000000000000000e+02,-1.153000000000000000e+03,-6.220000000000000000e+02,-4.200000000000000000e+01
1.679988674939325333e+09,1.658400000000000000e+04,5.120000000000000000e+02,-7.840000000000000000e+02,-1.153000000000000000e+03,-6.220000000000000000e+02,-4.200000000000000000e+01
1.679988674941733360e+09,1.658400000000000000e+04,5.120000000000000000e+02,-7.840000000000000000e+02,-1.153000000000000000e+03,-6.220000000000000000e+02,-4.200000000000000000e+01
1.679988674942382812e+09,1.658400000000000000e+04,5.120000000000000000e+02,-7.840000000000000000e+02,-1.153000000000000000e+03,-6.220000000000000000e+02,-4.200000000000000000e+01
1.679988674944749832e+09,1.658400000000000000e+04,5.120000000000000000e+02,-7.840000000000000000e+02,-1.153000000000000000e+03,-6.220000000000000000e+02,-4.200000000000000000e+01
1.679988674945376873e+09,1.658400000000000000e+04,5.120000000000000000e+02,-7.840000000000000000e+02,-1.153000000000000000e+03,-6.220000000000000000e+02,-4.200000000000000000e+01
1.679988674947791815e+09,1.658400000000000000e+04,5.120000000000000000e+02,-7.840000000000000000e+02,-1.153000000000000000e+03,-6.220000000000000000e+02,-4.200000000000000000e+01
1.679988674948456526e+09,1.658400000000000000e+04,5.120000000000000000e+02,-7.840000000000000000e+02,-1.153000000000000000e+03,-6.220000000000000000e+02,-4.200000000000000000e+01
1.679988674950875044e+09,1.658400000000000000e+04,5.120000000000000000e+02,-7.840000000000000000e+02,-1.153000000000000000e+03,-6.220000000000000000e+02,-4.200000000000000000e+01
1.679988674951495171e+09,1.658400000000000000e+04,5.120000000000000000e+02,-7.840000000000000000e+02,-1.153000000000000000e+03,-6.220000000000000000e+02,-4.200000000000000000e+01
1.679988674953893423e+09,1.658400000000000000e+04,5.120000000000000000e+02,-7.840000000000000000e+02,-1.153000000000000000e+03,-6.220000000000000000e+02,-4.200000000000000000e+01
1.679988674954550505e+09,1.658400000000000000e+04,5.120000000000000000e+02,-7.840000000000000000e+02,-1.153000000000000000e+03,-6.220000000000000000e+02,-4.200000000000000000e+01
1.679988674956946373e+09,1.658400000000000000e+04,5.120000000000000000e+02,-7.840000000000000000e+02,-1.153000000000000000e+03,-6.220000000000000000e+02,-4.200000000000000000e+01
1.679988674957570076e+09,1.658400000000000000e+04,5.120000000000000000e+02,-7.840000000000000000e+02,-1.153000000000000000e+03,-6.220000000000000000e+02,-4.200000000000000000e+01
1.679988674960009098e+09,1.658400000000000000e+04,5.120000000000000000e+02,-7.840000000000000000e+02,-1.153000000000000000e+03,-6.220000000000000000e+02,-4.200000000000000000e+01
1.679988674960646152e+09,1.658400000000000000e+04,5.120000000000000000e+02,-7.840000000000000000e+02,-1.153000000000000000e+03,-6.220000000000000000e+02,-4.200000000000000000e+01
1.679988674963042974e+09,1.658400000000000000e+04,5.120000000000000000e+02,-7.840000000000000000e+02,-1.153000000000000000e+03,-6.220000000000000000e+02,-4.200000000000000000e+01
1.679988674963675499e+09,1.658400000000000000e+04,5.120000000000000000e+02,-7.840000000000000000e+02,-1.153000000000000000e+03,-6.220000000000000000e+02,-4.200000000000000000e+01
1.679988674966121912e+09,1.658400000000000000e+04,5.120000000000000000e+02,-7.840000000000000000e+02,-1.153000000000000000e+03,-6.220000000000000000e+02,-4.200000000000000000e+01
1.679988674966748238e+09,1.658400000000000000e+04,5.120000000000000000e+02,-7.840000000000000000e+02,-1.153000000000000000e+03,-6.220000000000000000e+02,-4.200000000000000000e+01
1.679988674969144344e+09,1.658400000000000000e+04,5.120000000000000000e+02,-7.840000000000000000e+02,-1.153000000000000000e+03,-6.220000000000000000e+02,-4.200000000000000000e+01
1.679988674969775200e+09,1.658400000000000000e+04,5.120000000000000000e+02,-7.840000000000000000e+02,-1.153000000000000000e+03,-6.220000000000000000e+02,-4.200000000000000000e+01
1.679988674972159386e+09,1.658400000000000000e+04,5.120000000000000000e+02,-7.840000000000000000e+02,-1.153000000000000000e+03,-6.220000000000000000e+02,-4.200000000000000000e+01
1.679988674972805023e+09,1.658400000000000000e+04,5.120000000000000000e+02,-7.840000000000000000e+02,-1.153000000000000000e+03,-6.220000000000000000e+02,-4.200000000000000000e+01
1.679988674975189447e+09,1.658400000000000000e+04,5.120000000000000000e+02,-7.840000000000000000e+02,-1.153000000000000000e+03,-6.220000000000000000e+02,-4.200000000000000000e+01
1.679988674975883484e+09,1.658400000000000000e+04,5.120000000000000000e+02,-7.840000000000000000e+02,-1.153000000000000000e+03,-6.220000000000000000e+02,-4.200000000000000000e+01
1.679988674978260517e+09,1.658400000000000000e+04,5.120000000000000000e+02,-7.840000000000000000e+02,-1.153000000000000000e+03,-6.220000000000000000e+02,-4.200000000000000000e+01
1.679988674978897810e+09,1.658400000000000000e+04,5.120000000000000000e+02,-7.840000000000000000e+02,-1.153000000000000000e+03,-6.220000000000000000e+02,-4.200000000000000000e+01
1.679988674981291294e+09,1.658400000000000000e+04,5.120000000000000000e+02,-7.840000000000000000e+02,-1.153000000000000000e+03,-6.220000000000000000e+02,-4.200000000000000000e+01
1.679988674981912851e+09,1.658400000000000000e+04,5.120000000000000000e+02,-7.840000000000000000e+02,-1.153000000000000000e+03,-6.220000000000000000e+02,-4.200000000000000000e+01
1.679988674984319925e+09,1.658400000000000000e+04,5.120000000000000000e+02,-7.840000000000000000e+02,-1.153000000000000000e+03,-6.220000000000000000e+02,-4.200000000000000000e+01
1.679988674984965801e+09,1.658400000000000000e+04,5.120000000000000000e+02,-7.840000000000000000e+02,-1.153000000000000000e+03,-6.220000000000000000e+02,-4.200000000000000000e+01
1.679988674987304211e+09,1.658400000000000000e+04,5.120000000000000000e+02,-7.840000000000000000e+02,-1.153000000000000000e+03,-6.220000000000000000e+02,-4.200000000000000000e+01
1.679988674987936735e+09,1.658400000000000000e+04,5.120000000000000000e+02,-7.840000000000000000e+02,-1.153000000000000000e+03,-6.220000000000000000e+02,-4.200000000000000000e+01
1.679988674990512371e+09,1.658400000000000000e+04,5.120000000000000000e+02,-7.840000000000000000e+02,-1.153000000000000000e+03,-6.220000000000000000e+02,-4.200000000000000000e+01
1.679988674991143227e+09,1.658400000000000000e+04,5.120000000000000000e+02,-7.840000000000000000e+02,-1.153000000000000000e+03,-6.220000000000000000e+02,-4.200000000000000000e+01
1.679988674993538618e+09,1.658400000000000000e+04,5.120000000000000000e+02,-7.840000000000000000e+02,-1.153000000000000000e+03,-6.220000000000000000e+02,-4.200000000000000000e+01
1.679988674994159460e+09,1.658400000000000000e+04,5.120000000000000000e+02,-7.840000000000000000e+02,-1.153000000000000000e+03,-6.220000000000000000e+02,-4.200000000000000000e+01
1.679988674996589661e+09,1.658400000000000000e+04,5.120000000000000000e+02,-7.840000000000000000e+02,-1.153000000000000000e+03,-6.220000000000000000e+02,-4.200000000000000000e+01
1.679988674997238636e+09,1.658400000000000000e+04,5.120000000000000000e+02,-7.840000000000000000e+02,-1.153000000000000000e+03,-6.220000000000000000e+02,-4.200000000000000000e+01
1.679988674999622107e+09,1.658400000000000000e+04,5.120000000000000000e+02,-7.840000000000000000e+02,-1.153000000000000000e+03,-6.220000000000000000e+02,-4.200000000000000000e+01
1.679988675000252485e+09,1.658400000000000000e+04,5.120000000000000000e+02,-7.840000000000000000e+02,-1.153000000000000000e+03,-6.220000000000000000e+02,-4.200000000000000000e+01
1.679988675002643347e+09,1.658400000000000000e+04,5.120000000000000000e+02,-7.840000000000000000e+02,-1.153000000000000000e+03,-6.220000000000000000e+02,-4.200000000000000000e+01
1.679988675003289461e+09,1.658400000000000000e+04,5.120000000000000000e+02,-7.840000000000000000e+02,-1.153000000000000000e+03,-6.220000000000000000e+02,-4.200000000000000000e+01
1.679988675005697250e+09,1.658400000000000000e+04,5.120000000000000000e+02,-7.840000000000000000e+02,-1.153000000000000000e+03,-6.220000000000000000e+02,-4.200000000000000000e+01
1.679988675006332636e+09,1.658400000000000000e+04,5.120000000000000000e+02,-7.840000000000000000e+02,-1.153000000000000000e+03,-6.220000000000000000e+02,-4.200000000000000000e+01
1.679988675008739471e+09,1.658400000000000000e+04,5.120000000000000000e+02,-7.840000000000000000e+02,-1.153000000000000000e+03,-6.220000000000000000e+02,-4.200000000000000000e+01
1.679988675009395599e+09,1.658400000000000000e+04,5.120000000000000000e+02,-7.840000000000000000e+02,-1.153000000000000000e+03,-6.220000000000000000e+02,-4.200000000000000000e+01
1.679988675011768579e+09,1.658400000000000000e+04,5.120000000000000000e+02,-7.840000000000000000e+02,-1.153000000000000000e+03,-6.220000000000000000e+02,-4.200000000000000000e+01
1.679988675012404203e+09,1.658400000000000000e+04,5.120000000000000000e+02,-7.840000000000000000e+02,-1.153000000000000000e+03,-6.220000000000000000e+02,-4.200000000000000000e+01
1.679988675014792919e+09,1.658400000000000000e+04,5.120000000000000000e+02,-7.840000000000000000e+02,-1.153000000000000000e+03,-6.220000000000000000e+02,-4.200000000000000000e+01
1.679988675015448570e+09,1.658400000000000000e+04,5.120000000000000000e+02,-7.840000000000000000e+02,-1.153000000000000000e+03,-6.220000000000000000e+02,-4.200000000000000000e+01
1.679988675018243551e+09,1.658400000000000000e+04,5.120000000000000000e+02,-7.840000000000000000e+02,-1.153000000000000000e+03,-6.220000000000000000e+02,-4.200000000000000000e+01
1.679988675018949986e+09,1.658400000000000000e+04,5.120000000000000000e+02,-7.840000000000000000e+02,-1.153000000000000000e+03,-6.220000000000000000e+02,-4.200000000000000000e+01
1.679988675021256685e+09,1.658400000000000000e+04,5.120000000000000000e+02,-7.840000000000000000e+02,-1.153000000000000000e+03,-6.220000000000000000e+02,-4.200000000000000000e+01
1.679988675021953821e+09,1.658400000000000000e+04,5.120000000000000000e+02,-7.840000000000000000e+02,-1.153000000000000000e+03,-6.220000000000000000e+02,-4.200000000000000000e+01
1.679988675024231672e+09,1.658400000000000000e+04,5.120000000000000000e+02,-7.840000000000000000e+02,-1.153000000000000000e+03,-6.220000000000000000e+02,-4.200000000000000000e+01
1.679988675024937391e+09,1.658400000000000000e+04,5.120000000000000000e+02,-7.840000000000000000e+02,-1.153000000000000000e+03,-6.220000000000000000e+02,-4.200000000000000000e+01
1.679988675027622938e+09,1.658400000000000000e+04,5.120000000000000000e+02,-7.840000000000000000e+02,-1.153000000000000000e+03,-6.220000000000000000e+02,-4.200000000000000000e+01
1.679988675028511763e+09,1.658400000000000000e+04,5.120000000000000000e+02,-7.840000000000000000e+02,-1.153000000000000000e+03,-6.220000000000000000e+02,-4.200000000000000000e+01
1.679988675030987263e+09,1.658400000000000000e+04,5.120000000000000000e+02,-7.840000000000000000e+02,-1.153000000000000000e+03,-6.220000000000000000e+02,-4.200000000000000000e+01
1.679988675031839848e+09,1.658400000000000000e+04,5.120000000000000000e+02,-7.840000000000000000e+02,-1.153000000000000000e+03,-6.220000000000000000e+02,-4.200000000000000000e+01
1.679988675034112930e+09,1.658400000000000000e+04,5.120000000000000000e+02,-7.840000000000000000e+02,-1.153000000000000000e+03,-6.220000000000000000e+02,-4.200000000000000000e+01
1.679988675034911394e+09,1.658400000000000000e+04,5.120000000000000000e+02,-7.840000000000000000e+02,-1.153000000000000000e+03,-6.220000000000000000e+02,-4.200000000000000000e+01
1.679988675037198782e+09,1.658400000000000000e+04,5.120000000000000000e+02,-7.840000000000000000e+02,-1.153000000000000000e+03,-6.220000000000000000e+02,-4.200000000000000000e+01
1.679988675038007975e+09,1.658400000000000000e+04,5.120000000000000000e+02,-7.840000000000000000e+02,-1.153000000000000000e+03,-6.220000000000000000e+02,-4.200000000000000000e+01
1.679988675040308475e+09,1.658400000000000000e+04,5.120000000000000000e+02,-7.840000000000000000e+02,-1.153000000000000000e+03,-6.220000000000000000e+02,-4.200000000000000000e+01
1.679988675041118383e+09,1.658400000000000000e+04,5.120000000000000000e+02,-7.840000000000000000e+02,-1.153000000000000000e+03,-6.220000000000000000e+02,-4.200000000000000000e+01
1.679988675043366909e+09,1.658400000000000000e+04,5.120000000000000000e+02,-7.840000000000000000e+02,-1.153000000000000000e+03,-6.220000000000000000e+02,-4.200000000000000000e+01
1.679988675044178486e+09,1.658400000000000000e+04,5.120000000000000000e+02,-7.840000000000000000e+02,-1.153000000000000000e+03,-6.220000000000000000e+02,-4.200000000000000000e+01
1.679988675046459436e+09,1.658400000000000000e+04,5.120000000000000000e+02,-7.840000000000000000e+02,-1.153000000000000000e+03,-6.220000000000000000e+02,-4.200000000000000000e+01
1.679988675047268867e+09,1.658400000000000000e+04,5.120000000000000000e+02,-7.840000000000000000e+02,-1.153000000000000000e+03,-6.220000000000000000e+02,-4.200000000000000000e+01
1.679988675049505234e+09,1.658400000000000000e+04,5.120000000000000000e+02,-7.840000000000000000e+02,-1.153000000000000000e+03,-6.220000000000000000e+02,-4.200000000000000000e+01
1.679988675050323009e+09,1.658400000000000000e+04,5.120000000000000000e+02,-7.840000000000000000e+02,-1.153000000000000000e+03,-6.220000000000000000e+02,-4.200000000000000000e+01
1.679988675052547693e+09,1.658400000000000000e+04,5.120000000000000000e+02,-7.840000000000000000e+02,-1.153000000000000000e+03,-6.220000000000000000e+02,-4.200000000000000000e+01
1.679988675053368330e+09,1.658400000000000000e+04,5.120000000000000000e+02,-7.840000000000000000e+02,-1.153000000000000000e+03,-6.220000000000000000e+02,-4.200000000000000000e+01
1.679988675055626154e+09,1.658400000000000000e+04,5.120000000000000000e+02,-7.840000000000000000e+02,-1.153000000000000000e+03,-6.220000000000000000e+02,-4.200000000000000000e+01
1.679988675056428194e+09,1.658400000000000000e+04,5.120000000000000000e+02,-7.840000000000000000e+02,-1.153000000000000000e+03,-6.220000000000000000e+02,-4.200000000000000000e+01
1.679988675058654785e+09,1.658400000000000000e+04,5.120000000000000000e+02,-7.840000000000000000e+02,-1.153000000000000000e+03,-6.220000000000000000e+02,-4.200000000000000000e+01
1.679988675059488058e+09,1.658400000000000000e+04,5.120000000000000000e+02,-7.840000000000000000e+02,-1.153000000000000000e+03,-6.220000000000000000e+02,-4.200000000000000000e+01
1.679988675061717272e+09,1.658400000000000000e+04,5.120000000000000000e+02,-7.840000000000000000e+02,-1.153000000000000000e+03,-6.220000000000000000e+02,-4.200000000000000000e+01
1.679988675062526941e+09,1.658400000000000000e+04,5.120000000000000000e+02,-7.840000000000000000e+02,-1.153000000000000000e+03,-6.220000000000000000e+02,-4.200000000000000000e+01
1.679988675064769268e+09,1.658400000000000000e+04,5.120000000000000000e+02,-7.840000000000000000e+02,-1.153000000000000000e+03,-6.220000000000000000e+02,-4.200000000000000000e+01
1.679988675065639973e+09,1.658400000000000000e+04,5.120000000000000000e+02,-7.840000000000000000e+02,-1.153000000000000000e+03,-6.220000000000000000e+02,-4.200000000000000000e+01
1.679988675067880392e+09,1.658400000000000000e+04,5.120000000000000000e+02,-7.840000000000000000e+02,-1.153000000000000000e+03,-6.220000000000000000e+02,-4.200000000000000000e+01
1.679988675068696022e+09,1.658400000000000000e+04,5.120000000000000000e+02,-7.840000000000000000e+02,-1.153000000000000000e+03,-6.220000000000000000e+02,-4.200000000000000000e+01
1.679988675070909977e+09,1.658400000000000000e+04,5.120000000000000000e+02,-7.840000000000000000e+02,-1.153000000000000000e+03,-6.220000000000000000e+02,-4.200000000000000000e+01
1.679988675071733713e+09,1.658400000000000000e+04,5.120000000000000000e+02,-7.840000000000000000e+02,-1.153000000000000000e+03,-6.220000000000000000e+02,-4.200000000000000000e+01
1.679988675074092627e+09,1.658400000000000000e+04,5.120000000000000000e+02,-7.840000000000000000e+02,-1.153000000000000000e+03,-6.220000000000000000e+02,-4.200000000000000000e+01
1.679988675074835539e+09,1.658400000000000000e+04,5.120000000000000000e+02,-7.840000000000000000e+02,-1.153000000000000000e+03,-6.220000000000000000e+02,-4.200000000000000000e+01
1.679988675077094078e+09,1.658400000000000000e+04,5.120000000000000000e+02,-7.840000000000000000e+02,-1.153000000000000000e+03,-6.220000000000000000e+02,-4.200000000000000000e+01
1.679988675077909946e+09,1.658400000000000000e+04,5.120000000000000000e+02,-7.840000000000000000e+02,-1.153000000000000000e+03,-6.220000000000000000e+02,-4.200000000000000000e+01
1.679988675080132246e+09,1.658400000000000000e+04,5.120000000000000000e+02,-7.840000000000000000e+02,-1.153000000000000000e+03,-6.220000000000000000e+02,-4.200000000000000000e+01
1.679988675080953360e+09,1.658400000000000000e+04,5.120000000000000000e+02,-7.840000000000000000e+02,-1.153000000000000000e+03,-6.220000000000000000e+02,-4.200000000000000000e+01
1.679988675083211660e+09,1.658400000000000000e+04,5.120000000000000000e+02,-7.840000000000000000e+02,-1.153000000000000000e+03,-6.220000000000000000e+02,-4.200000000000000000e+01
1.679988675084036589e+09,1.658400000000000000e+04,5.120000000000000000e+02,-7.840000000000000000e+02,-1.153000000000000000e+03,-6.220000000000000000e+02,-4.200000000000000000e+01
1.679988675086339951e+09,1.658400000000000000e+04,5.120000000000000000e+02,-7.840000000000000000e+02,-1.153000000000000000e+03,-6.220000000000000000e+02,-4.200000000000000000e+01
1.679988675087157726e+09,1.658400000000000000e+04,5.120000000000000000e+02,-7.840000000000000000e+02,-1.153000000000000000e+03,-6.220000000000000000e+02,-4.200000000000000000e+01
1.679988675089388132e+09,1.658400000000000000e+04,5.120000000000000000e+02,-7.840000000000000000e+02,-1.153000000000000000e+03,-6.220000000000000000e+02,-4.200000000000000000e+01
1.679988675090230703e+09,1.658400000000000000e+04,5.120000000000000000e+02,-7.840000000000000000e+02,-1.153000000000000000e+03,-6.220000000000000000e+02,-4.200000000000000000e+01
1.679988675092468023e+09,1.658400000000000000e+04,5.120000000000000000e+02,-7.840000000000000000e+02,-1.153000000000000000e+03,-6.220000000000000000e+02,-4.200000000000000000e+01
1.679988675093284607e+09,1.658400000000000000e+04,5.120000000000000000e+02,-7.840000000000000000e+02,-1.153000000000000000e+03,-6.220000000000000000e+02,-4.200000000000000000e+01
1.679988675095554829e+09,1.658400000000000000e+04,5.120000000000000000e+02,-7.840000000000000000e+02,-1.153000000000000000e+03,-6.220000000000000000e+02,-4.200000000000000000e+01
1.679988675096370459e+09,1.658400000000000000e+04,5.120000000000000000e+02,-7.840000000000000000e+02,-1.153000000000000000e+03,-6.220000000000000000e+02,-4.200000000000000000e+01
1.679988675098631620e+09,1.658400000000000000e+04,5.120000000000000000e+02,-7.840000000000000000e+02,-1.153000000000000000e+03,-6.220000000000000000e+02,-4.200000000000000000e+01
1.679988675099449158e+09,1.658400000000000000e+04,5.120000000000000000e+02,-7.840000000000000000e+02,-1.153000000000000000e+03,-6.220000000000000000e+02,-4.200000000000000000e+01
1.679988675101688385e+09,1.658400000000000000e+04,5.120000000000000000e+02,-7.840000000000000000e+02,-1.153000000000000000e+03,-6.220000000000000000e+02,-4.200000000000000000e+01
1.679988675102515459e+09,1.658400000000000000e+04,5.120000000000000000e+02,-7.840000000000000000e+02,-1.153000000000000000e+03,-6.220000000000000000e+02,-4.200000000000000000e+01
1.679988675104747295e+09,1.658400000000000000e+04,5.120000000000000000e+02,-7.840000000000000000e+02,-1.153000000000000000e+03,-6.220000000000000000e+02,-4.200000000000000000e+01
1.679988675105621338e+09,1.658400000000000000e+04,5.120000000000000000e+02,-7.840000000000000000e+02,-1.153000000000000000e+03,-6.220000000000000000e+02,-4.200000000000000000e+01
1.679988675107848644e+09,1.658400000000000000e+04,5.120000000000000000e+02,-7.840000000000000000e+02,-1.153000000000000000e+03,-6.220000000000000000e+02,-4.200000000000000000e+01
1.679988675108675241e+09,1.658400000000000000e+04,5.120000000000000000e+02,-7.840000000000000000e+02,-1.153000000000000000e+03,-6.220000000000000000e+02,-4.200000000000000000e+01
1.679988675110930443e+09,1.658400000000000000e+04,5.120000000000000000e+02,-7.840000000000000000e+02,-1.153000000000000000e+03,-6.220000000000000000e+02,-4.200000000000000000e+01
1.679988675111759663e+09,1.658400000000000000e+04,5.120000000000000000e+02,-7.840000000000000000e+02,-1.153000000000000000e+03,-6.220000000000000000e+02,-4.200000000000000000e+01
1.679988675113995790e+09,1.658400000000000000e+04,5.120000000000000000e+02,-7.840000000000000000e+02,-1.153000000000000000e+03,-6.220000000000000000e+02,-4.200000000000000000e+01
1.679988675114825010e+09,1.658400000000000000e+04,5.120000000000000000e+02,-7.840000000000000000e+02,-1.153000000000000000e+03,-6.220000000000000000e+02,-4.200000000000000000e+01
1.679988675117094517e+09,1.658400000000000000e+04,5.120000000000000000e+02,-7.840000000000000000e+02,-1.153000000000000000e+03,-6.220000000000000000e+02,-4.200000000000000000e+01
1.679988675117905140e+09,1.658400000000000000e+04,5.120000000000000000e+02,-7.840000000000000000e+02,-1.153000000000000000e+03,-6.220000000000000000e+02,-4.200000000000000000e+01
1.679988675120159388e+09,1.658400000000000000e+04,5.120000000000000000e+02,-7.840000000000000000e+02,-1.153000000000000000e+03,-6.220000000000000000e+02,-4.200000000000000000e+01
1.679988675120977879e+09,1.658400000000000000e+04,5.120000000000000000e+02,-7.840000000000000000e+02,-1.153000000000000000e+03,-6.220000000000000000e+02,-4.200000000000000000e+01
1.679988675123216152e+09,1.658400000000000000e+04,5.120000000000000000e+02,-7.840000000000000000e+02,-1.153000000000000000e+03,-6.220000000000000000e+02,-4.200000000000000000e+01
1.679988675124033213e+09,1.658400000000000000e+04,5.120000000000000000e+02,-7.840000000000000000e+02,-1.153000000000000000e+03,-6.220000000000000000e+02,-4.200000000000000000e+01
1.679988675126311779e+09,1.658400000000000000e+04,5.120000000000000000e+02,-7.840000000000000000e+02,-1.153000000000000000e+03,-6.220000000000000000e+02,-4.200000000000000000e+01
1.679988675127114296e+09,1.658400000000000000e+04,5.120000000000000000e+02,-7.840000000000000000e+02,-1.153000000000000000e+03,-6.220000000000000000e+02,-4.200000000000000000e+01
1.679988675129377127e+09,1.658400000000000000e+04,5.120000000000000000e+02,-7.840000000000000000e+02,-1.153000000000000000e+03,-6.220000000000000000e+02,-4.200000000000000000e+01
1.679988675130197048e+09,1.658400000000000000e+04,5.120000000000000000e+02,-7.840000000000000000e+02,-1.153000000000000000e+03,-6.220000000000000000e+02,-4.200000000000000000e+01
1.679988675132442713e+09,1.658400000000000000e+04,5.120000000000000000e+02,-7.840000000000000000e+02,-1.153000000000000000e+03,-6.220000000000000000e+02,-4.200000000000000000e+01
1.679988675133269548e+09,1.658400000000000000e+04,5.120000000000000000e+02,-7.840000000000000000e+02,-1.153000000000000000e+03,-6.220000000000000000e+02,-4.200000000000000000e+01
1.679988675135544538e+09,1.658400000000000000e+04,5.120000000000000000e+02,-7.840000000000000000e+02,-1.153000000000000000e+03,-6.220000000000000000e+02,-4.200000000000000000e+01
1.679988675136322260e+09,1.658400000000000000e+04,5.120000000000000000e+02,-7.840000000000000000e+02,-1.153000000000000000e+03,-6.220000000000000000e+02,-4.200000000000000000e+01
1.679988675138736010e+09,1.658400000000000000e+04,5.120000000000000000e+02,-7.840000000000000000e+02,-1.153000000000000000e+03,-6.220000000000000000e+02,-4.200000000000000000e+01
1.679988675139758825e+09,1.658400000000000000e+04,5.120000000000000000e+02,-7.840000000000000000e+02,-1.153000000000000000e+03,-6.220000000000000000e+02,-4.200000000000000000e+01
1.679988675141919374e+09,1.658400000000000000e+04,5.120000000000000000e+02,-7.840000000000000000e+02,-1.153000000000000000e+03,-6.220000000000000000e+02,-4.200000000000000000e+01
1.679988675142976046e+09,1.658400000000000000e+04,5.120000000000000000e+02,-7.840000000000000000e+02,-1.153000000000000000e+03,-6.220000000000000000e+02,-4.200000000000000000e+01
1.679988675145073652e+09,1.658400000000000000e+04,5.120000000000000000e+02,-7.840000000000000000e+02,-1.153000000000000000e+03,-6.220000000000000000e+02,-4.200000000000000000e+01
1.679988675146125555e+09,1.658400000000000000e+04,5.120000000000000000e+02,-7.840000000000000000e+02,-1.153000000000000000e+03,-6.220000000000000000e+02,-4.200000000000000000e+01
1.679988675148190498e+09,1.658400000000000000e+04,5.120000000000000000e+02,-7.840000000000000000e+02,-1.153000000000000000e+03,-6.220000000000000000e+02,-4.200000000000000000e+01
1.679988675149249554e+09,1.658400000000000000e+04,5.120000000000000000e+02,-7.840000000000000000e+02,-1.153000000000000000e+03,-6.220000000000000000e+02,-4.200000000000000000e+01
1.679988675151335716e+09,1.658400000000000000e+04,5.120000000000000000e+02,-7.840000000000000000e+02,-1.153000000000000000e+03,-6.220000000000000000e+02,-4.200000000000000000e+01
1.679988675152379751e+09,1.658400000000000000e+04,5.120000000000000000e+02,-7.840000000000000000e+02,-1.153000000000000000e+03,-6.220000000000000000e+02,-4.200000000000000000e+01
1.679988675154471159e+09,1.658400000000000000e+04,5.120000000000000000e+02,-7.840000000000000000e+02,-1.153000000000000000e+03,-6.220000000000000000e+02,-4.200000000000000000e+01
1.679988675155552864e+09,1.658400000000000000e+04,5.120000000000000000e+02,-7.840000000000000000e+02,-1.153000000000000000e+03,-6.220000000000000000e+02,-4.200000000000000000e+01
1.679988675157638073e+09,1.658400000000000000e+04,5.120000000000000000e+02,-7.840000000000000000e+02,-1.153000000000000000e+03,-6.220000000000000000e+02,-4.200000000000000000e+01
1.679988675158695221e+09,1.658400000000000000e+04,5.120000000000000000e+02,-7.840000000000000000e+02,-1.153000000000000000e+03,-6.220000000000000000e+02,-4.200000000000000000e+01
1.679988675160778284e+09,1.658400000000000000e+04,5.120000000000000000e+02,-7.840000000000000000e+02,-1.153000000000000000e+03,-6.220000000000000000e+02,-4.200000000000000000e+01
1.679988675161841154e+09,1.658400000000000000e+04,5.120000000000000000e+02,-7.840000000000000000e+02,-1.153000000000000000e+03,-6.220000000000000000e+02,-4.200000000000000000e+01
1.679988675164138794e+09,1.658400000000000000e+04,5.120000000000000000e+02,-7.840000000000000000e+02,-1.153000000000000000e+03,-6.220000000000000000e+02,-4.200000000000000000e+01
1.679988675165608168e+09,1.658400000000000000e+04,5.120000000000000000e+02,-7.840000000000000000e+02,-1.153000000000000000e+03,-6.220000000000000000e+02,-4.200000000000000000e+01
1.679988675169141293e+09,1.658400000000000000e+04,5.120000000000000000e+02,-7.840000000000000000e+02,-1.153000000000000000e+03,-6.220000000000000000e+02,-4.200000000000000000e+01
1.679988675170290470e+09,1.658400000000000000e+04,5.120000000000000000e+02,-7.840000000000000000e+02,-1.153000000000000000e+03,-6.220000000000000000e+02,-4.200000000000000000e+01
1.679988675172354698e+09,1.658400000000000000e+04,5.120000000000000000e+02,-7.840000000000000000e+02,-1.153000000000000000e+03,-6.220000000000000000e+02,-4.200000000000000000e+01
1.679988675173394442e+09,1.658400000000000000e+04,5.120000000000000000e+02,-7.840000000000000000e+02,-1.153000000000000000e+03,-6.220000000000000000e+02,-4.200000000000000000e+01
1.679988675175538778e+09,1.658400000000000000e+04,5.120000000000000000e+02,-7.840000000000000000e+02,-1.153000000000000000e+03,-6.220000000000000000e+02,-4.200000000000000000e+01
1.679988675176564932e+09,1.658400000000000000e+04,5.120000000000000000e+02,-7.840000000000000000e+02,-1.153000000000000000e+03,-6.220000000000000000e+02,-4.200000000000000000e+01
1.679988675178701162e+09,1.658400000000000000e+04,5.120000000000000000e+02,-7.840000000000000000e+02,-1.153000000000000000e+03,-6.220000000000000000e+02,-4.200000000000000000e+01
1.679988675179749012e+09,1.658400000000000000e+04,5.120000000000000000e+02,-7.840000000000000000e+02,-1.153000000000000000e+03,-6.220000000000000000e+02,-4.200000000000000000e+01
1.679988675181840658e+09,1.658400000000000000e+04,5.120000000000000000e+02,-7.840000000000000000e+02,-1.153000000000000000e+03,-6.220000000000000000e+02,-4.200000000000000000e+01
1.679988675182913542e+09,1.658400000000000000e+04,5.120000000000000000e+02,-7.840000000000000000e+02,-1.153000000000000000e+03,-6.220000000000000000e+02,-4.200000000000000000e+01
1.679988675185002804e+09,1.658400000000000000e+04,5.120000000000000000e+02,-7.840000000000000000e+02,-1.153000000000000000e+03,-6.220000000000000000e+02,-4.200000000000000000e+01
1.679988675186138630e+09,1.658400000000000000e+04,5.120000000000000000e+02,-7.840000000000000000e+02,-1.153000000000000000e+03,-6.220000000000000000e+02,-4.200000000000000000e+01
1.679988675188202858e+09,1.658400000000000000e+04,5.120000000000000000e+02,-7.840000000000000000e+02,-1.153000000000000000e+03,-6.220000000000000000e+02,-4.200000000000000000e+01
1.679988675189168215e+09,1.658400000000000000e+04,5.120000000000000000e+02,-7.840000000000000000e+02,-1.153000000000000000e+03,-6.220000000000000000e+02,-4.200000000000000000e+01
1.679988675191700459e+09,1.658400000000000000e+04,5.120000000000000000e+02,-7.840000000000000000e+02,-1.153000000000000000e+03,-6.220000000000000000e+02,-4.200000000000000000e+01
1.679988675192810535e+09,1.658400000000000000e+04,5.120000000000000000e+02,-7.840000000000000000e+02,-1.153000000000000000e+03,-6.220000000000000000e+02,-4.200000000000000000e+01
1.679988675194862366e+09,1.658400000000000000e+04,5.120000000000000000e+02,-7.840000000000000000e+02,-1.153000000000000000e+03,-6.220000000000000000e+02,-4.200000000000000000e+01
1.679988675195986032e+09,1.658400000000000000e+04,5.120000000000000000e+02,-7.840000000000000000e+02,-1.153000000000000000e+03,-6.220000000000000000e+02,-4.200000000000000000e+01
1.679988675198067665e+09,1.658400000000000000e+04,5.120000000000000000e+02,-7.840000000000000000e+02,-1.153000000000000000e+03,-6.220000000000000000e+02,-4.200000000000000000e+01
1.679988675199084997e+09,1.658400000000000000e+04,5.120000000000000000e+02,-7.840000000000000000e+02,-1.153000000000000000e+03,-6.220000000000000000e+02,-4.200000000000000000e+01
1.679988675201142788e+09,1.658400000000000000e+04,5.120000000000000000e+02,-7.840000000000000000e+02,-1.153000000000000000e+03,-6.220000000000000000e+02,-4.200000000000000000e+01
1.679988675202213287e+09,1.658400000000000000e+04,5.120000000000000000e+02,-7.840000000000000000e+02,-1.153000000000000000e+03,-6.220000000000000000e+02,-4.200000000000000000e+01
1.679988675204303503e+09,1.658400000000000000e+04,5.120000000000000000e+02,-7.840000000000000000e+02,-1.153000000000000000e+03,-6.220000000000000000e+02,-4.200000000000000000e+01
1.679988675205346107e+09,1.658400000000000000e+04,5.120000000000000000e+02,-7.840000000000000000e+02,-1.153000000000000000e+03,-6.220000000000000000e+02,-4.200000000000000000e+01
1.679988675207409382e+09,1.658400000000000000e+04,5.120000000000000000e+02,-7.840000000000000000e+02,-1.153000000000000000e+03,-6.220000000000000000e+02,-4.200000000000000000e+01
1.679988675208474874e+09,1.658400000000000000e+04,5.120000000000000000e+02,-7.840000000000000000e+02,-1.153000000000000000e+03,-6.220000000000000000e+02,-4.200000000000000000e+01
1.679988675210556269e+09,1.658400000000000000e+04,5.120000000000000000e+02,-7.840000000000000000e+02,-1.153000000000000000e+03,-6.220000000000000000e+02,-4.200000000000000000e+01
1.679988675211546659e+09,1.658400000000000000e+04,5.120000000000000000e+02,-7.840000000000000000e+02,-1.153000000000000000e+03,-6.220000000000000000e+02,-4.200000000000000000e+01
1.679988675213667393e+09,1.658400000000000000e+04,5.120000000000000000e+02,-7.840000000000000000e+02,-1.153000000000000000e+03,-6.220000000000000000e+02,-4.200000000000000000e+01
1.679988675214696646e+09,1.658400000000000000e+04,5.120000000000000000e+02,-7.840000000000000000e+02,-1.153000000000000000e+03,-6.220000000000000000e+02,-4.200000000000000000e+01
1.679988675216813326e+09,1.658400000000000000e+04,5.120000000000000000e+02,-7.840000000000000000e+02,-1.153000000000000000e+03,-6.220000000000000000e+02,-4.200000000000000000e+01
1.679988675217836380e+09,1.658400000000000000e+04,5.120000000000000000e+02,-7.840000000000000000e+02,-1.153000000000000000e+03,-6.220000000000000000e+02,-4.200000000000000000e+01
1.679988675219907045e+09,1.658400000000000000e+04,5.120000000000000000e+02,-7.840000000000000000e+02,-1.153000000000000000e+03,-6.220000000000000000e+02,-4.200000000000000000e+01
1.679988675220974445e+09,1.658400000000000000e+04,5.120000000000000000e+02,-7.840000000000000000e+02,-1.153000000000000000e+03,-6.220000000000000000e+02,-4.200000000000000000e+01
1.679988675223036766e+09,1.658400000000000000e+04,5.120000000000000000e+02,-7.840000000000000000e+02,-1.153000000000000000e+03,-6.220000000000000000e+02,-4.200000000000000000e+01
1.679988675224119902e+09,1.658400000000000000e+04,5.120000000000000000e+02,-7.840000000000000000e+02,-1.153000000000000000e+03,-6.220000000000000000e+02,-4.200000000000000000e+01
1.679988675226241112e+09,1.658400000000000000e+04,5.120000000000000000e+02,-7.840000000000000000e+02,-1.153000000000000000e+03,-6.220000000000000000e+02,-4.200000000000000000e+01
1.679988675227291107e+09,1.658400000000000000e+04,5.120000000000000000e+02,-7.840000000000000000e+02,-1.153000000000000000e+03,-6.220000000000000000e+02,-4.200000000000000000e+01
1.679988675229365587e+09,1.658400000000000000e+04,5.120000000000000000e+02,-7.840000000000000000e+02,-1.153000000000000000e+03,-6.220000000000000000e+02,-4.200000000000000000e+01
1.679988675230506897e+09,1.658400000000000000e+04,5.120000000000000000e+02,-7.840000000000000000e+02,-1.153000000000000000e+03,-6.220000000000000000e+02,-4.200000000000000000e+01
1.679988675232563972e+09,1.658400000000000000e+04,5.120000000000000000e+02,-7.840000000000000000e+02,-1.153000000000000000e+03,-6.220000000000000000e+02,-4.200000000000000000e+01
1.679988675233613014e+09,1.658400000000000000e+04,5.120000000000000000e+02,-7.840000000000000000e+02,-1.153000000000000000e+03,-6.220000000000000000e+02,-4.200000000000000000e+01
1.679988675235705376e+09,1.658400000000000000e+04,5.120000000000000000e+02,-7.840000000000000000e+02,-1.153000000000000000e+03,-6.220000000000000000e+02,-4.200000000000000000e+01
1.679988675236744404e+09,1.658400000000000000e+04,5.120000000000000000e+02,-7.840000000000000000e+02,-1.153000000000000000e+03,-6.220000000000000000e+02,-4.200000000000000000e+01
1.679988675238813162e+09,1.658400000000000000e+04,5.120000000000000000e+02,-7.840000000000000000e+02,-1.153000000000000000e+03,-6.220000000000000000e+02,-4.200000000000000000e+01
1.679988675239820004e+09,1.658400000000000000e+04,5.120000000000000000e+02,-7.840000000000000000e+02,-1.153000000000000000e+03,-6.220000000000000000e+02,-4.200000000000000000e+01
1.679988675241903543e+09,1.658400000000000000e+04,5.120000000000000000e+02,-7.840000000000000000e+02,-1.153000000000000000e+03,-6.220000000000000000e+02,-4.200000000000000000e+01
1.679988675242945433e+09,1.658400000000000000e+04,5.120000000000000000e+02,-7.840000000000000000e+02,-1.153000000000000000e+03,-6.220000000000000000e+02,-4.200000000000000000e+01
1.679988675245071173e+09,1.658400000000000000e+04,5.120000000000000000e+02,-7.840000000000000000e+02,-1.153000000000000000e+03,-6.220000000000000000e+02,-4.200000000000000000e+01
1.679988675246139050e+09,1.658400000000000000e+04,5.120000000000000000e+02,-7.840000000000000000e+02,-1.153000000000000000e+03,-6.220000000000000000e+02,-4.200000000000000000e+01
1.679988675248265266e+09,1.658400000000000000e+04,5.120000000000000000e+02,-7.840000000000000000e+02,-1.153000000000000000e+03,-6.220000000000000000e+02,-4.200000000000000000e+01
1.679988675249320507e+09,1.658400000000000000e+04,5.120000000000000000e+02,-7.840000000000000000e+02,-1.153000000000000000e+03,-6.220000000000000000e+02,-4.200000000000000000e+01
1.679988675251436472e+09,1.658400000000000000e+04,5.120000000000000000e+02,-7.840000000000000000e+02,-1.153000000000000000e+03,-6.220000000000000000e+02,-4.200000000000000000e+01
1.679988675252504110e+09,1.658400000000000000e+04,5.120000000000000000e+02,-7.840000000000000000e+02,-1.153000000000000000e+03,-6.220000000000000000e+02,-4.200000000000000000e+01
1.679988675254612207e+09,1.658400000000000000e+04,5.120000000000000000e+02,-7.840000000000000000e+02,-1.153000000000000000e+03,-6.220000000000000000e+02,-4.200000000000000000e+01
1.679988675255743742e+09,1.658400000000000000e+04,5.120000000000000000e+02,-7.840000000000000000e+02,-1.153000000000000000e+03,-6.220000000000000000e+02,-4.200000000000000000e+01
1.679988675257892609e+09,1.658400000000000000e+04,5.120000000000000000e+02,-7.840000000000000000e+02,-1.153000000000000000e+03,-6.220000000000000000e+02,-4.200000000000000000e+01
1.679988675258968830e+09,1.658400000000000000e+04,5.120000000000000000e+02,-7.840000000000000000e+02,-1.153000000000000000e+03,-6.220000000000000000e+02,-4.200000000000000000e+01
1.679988675261073351e+09,1.658400000000000000e+04,5.120000000000000000e+02,-7.840000000000000000e+02,-1.153000000000000000e+03,-6.220000000000000000e+02,-4.200000000000000000e+01
1.679988675262113094e+09,1.658400000000000000e+04,5.120000000000000000e+02,-7.840000000000000000e+02,-1.153000000000000000e+03,-6.220000000000000000e+02,-4.200000000000000000e+01
1.679988675264208794e+09,1.658400000000000000e+04,5.120000000000000000e+02,-7.840000000000000000e+02,-1.153000000000000000e+03,-6.220000000000000000e+02,-4.200000000000000000e+01
1.679988675265264750e+09,1.658400000000000000e+04,5.120000000000000000e+02,-7.840000000000000000e+02,-1.153000000000000000e+03,-6.220000000000000000e+02,-4.200000000000000000e+01
1.679988675267395020e+09,1.658400000000000000e+04,5.120000000000000000e+02,-7.840000000000000000e+02,-1.153000000000000000e+03,-6.220000000000000000e+02,-4.200000000000000000e+01
1.679988675268454552e+09,1.658400000000000000e+04,5.120000000000000000e+02,-7.840000000000000000e+02,-1.153000000000000000e+03,-6.220000000000000000e+02,-4.200000000000000000e+01
1.679988675270570278e+09,1.658400000000000000e+04,5.120000000000000000e+02,-7.840000000000000000e+02,-1.153000000000000000e+03,-6.220000000000000000e+02,-4.200000000000000000e+01
1.679988675271598101e+09,1.658400000000000000e+04,5.120000000000000000e+02,-7.840000000000000000e+02,-1.153000000000000000e+03,-6.220000000000000000e+02,-4.200000000000000000e+01
1.679988675273756981e+09,1.658400000000000000e+04,5.120000000000000000e+02,-7.840000000000000000e+02,-1.153000000000000000e+03,-6.220000000000000000e+02,-4.200000000000000000e+01
1.679988675274747849e+09,1.658400000000000000e+04,5.120000000000000000e+02,-7.840000000000000000e+02,-1.153000000000000000e+03,-6.220000000000000000e+02,-4.200000000000000000e+01
1.679988675277031183e+09,1.658400000000000000e+04,5.120000000000000000e+02,-7.840000000000000000e+02,-1.153000000000000000e+03,-6.220000000000000000e+02,-4.200000000000000000e+01
1.679988675278036118e+09,1.658400000000000000e+04,5.120000000000000000e+02,-7.840000000000000000e+02,-1.153000000000000000e+03,-6.220000000000000000e+02,-4.200000000000000000e+01
1.679988675280139685e+09,1.658400000000000000e+04,5.120000000000000000e+02,-7.840000000000000000e+02,-1.153000000000000000e+03,-6.220000000000000000e+02,-4.200000000000000000e+01
1.679988675281203032e+09,1.658400000000000000e+04,5.120000000000000000e+02,-7.840000000000000000e+02,-1.153000000000000000e+03,-6.220000000000000000e+02,-4.200000000000000000e+01
1.679988675283300877e+09,1.658400000000000000e+04,5.120000000000000000e+02,-7.840000000000000000e+02,-1.153000000000000000e+03,-6.220000000000000000e+02,-4.200000000000000000e+01
1.679988675284351826e+09,1.658400000000000000e+04,5.120000000000000000e+02,-7.840000000000000000e+02,-1.153000000000000000e+03,-6.220000000000000000e+02,-4.200000000000000000e+01
1.679988675286498070e+09,1.658400000000000000e+04,5.120000000000000000e+02,-7.840000000000000000e+02,-1.153000000000000000e+03,-6.220000000000000000e+02,-4.200000000000000000e+01
1.679988675287551165e+09,1.658400000000000000e+04,5.120000000000000000e+02,-7.840000000000000000e+02,-1.153000000000000000e+03,-6.220000000000000000e+02,-4.200000000000000000e+01
1.679988675289664030e+09,1.658400000000000000e+04,5.120000000000000000e+02,-7.840000000000000000e+02,-1.153000000000000000e+03,-6.220000000000000000e+02,-4.200000000000000000e+01
1.679988675290737629e+09,1.658400000000000000e+04,5.120000000000000000e+02,-7.840000000000000000e+02,-1.153000000000000000e+03,-6.220000000000000000e+02,-4.200000000000000000e+01
1.679988675292824030e+09,1.658400000000000000e+04,5.120000000000000000e+02,-7.840000000000000000e+02,-1.153000000000000000e+03,-6.220000000000000000e+02,-4.200000000000000000e+01
1.679988675293886900e+09,1.658400000000000000e+04,5.120000000000000000e+02,-7.840000000000000000e+02,-1.153000000000000000e+03,-6.220000000000000000e+02,-4.200000000000000000e+01
1.679988675296192408e+09,1.658400000000000000e+04,5.120000000000000000e+02,-7.840000000000000000e+02,-1.153000000000000000e+03,-6.220000000000000000e+02,-4.200000000000000000e+01
1.679988675297222137e+09,1.658400000000000000e+04,5.120000000000000000e+02,-7.840000000000000000e+02,-1.153000000000000000e+03,-6.220000000000000000e+02,-4.200000000000000000e+01
1.679988675299325228e+09,1.658400000000000000e+04,5.120000000000000000e+02,-7.840000000000000000e+02,-1.153000000000000000e+03,-6.220000000000000000e+02,-4.200000000000000000e+01
1.679988675300395250e+09,1.658400000000000000e+04,5.120000000000000000e+02,-7.840000000000000000e+02,-1.153000000000000000e+03,-6.220000000000000000e+02,-4.200000000000000000e+01
1.679988675302503109e+09,1.658400000000000000e+04,5.120000000000000000e+02,-7.840000000000000000e+02,-1.153000000000000000e+03,-6.220000000000000000e+02,-4.200000000000000000e+01
1.679988675303577185e+09,1.658400000000000000e+04,5.120000000000000000e+02,-7.840000000000000000e+02,-1.153000000000000000e+03,-6.220000000000000000e+02,-4.200000000000000000e+01
1.679988675305747032e+09,1.658400000000000000e+04,5.120000000000000000e+02,-7.840000000000000000e+02,-1.153000000000000000e+03,-6.220000000000000000e+02,-4.200000000000000000e+01
1.679988675306786060e+09,1.658400000000000000e+04,5.120000000000000000e+02,-7.840000000000000000e+02,-1.153000000000000000e+03,-6.220000000000000000e+02,-4.200000000000000000e+01
1.679988675308887243e+09,1.658400000000000000e+04,5.120000000000000000e+02,-7.840000000000000000e+02,-1.153000000000000000e+03,-6.220000000000000000e+02,-4.200000000000000000e+01
1.679988675309976339e+09,1.658400000000000000e+04,5.120000000000000000e+02,-7.840000000000000000e+02,-1.153000000000000000e+03,-6.220000000000000000e+02,-4.200000000000000000e+01
1.679988675312072277e+09,1.658400000000000000e+04,5.120000000000000000e+02,-7.840000000000000000e+02,-1.153000000000000000e+03,-6.220000000000000000e+02,-4.200000000000000000e+01
1.679988675313145399e+09,1.658400000000000000e+04,5.120000000000000000e+02,-7.840000000000000000e+02,-1.153000000000000000e+03,-6.220000000000000000e+02,-4.200000000000000000e+01
1.679988675315260887e+09,1.658400000000000000e+04,5.120000000000000000e+02,-7.840000000000000000e+02,-1.153000000000000000e+03,-6.220000000000000000e+02,-4.200000000000000000e+01
1.679988675316316843e+09,1.658400000000000000e+04,5.120000000000000000e+02,-7.840000000000000000e+02,-1.153000000000000000e+03,-6.220000000000000000e+02,-4.200000000000000000e+01
1.679988675318409443e+09,1.658400000000000000e+04,5.120000000000000000e+02,-7.840000000000000000e+02,-1.153000000000000000e+03,-6.220000000000000000e+02,-4.200000000000000000e+01
1.679988675319474459e+09,1.658400000000000000e+04,5.120000000000000000e+02,-7.840000000000000000e+02,-1.153000000000000000e+03,-6.220000000000000000e+02,-4.200000000000000000e+01
1.679988675321595669e+09,1.658400000000000000e+04,5.120000000000000000e+02,-7.840000000000000000e+02,-1.153000000000000000e+03,-6.220000000000000000e+02,-4.200000000000000000e+01
1.679988675322664499e+09,1.658400000000000000e+04,5.120000000000000000e+02,-7.840000000000000000e+02,-1.153000000000000000e+03,-6.220000000000000000e+02,-4.200000000000000000e+01
1.679988675324776888e+09,1.658400000000000000e+04,5.120000000000000000e+02,-7.840000000000000000e+02,-1.153000000000000000e+03,-6.220000000000000000e+02,-4.200000000000000000e+01
1.679988675325871468e+09,1.658400000000000000e+04,5.120000000000000000e+02,-7.840000000000000000e+02,-1.153000000000000000e+03,-6.220000000000000000e+02,-4.200000000000000000e+01
1.679988675327986717e+09,1.658400000000000000e+04,5.120000000000000000e+02,-7.840000000000000000e+02,-1.153000000000000000e+03,-6.220000000000000000e+02,-4.200000000000000000e+01
1.679988675329053164e+09,1.658400000000000000e+04,5.120000000000000000e+02,-7.840000000000000000e+02,-1.153000000000000000e+03,-6.220000000000000000e+02,-4.200000000000000000e+01
1.679988675331171036e+09,1.658400000000000000e+04,5.120000000000000000e+02,-7.840000000000000000e+02,-1.153000000000000000e+03,-6.220000000000000000e+02,-4.200000000000000000e+01
1.679988675332239389e+09,1.658400000000000000e+04,5.120000000000000000e+02,-7.840000000000000000e+02,-1.153000000000000000e+03,-6.220000000000000000e+02,-4.200000000000000000e+01
1.679988675334362507e+09,1.658400000000000000e+04,5.120000000000000000e+02,-7.840000000000000000e+02,-1.153000000000000000e+03,-6.220000000000000000e+02,-4.200000000000000000e+01
1.679988675335422993e+09,1.658400000000000000e+04,5.120000000000000000e+02,-7.840000000000000000e+02,-1.153000000000000000e+03,-6.220000000000000000e+02,-4.200000000000000000e+01
1.679988675337567329e+09,1.658400000000000000e+04,5.120000000000000000e+02,-7.840000000000000000e+02,-1.153000000000000000e+03,-6.220000000000000000e+02,-4.200000000000000000e+01
1.679988675338621378e+09,1.658400000000000000e+04,5.120000000000000000e+02,-7.840000000000000000e+02,-1.153000000000000000e+03,-6.220000000000000000e+02,-4.200000000000000000e+01
1.679988675340721130e+09,1.658400000000000000e+04,5.120000000000000000e+02,-7.840000000000000000e+02,-1.153000000000000000e+03,-6.220000000000000000e+02,-4.200000000000000000e+01
1.679988675341790438e+09,1.658400000000000000e+04,5.120000000000000000e+02,-7.840000000000000000e+02,-1.153000000000000000e+03,-6.220000000000000000e+02,-4.200000000000000000e+01
1.679988675343910694e+09,1.658400000000000000e+04,5.120000000000000000e+02,-7.840000000000000000e+02,-1.153000000000000000e+03,-6.220000000000000000e+02,-4.200000000000000000e+01
1.679988675344982624e+09,1.658400000000000000e+04,5.120000000000000000e+02,-7.840000000000000000e+02,-1.153000000000000000e+03,-6.220000000000000000e+02,-4.200000000000000000e+01
1.679988675347122669e+09,1.658400000000000000e+04,5.120000000000000000e+02,-7.840000000000000000e+02,-1.153000000000000000e+03,-6.220000000000000000e+02,-4.200000000000000000e+01
1.679988675348182440e+09,1.658400000000000000e+04,5.120000000000000000e+02,-7.840000000000000000e+02,-1.153000000000000000e+03,-6.220000000000000000e+02,-4.200000000000000000e+01
1.679988675350303173e+09,1.658400000000000000e+04,5.120000000000000000e+02,-7.840000000000000000e+02,-1.153000000000000000e+03,-6.220000000000000000e+02,-4.200000000000000000e+01
1.679988675351357698e+09,1.658400000000000000e+04,5.120000000000000000e+02,-7.840000000000000000e+02,-1.153000000000000000e+03,-6.220000000000000000e+02,-4.200000000000000000e+01
1.679988675353478909e+09,1.658400000000000000e+04,5.120000000000000000e+02,-7.840000000000000000e+02,-1.153000000000000000e+03,-6.220000000000000000e+02,-4.200000000000000000e+01
1.679988675354533195e+09,1.658400000000000000e+04,5.120000000000000000e+02,-7.840000000000000000e+02,-1.153000000000000000e+03,-6.220000000000000000e+02,-4.200000000000000000e+01
1.679988675356687784e+09,1.658400000000000000e+04,5.120000000000000000e+02,-7.840000000000000000e+02,-1.153000000000000000e+03,-6.220000000000000000e+02,-4.200000000000000000e+01
1.679988675357757330e+09,1.658400000000000000e+04,5.120000000000000000e+02,-7.840000000000000000e+02,-1.153000000000000000e+03,-6.220000000000000000e+02,-4.200000000000000000e+01
1.679988675359874964e+09,1.658400000000000000e+04,5.120000000000000000e+02,-7.840000000000000000e+02,-1.153000000000000000e+03,-6.220000000000000000e+02,-4.200000000000000000e+01
1.679988675360943794e+09,1.658400000000000000e+04,5.120000000000000000e+02,-7.840000000000000000e+02,-1.153000000000000000e+03,-6.220000000000000000e+02,-4.200000000000000000e+01
1.679988675363046885e+09,1.658400000000000000e+04,5.120000000000000000e+02,-7.840000000000000000e+02,-1.153000000000000000e+03,-6.220000000000000000e+02,-4.200000000000000000e+01
1.679988675364113331e+09,1.658400000000000000e+04,5.120000000000000000e+02,-7.840000000000000000e+02,-1.153000000000000000e+03,-6.220000000000000000e+02,-4.200000000000000000e+01
1.679988675366265059e+09,1.658400000000000000e+04,5.120000000000000000e+02,-7.840000000000000000e+02,-1.153000000000000000e+03,-6.220000000000000000e+02,-4.200000000000000000e+01
1.679988675367321491e+09,1.658400000000000000e+04,5.120000000000000000e+02,-7.840000000000000000e+02,-1.153000000000000000e+03,-6.220000000000000000e+02,-4.200000000000000000e+01
1.679988675369451523e+09,1.658400000000000000e+04,5.120000000000000000e+02,-7.840000000000000000e+02,-1.153000000000000000e+03,-6.220000000000000000e+02,-4.200000000000000000e+01
1.679988675370523453e+09,1.658400000000000000e+04,5.120000000000000000e+02,-7.840000000000000000e+02,-1.153000000000000000e+03,-6.220000000000000000e+02,-4.200000000000000000e+01
1.679988675372632980e+09,1.658400000000000000e+04,5.120000000000000000e+02,-7.840000000000000000e+02,-1.153000000000000000e+03,-6.220000000000000000e+02,-4.200000000000000000e+01
1.679988675373707056e+09,1.658400000000000000e+04,5.120000000000000000e+02,-7.840000000000000000e+02,-1.153000000000000000e+03,-6.220000000000000000e+02,-4.200000000000000000e+01
1.679988675375869989e+09,1.658400000000000000e+04,5.120000000000000000e+02,-7.840000000000000000e+02,-1.153000000000000000e+03,-6.220000000000000000e+02,-4.200000000000000000e+01
1.679988675377376795e+09,1.658400000000000000e+04,5.120000000000000000e+02,-7.840000000000000000e+02,-1.153000000000000000e+03,-6.220000000000000000e+02,-4.200000000000000000e+01
1.679988675379470587e+09,1.658400000000000000e+04,5.120000000000000000e+02,-7.840000000000000000e+02,-1.153000000000000000e+03,-6.220000000000000000e+02,-4.200000000000000000e+01
1.679988675380455017e+09,1.658400000000000000e+04,5.120000000000000000e+02,-7.840000000000000000e+02,-1.153000000000000000e+03,-6.220000000000000000e+02,-4.200000000000000000e+01
1.679988675382517815e+09,1.658400000000000000e+04,5.120000000000000000e+02,-7.840000000000000000e+02,-1.153000000000000000e+03,-6.220000000000000000e+02,-4.200000000000000000e+01
1.679988675383581161e+09,1.658400000000000000e+04,5.120000000000000000e+02,-7.840000000000000000e+02,-1.153000000000000000e+03,-6.220000000000000000e+02,-4.200000000000000000e+01
1.679988675385782480e+09,1.658400000000000000e+04,5.120000000000000000e+02,-7.840000000000000000e+02,-1.153000000000000000e+03,-6.220000000000000000e+02,-4.200000000000000000e+01
1.679988675386684895e+09,1.658400000000000000e+04,5.120000000000000000e+02,-7.840000000000000000e+02,-1.153000000000000000e+03,-6.220000000000000000e+02,-4.200000000000000000e+01
1.679988675388870478e+09,1.658400000000000000e+04,5.120000000000000000e+02,-7.840000000000000000e+02,-1.153000000000000000e+03,-6.220000000000000000e+02,-4.200000000000000000e+01
1.679988675389876366e+09,1.658400000000000000e+04,5.120000000000000000e+02,-7.840000000000000000e+02,-1.153000000000000000e+03,-6.220000000000000000e+02,-4.200000000000000000e+01
1.679988675391941547e+09,1.658400000000000000e+04,5.120000000000000000e+02,-7.840000000000000000e+02,-1.153000000000000000e+03,-6.220000000000000000e+02,-4.200000000000000000e+01
1.679988675393015862e+09,1.658400000000000000e+04,5.120000000000000000e+02,-7.840000000000000000e+02,-1.153000000000000000e+03,-6.220000000000000000e+02,-4.200000000000000000e+01
1.679988675395104408e+09,1.658400000000000000e+04,5.120000000000000000e+02,-7.840000000000000000e+02,-1.153000000000000000e+03,-6.220000000000000000e+02,-4.200000000000000000e+01
1.679988675396180153e+09,1.658400000000000000e+04,5.120000000000000000e+02,-7.840000000000000000e+02,-1.153000000000000000e+03,-6.220000000000000000e+02,-4.200000000000000000e+01
1.679988675398240328e+09,1.658400000000000000e+04,5.120000000000000000e+02,-7.840000000000000000e+02,-1.153000000000000000e+03,-6.220000000000000000e+02,-4.200000000000000000e+01
1.679988675399333477e+09,1.658400000000000000e+04,5.120000000000000000e+02,-7.840000000000000000e+02,-1.153000000000000000e+03,-6.220000000000000000e+02,-4.200000000000000000e+01
1.679988675401406527e+09,1.658400000000000000e+04,5.120000000000000000e+02,-7.840000000000000000e+02,-1.153000000000000000e+03,-6.220000000000000000e+02,-4.200000000000000000e+01
1.679988675402477264e+09,1.658400000000000000e+04,5.120000000000000000e+02,-7.840000000000000000e+02,-1.153000000000000000e+03,-6.220000000000000000e+02,-4.200000000000000000e+01
1.679988675404561996e+09,1.658400000000000000e+04,5.120000000000000000e+02,-7.840000000000000000e+02,-1.153000000000000000e+03,-6.220000000000000000e+02,-4.200000000000000000e+01
1.679988675405619383e+09,1.658400000000000000e+04,5.120000000000000000e+02,-7.840000000000000000e+02,-1.153000000000000000e+03,-6.220000000000000000e+02,-4.200000000000000000e+01
1.679988675407665014e+09,1.658400000000000000e+04,5.120000000000000000e+02,-7.840000000000000000e+02,-1.153000000000000000e+03,-6.220000000000000000e+02,-4.200000000000000000e+01
1.679988675408792019e+09,1.658400000000000000e+04,5.120000000000000000e+02,-7.840000000000000000e+02,-1.153000000000000000e+03,-6.220000000000000000e+02,-4.200000000000000000e+01
1.679988675410875082e+09,1.658400000000000000e+04,5.120000000000000000e+02,-7.840000000000000000e+02,-1.153000000000000000e+03,-6.220000000000000000e+02,-4.200000000000000000e+01
1.679988675411931038e+09,1.658400000000000000e+04,5.120000000000000000e+02,-7.840000000000000000e+02,-1.153000000000000000e+03,-6.220000000000000000e+02,-4.200000000000000000e+01
1.679988675413971663e+09,1.658400000000000000e+04,5.120000000000000000e+02,-7.840000000000000000e+02,-1.153000000000000000e+03,-6.220000000000000000e+02,-4.200000000000000000e+01
1.679988675415083408e+09,1.658400000000000000e+04,5.120000000000000000e+02,-7.840000000000000000e+02,-1.153000000000000000e+03,-6.220000000000000000e+02,-4.200000000000000000e+01
1.679988675417200565e+09,1.658400000000000000e+04,5.120000000000000000e+02,-7.840000000000000000e+02,-1.153000000000000000e+03,-6.220000000000000000e+02,-4.200000000000000000e+01
1.679988675418289900e+09,1.658400000000000000e+04,5.120000000000000000e+02,-7.840000000000000000e+02,-1.153000000000000000e+03,-6.220000000000000000e+02,-4.200000000000000000e+01
1.679988675420359373e+09,1.658400000000000000e+04,5.120000000000000000e+02,-7.840000000000000000e+02,-1.153000000000000000e+03,-6.220000000000000000e+02,-4.200000000000000000e+01
1.679988675421438217e+09,1.658400000000000000e+04,5.120000000000000000e+02,-7.840000000000000000e+02,-1.153000000000000000e+03,-6.220000000000000000e+02,-4.200000000000000000e+01
1.679988675423506737e+09,1.658400000000000000e+04,5.120000000000000000e+02,-7.840000000000000000e+02,-1.153000000000000000e+03,-6.220000000000000000e+02,-4.200000000000000000e+01
1.679988675424568415e+09,1.658400000000000000e+04,5.120000000000000000e+02,-7.840000000000000000e+02,-1.153000000000000000e+03,-6.220000000000000000e+02,-4.200000000000000000e+01
1.679988675426679611e+09,1.658400000000000000e+04,5.120000000000000000e+02,-7.840000000000000000e+02,-1.153000000000000000e+03,-6.220000000000000000e+02,-4.200000000000000000e+01
1.679988675427753925e+09,1.658400000000000000e+04,5.120000000000000000e+02,-7.840000000000000000e+02,-1.153000000000000000e+03,-6.220000000000000000e+02,-4.200000000000000000e+01
1.679988675429852009e+09,1.658400000000000000e+04,5.120000000000000000e+02,-7.840000000000000000e+02,-1.153000000000000000e+03,-6.220000000000000000e+02,-4.200000000000000000e+01
1.679988675430887699e+09,1.658400000000000000e+04,5.120000000000000000e+02,-7.840000000000000000e+02,-1.153000000000000000e+03,-6.220000000000000000e+02,-4.200000000000000000e+01
1.679988675432988405e+09,1.658400000000000000e+04,5.120000000000000000e+02,-7.840000000000000000e+02,-1.153000000000000000e+03,-6.220000000000000000e+02,-4.200000000000000000e+01
1.679988675434025764e+09,1.658400000000000000e+04,5.120000000000000000e+02,-7.840000000000000000e+02,-1.153000000000000000e+03,-6.220000000000000000e+02,-4.200000000000000000e+01
1.679988675436163902e+09,1.658400000000000000e+04,5.120000000000000000e+02,-7.840000000000000000e+02,-1.153000000000000000e+03,-6.220000000000000000e+02,-4.200000000000000000e+01
1.679988675437186718e+09,1.658400000000000000e+04,5.120000000000000000e+02,-7.840000000000000000e+02,-1.153000000000000000e+03,-6.220000000000000000e+02,-4.200000000000000000e+01
1.679988675439309597e+09,1.658400000000000000e+04,5.120000000000000000e+02,-7.840000000000000000e+02,-1.153000000000000000e+03,-6.220000000000000000e+02,-4.200000000000000000e+01
1.679988675440317392e+09,1.658400000000000000e+04,5.120000000000000000e+02,-7.840000000000000000e+02,-1.153000000000000000e+03,-6.220000000000000000e+02,-4.200000000000000000e+01
1.679988675442410707e+09,1.658400000000000000e+04,5.120000000000000000e+02,-7.840000000000000000e+02,-1.153000000000000000e+03,-6.220000000000000000e+02,-4.200000000000000000e+01
1.679988675443452835e+09,1.658400000000000000e+04,5.120000000000000000e+02,-7.840000000000000000e+02,-1.153000000000000000e+03,-6.220000000000000000e+02,-4.200000000000000000e+01
1.679988675445615292e+09,1.658400000000000000e+04,5.120000000000000000e+02,-7.840000000000000000e+02,-1.153000000000000000e+03,-6.220000000000000000e+02,-4.200000000000000000e+01
1.679988675446553946e+09,1.658400000000000000e+04,5.120000000000000000e+02,-7.840000000000000000e+02,-1.153000000000000000e+03,-6.220000000000000000e+02,-4.200000000000000000e+01
1.679988675448648691e+09,1.658400000000000000e+04,5.120000000000000000e+02,-7.840000000000000000e+02,-1.153000000000000000e+03,-6.220000000000000000e+02,-4.200000000000000000e+01
1.679988675449689627e+09,1.658400000000000000e+04,5.120000000000000000e+02,-7.840000000000000000e+02,-1.153000000000000000e+03,-6.220000000000000000e+02,-4.200000000000000000e+01
1.679988675451757908e+09,1.658400000000000000e+04,5.120000000000000000e+02,-7.840000000000000000e+02,-1.153000000000000000e+03,-6.220000000000000000e+02,-4.200000000000000000e+01
1.679988675452820063e+09,1.658400000000000000e+04,5.120000000000000000e+02,-7.840000000000000000e+02,-1.153000000000000000e+03,-6.220000000000000000e+02,-4.200000000000000000e+01
1.679988675454923630e+09,1.658400000000000000e+04,5.120000000000000000e+02,-7.840000000000000000e+02,-1.153000000000000000e+03,-6.220000000000000000e+02,-4.200000000000000000e+01
1.679988675456137896e+09,1.658400000000000000e+04,5.120000000000000000e+02,-7.840000000000000000e+02,-1.153000000000000000e+03,-6.220000000000000000e+02,-4.200000000000000000e+01
1.679988675458243370e+09,1.658400000000000000e+04,5.120000000000000000e+02,-7.840000000000000000e+02,-1.153000000000000000e+03,-6.220000000000000000e+02,-4.200000000000000000e+01
1.679988675459256649e+09,1.658400000000000000e+04,5.120000000000000000e+02,-7.840000000000000000e+02,-1.153000000000000000e+03,-6.220000000000000000e+02,-4.200000000000000000e+01
1.679988675461363316e+09,1.658400000000000000e+04,5.120000000000000000e+02,-7.840000000000000000e+02,-1.153000000000000000e+03,-6.220000000000000000e+02,-4.200000000000000000e+01
1.679988675462384939e+09,1.658400000000000000e+04,5.120000000000000000e+02,-7.840000000000000000e+02,-1.153000000000000000e+03,-6.220000000000000000e+02,-4.200000000000000000e+01
1.679988675464462519e+09,1.658400000000000000e+04,5.120000000000000000e+02,-7.840000000000000000e+02,-1.153000000000000000e+03,-6.220000000000000000e+02,-4.200000000000000000e+01
1.679988675465608120e+09,1.658400000000000000e+04,5.120000000000000000e+02,-7.840000000000000000e+02,-1.153000000000000000e+03,-6.220000000000000000e+02,-4.200000000000000000e+01
1.679988675467704773e+09,1.658400000000000000e+04,5.120000000000000000e+02,-7.840000000000000000e+02,-1.153000000000000000e+03,-6.220000000000000000e+02,-4.200000000000000000e+01
1.679988675468759298e+09,1.658400000000000000e+04,5.120000000000000000e+02,-7.840000000000000000e+02,-1.153000000000000000e+03,-6.220000000000000000e+02,-4.200000000000000000e+01
1.679988675470864534e+09,1.658400000000000000e+04,5.120000000000000000e+02,-7.840000000000000000e+02,-1.153000000000000000e+03,-6.220000000000000000e+02,-4.200000000000000000e+01
1.679988675471875429e+09,1.658400000000000000e+04,5.120000000000000000e+02,-7.840000000000000000e+02,-1.153000000000000000e+03,-6.220000000000000000e+02,-4.200000000000000000e+01
1.679988675474008560e+09,1.658400000000000000e+04,5.120000000000000000e+02,-7.840000000000000000e+02,-1.153000000000000000e+03,-6.220000000000000000e+02,-4.200000000000000000e+01
1.679988675475093842e+09,1.658400000000000000e+04,5.120000000000000000e+02,-7.840000000000000000e+02,-1.153000000000000000e+03,-6.220000000000000000e+02,-4.200000000000000000e+01
1.679988675477233410e+09,1.658400000000000000e+04,5.120000000000000000e+02,-7.840000000000000000e+02,-1.153000000000000000e+03,-6.220000000000000000e+02,-4.200000000000000000e+01
1.679988675478244781e+09,1.658400000000000000e+04,5.120000000000000000e+02,-7.840000000000000000e+02,-1.153000000000000000e+03,-6.220000000000000000e+02,-4.200000000000000000e+01
1.679988675480322123e+09,1.658400000000000000e+04,5.120000000000000000e+02,-7.840000000000000000e+02,-1.153000000000000000e+03,-6.220000000000000000e+02,-4.200000000000000000e+01
1.679988675481389284e+09,1.658400000000000000e+04,5.120000000000000000e+02,-7.840000000000000000e+02,-1.153000000000000000e+03,-6.220000000000000000e+02,-4.200000000000000000e+01
1.679988675483481407e+09,1.658400000000000000e+04,5.120000000000000000e+02,-7.840000000000000000e+02,-1.153000000000000000e+03,-6.220000000000000000e+02,-4.200000000000000000e+01
1.679988675484526157e+09,1.658400000000000000e+04,5.120000000000000000e+02,-7.840000000000000000e+02,-1.153000000000000000e+03,-6.220000000000000000e+02,-4.200000000000000000e+01
1.679988675486660242e+09,1.658400000000000000e+04,5.120000000000000000e+02,-7.840000000000000000e+02,-1.153000000000000000e+03,-6.220000000000000000e+02,-4.200000000000000000e+01
1.679988675487678528e+09,1.658400000000000000e+04,5.120000000000000000e+02,-7.840000000000000000e+02,-1.153000000000000000e+03,-6.220000000000000000e+02,-4.200000000000000000e+01
1.679988675489727259e+09,1.658400000000000000e+04,5.120000000000000000e+02,-7.840000000000000000e+02,-1.153000000000000000e+03,-6.220000000000000000e+02,-4.200000000000000000e+01
1.679988675490833044e+09,1.658400000000000000e+04,5.120000000000000000e+02,-7.840000000000000000e+02,-1.153000000000000000e+03,-6.220000000000000000e+02,-4.200000000000000000e+01
1.679988675492939234e+09,1.658400000000000000e+04,5.120000000000000000e+02,-7.840000000000000000e+02,-1.153000000000000000e+03,-6.220000000000000000e+02,-4.200000000000000000e+01
1.679988675493963480e+09,1.658400000000000000e+04,5.120000000000000000e+02,-7.840000000000000000e+02,-1.153000000000000000e+03,-6.220000000000000000e+02,-4.200000000000000000e+01
1.679988675496132374e+09,1.658400000000000000e+04,5.120000000000000000e+02,-7.840000000000000000e+02,-1.153000000000000000e+03,-6.220000000000000000e+02,-4.200000000000000000e+01
1.679988675497092962e+09,1.658400000000000000e+04,5.120000000000000000e+02,-7.840000000000000000e+02,-1.153000000000000000e+03,-6.220000000000000000e+02,-4.200000000000000000e+01
1.679988675499228239e+09,1.658400000000000000e+04,5.120000000000000000e+02,-7.840000000000000000e+02,-1.153000000000000000e+03,-6.220000000000000000e+02,-4.200000000000000000e+01
1.679988675500181675e+09,1.658400000000000000e+04,5.120000000000000000e+02,-7.840000000000000000e+02,-1.153000000000000000e+03,-6.220000000000000000e+02,-4.200000000000000000e+01
1.679988675502247334e+09,1.658400000000000000e+04,5.120000000000000000e+02,-7.840000000000000000e+02,-1.153000000000000000e+03,-6.220000000000000000e+02,-4.200000000000000000e+01
1.679988675503361464e+09,1.658400000000000000e+04,5.120000000000000000e+02,-7.840000000000000000e+02,-1.153000000000000000e+03,-6.220000000000000000e+02,-4.200000000000000000e+01
1.679988675505455732e+09,1.658400000000000000e+04,5.120000000000000000e+02,-7.840000000000000000e+02,-1.153000000000000000e+03,-6.220000000000000000e+02,-4.200000000000000000e+01
1.679988675506533384e+09,1.658400000000000000e+04,5.120000000000000000e+02,-7.840000000000000000e+02,-1.153000000000000000e+03,-6.220000000000000000e+02,-4.200000000000000000e+01
1.679988675508584738e+09,1.658400000000000000e+04,5.120000000000000000e+02,-7.840000000000000000e+02,-1.153000000000000000e+03,-6.220000000000000000e+02,-4.200000000000000000e+01
1.679988675509692192e+09,1.658400000000000000e+04,5.120000000000000000e+02,-7.840000000000000000e+02,-1.153000000000000000e+03,-6.220000000000000000e+02,-4.200000000000000000e+01
1.679988675511771202e+09,1.658400000000000000e+04,5.120000000000000000e+02,-7.840000000000000000e+02,-1.153000000000000000e+03,-6.220000000000000000e+02,-4.200000000000000000e+01
1.679988675512845993e+09,1.658400000000000000e+04,5.120000000000000000e+02,-7.840000000000000000e+02,-1.153000000000000000e+03,-6.220000000000000000e+02,-4.200000000000000000e+01
1.679988675514947176e+09,1.658400000000000000e+04,5.120000000000000000e+02,-7.840000000000000000e+02,-1.153000000000000000e+03,-6.220000000000000000e+02,-4.200000000000000000e+01
1.679988675516034603e+09,1.658400000000000000e+04,5.120000000000000000e+02,-7.840000000000000000e+02,-1.153000000000000000e+03,-6.220000000000000000e+02,-4.200000000000000000e+01
1.679988675518123627e+09,1.658400000000000000e+04,5.120000000000000000e+02,-7.840000000000000000e+02,-1.153000000000000000e+03,-6.220000000000000000e+02,-4.200000000000000000e+01
1.679988675519174814e+09,1.658400000000000000e+04,5.120000000000000000e+02,-7.840000000000000000e+02,-1.153000000000000000e+03,-6.220000000000000000e+02,-4.200000000000000000e+01
1.679988675521260500e+09,1.658400000000000000e+04,5.120000000000000000e+02,-7.840000000000000000e+02,-1.153000000000000000e+03,-6.220000000000000000e+02,-4.200000000000000000e+01
1.679988675522334814e+09,1.658400000000000000e+04,5.120000000000000000e+02,-7.840000000000000000e+02,-1.153000000000000000e+03,-6.220000000000000000e+02,-4.200000000000000000e+01
1.679988675524439096e+09,1.658400000000000000e+04,5.120000000000000000e+02,-7.840000000000000000e+02,-1.153000000000000000e+03,-6.220000000000000000e+02,-4.200000000000000000e+01
1.679988675525504112e+09,1.658400000000000000e+04,5.120000000000000000e+02,-7.840000000000000000e+02,-1.153000000000000000e+03,-6.220000000000000000e+02,-4.200000000000000000e+01
1.679988675527613401e+09,1.658400000000000000e+04,5.120000000000000000e+02,-7.840000000000000000e+02,-1.153000000000000000e+03,-6.220000000000000000e+02,-4.200000000000000000e+01
1.679988675528693676e+09,1.658400000000000000e+04,5.120000000000000000e+02,-7.840000000000000000e+02,-1.153000000000000000e+03,-6.220000000000000000e+02,-4.200000000000000000e+01
1.679988675530766249e+09,1.658400000000000000e+04,5.120000000000000000e+02,-7.840000000000000000e+02,-1.153000000000000000e+03,-6.220000000000000000e+02,-4.200000000000000000e+01
1.679988675531829357e+09,1.658400000000000000e+04,5.120000000000000000e+02,-7.840000000000000000e+02,-1.153000000000000000e+03,-6.220000000000000000e+02,-4.200000000000000000e+01
1.679988675533911228e+09,1.658400000000000000e+04,5.120000000000000000e+02,-7.840000000000000000e+02,-1.153000000000000000e+03,-6.220000000000000000e+02,-4.200000000000000000e+01
1.679988675534996033e+09,1.658400000000000000e+04,5.120000000000000000e+02,-7.840000000000000000e+02,-1.153000000000000000e+03,-6.220000000000000000e+02,-4.200000000000000000e+01
1.679988675537169695e+09,1.658400000000000000e+04,5.120000000000000000e+02,-7.840000000000000000e+02,-1.153000000000000000e+03,-6.220000000000000000e+02,-4.200000000000000000e+01
1.679988675538128614e+09,1.658400000000000000e+04,5.120000000000000000e+02,-7.840000000000000000e+02,-1.153000000000000000e+03,-6.220000000000000000e+02,-4.200000000000000000e+01
1.679988675540193319e+09,1.658400000000000000e+04,5.120000000000000000e+02,-7.840000000000000000e+02,-1.153000000000000000e+03,-6.220000000000000000e+02,-4.200000000000000000e+01
1.679988675541297674e+09,1.658400000000000000e+04,5.120000000000000000e+02,-7.840000000000000000e+02,-1.153000000000000000e+03,-6.220000000000000000e+02,-4.200000000000000000e+01
1.679988675543354511e+09,1.658400000000000000e+04,5.120000000000000000e+02,-7.840000000000000000e+02,-1.153000000000000000e+03,-6.220000000000000000e+02,-4.200000000000000000e+01
1.679988675544441700e+09,1.658400000000000000e+04,5.120000000000000000e+02,-7.840000000000000000e+02,-1.153000000000000000e+03,-6.220000000000000000e+02,-4.200000000000000000e+01
1.679988675546582937e+09,1.658400000000000000e+04,5.120000000000000000e+02,-7.840000000000000000e+02,-1.153000000000000000e+03,-6.220000000000000000e+02,-4.200000000000000000e+01
1.679988675547641754e+09,1.658400000000000000e+04,5.120000000000000000e+02,-7.840000000000000000e+02,-1.153000000000000000e+03,-6.220000000000000000e+02,-4.200000000000000000e+01
1.679988675549746513e+09,1.658400000000000000e+04,5.120000000000000000e+02,-7.840000000000000000e+02,-1.153000000000000000e+03,-6.220000000000000000e+02,-4.200000000000000000e+01
1.679988675550796509e+09,1.658400000000000000e+04,5.120000000000000000e+02,-7.840000000000000000e+02,-1.153000000000000000e+03,-6.220000000000000000e+02,-4.200000000000000000e+01
1.679988675552860260e+09,1.658400000000000000e+04,5.120000000000000000e+02,-7.840000000000000000e+02,-1.153000000000000000e+03,-6.220000000000000000e+02,-4.200000000000000000e+01
1.679988675553979397e+09,1.658400000000000000e+04,5.120000000000000000e+02,-7.840000000000000000e+02,-1.153000000000000000e+03,-6.220000000000000000e+02,-4.200000000000000000e+01
1.679988675556128979e+09,1.658400000000000000e+04,5.120000000000000000e+02,-7.840000000000000000e+02,-1.153000000000000000e+03,-6.220000000000000000e+02,-4.200000000000000000e+01
1.679988675557163477e+09,1.658400000000000000e+04,5.120000000000000000e+02,-7.840000000000000000e+02,-1.153000000000000000e+03,-6.220000000000000000e+02,-4.200000000000000000e+01
1.679988675559294462e+09,1.658400000000000000e+04,5.120000000000000000e+02,-7.840000000000000000e+02,-1.153000000000000000e+03,-6.220000000000000000e+02,-4.200000000000000000e+01
1.679988675560298443e+09,1.658400000000000000e+04,5.120000000000000000e+02,-7.840000000000000000e+02,-1.153000000000000000e+03,-6.220000000000000000e+02,-4.200000000000000000e+01
1.679988675562407255e+09,1.658400000000000000e+04,5.120000000000000000e+02,-7.840000000000000000e+02,-1.153000000000000000e+03,-6.220000000000000000e+02,-4.200000000000000000e+01
1.679988675563446522e+09,1.658400000000000000e+04,5.120000000000000000e+02,-7.840000000000000000e+02,-1.153000000000000000e+03,-6.220000000000000000e+02,-4.200000000000000000e+01
1.679988675565573215e+09,1.658400000000000000e+04,5.120000000000000000e+02,-7.840000000000000000e+02,-1.153000000000000000e+03,-6.220000000000000000e+02,-4.200000000000000000e+01
1.679988675566632509e+09,1.658400000000000000e+04,5.120000000000000000e+02,-7.840000000000000000e+02,-1.153000000000000000e+03,-6.220000000000000000e+02,-4.200000000000000000e+01
1.679988675568739653e+09,1.658400000000000000e+04,5.120000000000000000e+02,-7.840000000000000000e+02,-1.153000000000000000e+03,-6.220000000000000000e+02,-4.200000000000000000e+01
1.679988675569763660e+09,1.658400000000000000e+04,5.120000000000000000e+02,-7.840000000000000000e+02,-1.153000000000000000e+03,-6.220000000000000000e+02,-4.200000000000000000e+01
1.679988675571856737e+09,1.658400000000000000e+04,5.120000000000000000e+02,-7.840000000000000000e+02,-1.153000000000000000e+03,-6.220000000000000000e+02,-4.200000000000000000e+01
1.679988675572930098e+09,1.658400000000000000e+04,5.120000000000000000e+02,-7.840000000000000000e+02,-1.153000000000000000e+03,-6.220000000000000000e+02,-4.200000000000000000e+01
1.679988675575049162e+09,1.658400000000000000e+04,5.120000000000000000e+02,-7.840000000000000000e+02,-1.153000000000000000e+03,-6.220000000000000000e+02,-4.200000000000000000e+01
1.679988675576090813e+09,1.658400000000000000e+04,5.120000000000000000e+02,-7.840000000000000000e+02,-1.153000000000000000e+03,-6.220000000000000000e+02,-4.200000000000000000e+01
1.679988675578208923e+09,1.658400000000000000e+04,5.120000000000000000e+02,-7.840000000000000000e+02,-1.153000000000000000e+03,-6.220000000000000000e+02,-4.200000000000000000e+01
1.679988675579222202e+09,1.658400000000000000e+04,5.120000000000000000e+02,-7.840000000000000000e+02,-1.153000000000000000e+03,-6.220000000000000000e+02,-4.200000000000000000e+01
1.679988675581391811e+09,1.658400000000000000e+04,5.120000000000000000e+02,-7.840000000000000000e+02,-1.153000000000000000e+03,-6.220000000000000000e+02,-4.200000000000000000e+01
1.679988675582289219e+09,1.658400000000000000e+04,5.120000000000000000e+02,-7.840000000000000000e+02,-1.153000000000000000e+03,-6.220000000000000000e+02,-4.200000000000000000e+01
1.679988675584364176e+09,1.658400000000000000e+04,5.120000000000000000e+02,-7.840000000000000000e+02,-1.153000000000000000e+03,-6.220000000000000000e+02,-4.200000000000000000e+01
1.679988675585451365e+09,1.658400000000000000e+04,5.120000000000000000e+02,-7.840000000000000000e+02,-1.153000000000000000e+03,-6.220000000000000000e+02,-4.200000000000000000e+01
1.679988675587598324e+09,1.658400000000000000e+04,5.120000000000000000e+02,-7.840000000000000000e+02,-1.153000000000000000e+03,-6.220000000000000000e+02,-4.200000000000000000e+01
1.679988675588587761e+09,1.658400000000000000e+04,5.120000000000000000e+02,-7.840000000000000000e+02,-1.153000000000000000e+03,-6.220000000000000000e+02,-4.200000000000000000e+01
1.679988675590659380e+09,1.658400000000000000e+04,5.120000000000000000e+02,-7.840000000000000000e+02,-1.153000000000000000e+03,-6.220000000000000000e+02,-4.200000000000000000e+01
1.679988675591771126e+09,1.658400000000000000e+04,5.120000000000000000e+02,-7.840000000000000000e+02,-1.153000000000000000e+03,-6.220000000000000000e+02,-4.200000000000000000e+01
1.679988675593888998e+09,1.658400000000000000e+04,5.120000000000000000e+02,-7.840000000000000000e+02,-1.153000000000000000e+03,-6.220000000000000000e+02,-4.200000000000000000e+01
1.679988675594910383e+09,1.658400000000000000e+04,5.120000000000000000e+02,-7.840000000000000000e+02,-1.153000000000000000e+03,-6.220000000000000000e+02,-4.200000000000000000e+01
1.679988675597064734e+09,1.658400000000000000e+04,5.120000000000000000e+02,-7.840000000000000000e+02,-1.153000000000000000e+03,-6.220000000000000000e+02,-4.200000000000000000e+01
1.679988675598090410e+09,1.658400000000000000e+04,5.120000000000000000e+02,-7.840000000000000000e+02,-1.153000000000000000e+03,-6.220000000000000000e+02,-4.200000000000000000e+01
1.679988675600207090e+09,1.658400000000000000e+04,5.120000000000000000e+02,-7.840000000000000000e+02,-1.153000000000000000e+03,-6.220000000000000000e+02,-4.200000000000000000e+01
1.679988675601242065e+09,1.658400000000000000e+04,5.120000000000000000e+02,-7.840000000000000000e+02,-1.153000000000000000e+03,-6.220000000000000000e+02,-4.200000000000000000e+01
1.679988675603384733e+09,1.658400000000000000e+04,5.120000000000000000e+02,-7.840000000000000000e+02,-1.153000000000000000e+03,-6.220000000000000000e+02,-4.200000000000000000e+01
1.679988675604389191e+09,1.658400000000000000e+04,5.120000000000000000e+02,-7.840000000000000000e+02,-1.153000000000000000e+03,-6.220000000000000000e+02,-4.200000000000000000e+01
1.679988675606544495e+09,1.658400000000000000e+04,5.120000000000000000e+02,-7.840000000000000000e+02,-1.153000000000000000e+03,-6.220000000000000000e+02,-4.200000000000000000e+01
1.679988675607556581e+09,1.658400000000000000e+04,5.120000000000000000e+02,-7.840000000000000000e+02,-1.153000000000000000e+03,-6.220000000000000000e+02,-4.200000000000000000e+01
1.679988675609630108e+09,1.658400000000000000e+04,5.120000000000000000e+02,-7.840000000000000000e+02,-1.153000000000000000e+03,-6.220000000000000000e+02,-4.200000000000000000e+01
1.679988675610747814e+09,1.658400000000000000e+04,5.120000000000000000e+02,-7.840000000000000000e+02,-1.153000000000000000e+03,-6.220000000000000000e+02,-4.200000000000000000e+01
1.679988675612882614e+09,1.658400000000000000e+04,5.120000000000000000e+02,-7.840000000000000000e+02,-1.153000000000000000e+03,-6.220000000000000000e+02,-4.200000000000000000e+01
1.679988675613877773e+09,1.658400000000000000e+04,5.120000000000000000e+02,-7.840000000000000000e+02,-1.153000000000000000e+03,-6.220000000000000000e+02,-4.200000000000000000e+01
1.679988675616060734e+09,1.658400000000000000e+04,5.120000000000000000e+02,-7.840000000000000000e+02,-1.153000000000000000e+03,-6.220000000000000000e+02,-4.200000000000000000e+01
1.679988675617053270e+09,1.658400000000000000e+04,5.120000000000000000e+02,-7.840000000000000000e+02,-1.153000000000000000e+03,-6.220000000000000000e+02,-4.200000000000000000e+01
1.679988675619175434e+09,1.658400000000000000e+04,5.120000000000000000e+02,-7.840000000000000000e+02,-1.153000000000000000e+03,-6.220000000000000000e+02,-4.200000000000000000e+01
1.679988675620170832e+09,1.658400000000000000e+04,5.120000000000000000e+02,-7.840000000000000000e+02,-1.153000000000000000e+03,-6.220000000000000000e+02,-4.200000000000000000e+01
1.679988675622226954e+09,1.658400000000000000e+04,5.120000000000000000e+02,-7.840000000000000000e+02,-1.153000000000000000e+03,-6.220000000000000000e+02,-4.200000000000000000e+01
1.679988675623365879e+09,1.658400000000000000e+04,5.120000000000000000e+02,-7.840000000000000000e+02,-1.153000000000000000e+03,-6.220000000000000000e+02,-4.200000000000000000e+01
1.679988675625461340e+09,1.658400000000000000e+04,5.120000000000000000e+02,-7.840000000000000000e+02,-1.153000000000000000e+03,-6.220000000000000000e+02,-4.200000000000000000e+01
1.679988675626551390e+09,1.658400000000000000e+04,5.120000000000000000e+02,-7.840000000000000000e+02,-1.153000000000000000e+03,-6.220000000000000000e+02,-4.200000000000000000e+01
1.679988675628681421e+09,1.658400000000000000e+04,5.120000000000000000e+02,-7.840000000000000000e+02,-1.153000000000000000e+03,-6.220000000000000000e+02,-4.200000000000000000e+01
1.679988675629678249e+09,1.658400000000000000e+04,5.120000000000000000e+02,-7.840000000000000000e+02,-1.153000000000000000e+03,-6.220000000000000000e+02,-4.200000000000000000e+01
1.679988675631790400e+09,1.658400000000000000e+04,5.120000000000000000e+02,-7.840000000000000000e+02,-1.153000000000000000e+03,-6.220000000000000000e+02,-4.200000000000000000e+01
1.679988675632835150e+09,1.658400000000000000e+04,5.120000000000000000e+02,-7.840000000000000000e+02,-1.153000000000000000e+03,-6.220000000000000000e+02,-4.200000000000000000e+01
1.679988675634920120e+09,1.658400000000000000e+04,5.120000000000000000e+02,-7.840000000000000000e+02,-1.153000000000000000e+03,-6.220000000000000000e+02,-4.200000000000000000e+01
1.679988675636065483e+09,1.658400000000000000e+04,5.120000000000000000e+02,-7.840000000000000000e+02,-1.153000000000000000e+03,-6.220000000000000000e+02,-4.200000000000000000e+01
1.679988675638160944e+09,1.658400000000000000e+04,5.120000000000000000e+02,-7.840000000000000000e+02,-1.153000000000000000e+03,-6.220000000000000000e+02,-4.200000000000000000e+01
1.679988675639261007e+09,1.658400000000000000e+04,5.120000000000000000e+02,-7.840000000000000000e+02,-1.153000000000000000e+03,-6.220000000000000000e+02,-4.200000000000000000e+01
1.679988675641341925e+09,1.658400000000000000e+04,5.120000000000000000e+02,-7.840000000000000000e+02,-1.153000000000000000e+03,-6.220000000000000000e+02,-4.200000000000000000e+01
1.679988675642476559e+09,1.658400000000000000e+04,5.120000000000000000e+02,-7.840000000000000000e+02,-1.153000000000000000e+03,-6.220000000000000000e+02,-4.200000000000000000e+01
1.679988675644563675e+09,1.658400000000000000e+04,5.120000000000000000e+02,-7.840000000000000000e+02,-1.153000000000000000e+03,-6.220000000000000000e+02,-4.200000000000000000e+01
1.679988675645665646e+09,1.658400000000000000e+04,5.120000000000000000e+02,-7.840000000000000000e+02,-1.153000000000000000e+03,-6.220000000000000000e+02,-4.200000000000000000e+01
1.679988675647740602e+09,1.658400000000000000e+04,5.120000000000000000e+02,-7.840000000000000000e+02,-1.153000000000000000e+03,-6.220000000000000000e+02,-4.200000000000000000e+01
1.679988675648883820e+09,1.658400000000000000e+04,5.120000000000000000e+02,-7.840000000000000000e+02,-1.153000000000000000e+03,-6.220000000000000000e+02,-4.200000000000000000e+01
1.679988675650948286e+09,1.658400000000000000e+04,5.120000000000000000e+02,-7.840000000000000000e+02,-1.153000000000000000e+03,-6.220000000000000000e+02,-4.200000000000000000e+01
1.679988675652081966e+09,1.658400000000000000e+04,5.120000000000000000e+02,-7.840000000000000000e+02,-1.153000000000000000e+03,-6.220000000000000000e+02,-4.200000000000000000e+01
1.679988675654203176e+09,1.658400000000000000e+04,5.120000000000000000e+02,-7.840000000000000000e+02,-1.153000000000000000e+03,-6.220000000000000000e+02,-4.200000000000000000e+01
1.679988675655298471e+09,1.658400000000000000e+04,5.120000000000000000e+02,-7.840000000000000000e+02,-1.153000000000000000e+03,-6.220000000000000000e+02,-4.200000000000000000e+01
1.679988675657418251e+09,1.658400000000000000e+04,5.120000000000000000e+02,-7.840000000000000000e+02,-1.153000000000000000e+03,-6.220000000000000000e+02,-4.200000000000000000e+01
1.679988675658500671e+09,1.658400000000000000e+04,5.120000000000000000e+02,-7.840000000000000000e+02,-1.153000000000000000e+03,-6.220000000000000000e+02,-4.200000000000000000e+01
1.679988675660564423e+09,1.658400000000000000e+04,5.120000000000000000e+02,-7.840000000000000000e+02,-1.153000000000000000e+03,-6.220000000000000000e+02,-4.200000000000000000e+01
1.679988675661715031e+09,1.658400000000000000e+04,5.120000000000000000e+02,-7.840000000000000000e+02,-1.153000000000000000e+03,-6.220000000000000000e+02,-4.200000000000000000e+01
1.679988675663838387e+09,1.658400000000000000e+04,5.120000000000000000e+02,-7.840000000000000000e+02,-1.153000000000000000e+03,-6.220000000000000000e+02,-4.200000000000000000e+01
1.679988675664889336e+09,1.658400000000000000e+04,5.120000000000000000e+02,-7.840000000000000000e+02,-1.153000000000000000e+03,-6.220000000000000000e+02,-4.200000000000000000e+01
1.679988675667022943e+09,1.658400000000000000e+04,5.120000000000000000e+02,-7.840000000000000000e+02,-1.153000000000000000e+03,-6.220000000000000000e+02,-4.200000000000000000e+01
1.679988675668122053e+09,1.658400000000000000e+04,5.120000000000000000e+02,-7.840000000000000000e+02,-1.153000000000000000e+03,-6.220000000000000000e+02,-4.200000000000000000e+01
1.679988675670222521e+09,1.658400000000000000e+04,5.120000000000000000e+02,-7.840000000000000000e+02,-1.153000000000000000e+03,-6.220000000000000000e+02,-4.200000000000000000e+01
1.679988675671309710e+09,1.658400000000000000e+04,5.120000000000000000e+02,-7.840000000000000000e+02,-1.153000000000000000e+03,-6.220000000000000000e+02,-4.200000000000000000e+01
1.679988675673438549e+09,1.658400000000000000e+04,5.120000000000000000e+02,-7.840000000000000000e+02,-1.153000000000000000e+03,-6.220000000000000000e+02,-4.200000000000000000e+01
1.679988675674542904e+09,1.658400000000000000e+04,5.120000000000000000e+02,-7.840000000000000000e+02,-1.153000000000000000e+03,-6.220000000000000000e+02,-4.200000000000000000e+01
1.679988675676764488e+09,1.658400000000000000e+04,5.120000000000000000e+02,-7.840000000000000000e+02,-1.153000000000000000e+03,-6.220000000000000000e+02,-4.200000000000000000e+01
1.679988675677761316e+09,1.658400000000000000e+04,5.120000000000000000e+02,-7.840000000000000000e+02,-1.153000000000000000e+03,-6.220000000000000000e+02,-4.200000000000000000e+01
1.679988675679853201e+09,1.658400000000000000e+04,5.120000000000000000e+02,-7.840000000000000000e+02,-1.153000000000000000e+03,-6.220000000000000000e+02,-4.200000000000000000e+01
1.679988675680988073e+09,1.658400000000000000e+04,5.120000000000000000e+02,-7.840000000000000000e+02,-1.153000000000000000e+03,-6.220000000000000000e+02,-4.200000000000000000e+01
1.679988675683104992e+09,1.658400000000000000e+04,5.120000000000000000e+02,-7.840000000000000000e+02,-1.153000000000000000e+03,-6.220000000000000000e+02,-4.200000000000000000e+01
1.679988675684173107e+09,1.658400000000000000e+04,5.120000000000000000e+02,-7.840000000000000000e+02,-1.153000000000000000e+03,-6.220000000000000000e+02,-4.200000000000000000e+01
1.679988675686338663e+09,1.658400000000000000e+04,5.120000000000000000e+02,-7.840000000000000000e+02,-1.153000000000000000e+03,-6.220000000000000000e+02,-4.200000000000000000e+01
1.679988675687374592e+09,1.658400000000000000e+04,5.120000000000000000e+02,-7.840000000000000000e+02,-1.153000000000000000e+03,-6.220000000000000000e+02,-4.200000000000000000e+01
1.679988675689482927e+09,1.658400000000000000e+04,5.120000000000000000e+02,-7.840000000000000000e+02,-1.153000000000000000e+03,-6.220000000000000000e+02,-4.200000000000000000e+01
1.679988675690562725e+09,1.658400000000000000e+04,5.120000000000000000e+02,-7.840000000000000000e+02,-1.153000000000000000e+03,-6.220000000000000000e+02,-4.200000000000000000e+01
1.679988675692645073e+09,1.658400000000000000e+04,5.120000000000000000e+02,-7.840000000000000000e+02,-1.153000000000000000e+03,-6.220000000000000000e+02,-4.200000000000000000e+01
1.679988675693785429e+09,1.658400000000000000e+04,5.120000000000000000e+02,-7.840000000000000000e+02,-1.153000000000000000e+03,-6.220000000000000000e+02,-4.200000000000000000e+01
1.679988675695949554e+09,1.658400000000000000e+04,5.120000000000000000e+02,-7.840000000000000000e+02,-1.153000000000000000e+03,-6.220000000000000000e+02,-4.200000000000000000e+01
1.679988675696977377e+09,1.658400000000000000e+04,5.120000000000000000e+02,-7.840000000000000000e+02,-1.153000000000000000e+03,-6.220000000000000000e+02,-4.200000000000000000e+01
1.679988675699068069e+09,1.658400000000000000e+04,5.120000000000000000e+02,-7.840000000000000000e+02,-1.153000000000000000e+03,-6.220000000000000000e+02,-4.200000000000000000e+01
1.679988675700182199e+09,1.658400000000000000e+04,5.120000000000000000e+02,-7.840000000000000000e+02,-1.153000000000000000e+03,-6.220000000000000000e+02,-4.200000000000000000e+01
1.679988675702293396e+09,1.658400000000000000e+04,5.120000000000000000e+02,-7.840000000000000000e+02,-1.153000000000000000e+03,-6.220000000000000000e+02,-4.200000000000000000e+01
1.679988675703369617e+09,1.658400000000000000e+04,5.120000000000000000e+02,-7.840000000000000000e+02,-1.153000000000000000e+03,-6.220000000000000000e+02,-4.200000000000000000e+01
1.679988675705444098e+09,1.658400000000000000e+04,5.120000000000000000e+02,-7.840000000000000000e+02,-1.153000000000000000e+03,-6.220000000000000000e+02,-4.200000000000000000e+01
1.679988675706618786e+09,1.658400000000000000e+04,5.120000000000000000e+02,-7.840000000000000000e+02,-1.153000000000000000e+03,-6.220000000000000000e+02,-4.200000000000000000e+01
1.679988675708725691e+09,1.658400000000000000e+04,5.120000000000000000e+02,-7.840000000000000000e+02,-1.153000000000000000e+03,-6.220000000000000000e+02,-4.200000000000000000e+01
1.679988675709789753e+09,1.658400000000000000e+04,5.120000000000000000e+02,-7.840000000000000000e+02,-1.153000000000000000e+03,-6.220000000000000000e+02,-4.200000000000000000e+01
1.679988675711873055e+09,1.658400000000000000e+04,5.120000000000000000e+02,-7.840000000000000000e+02,-1.153000000000000000e+03,-6.220000000000000000e+02,-4.200000000000000000e+01
1.679988675713021517e+09,1.658400000000000000e+04,5.120000000000000000e+02,-7.840000000000000000e+02,-1.153000000000000000e+03,-6.220000000000000000e+02,-4.200000000000000000e+01
1.679988675715166092e+09,1.658400000000000000e+04,5.120000000000000000e+02,-7.840000000000000000e+02,-1.153000000000000000e+03,-6.220000000000000000e+02,-4.200000000000000000e+01
1.679988675716214180e+09,1.658400000000000000e+04,5.120000000000000000e+02,-7.840000000000000000e+02,-1.153000000000000000e+03,-6.220000000000000000e+02,-4.200000000000000000e+01
1.679988675718350172e+09,1.658400000000000000e+04,5.120000000000000000e+02,-7.840000000000000000e+02,-1.153000000000000000e+03,-6.220000000000000000e+02,-4.200000000000000000e+01
1.679988675719396353e+09,1.658400000000000000e+04,5.120000000000000000e+02,-7.840000000000000000e+02,-1.153000000000000000e+03,-6.220000000000000000e+02,-4.200000000000000000e+01
1.679988675721486568e+09,1.658400000000000000e+04,5.120000000000000000e+02,-7.840000000000000000e+02,-1.153000000000000000e+03,-6.220000000000000000e+02,-4.200000000000000000e+01
1.679988675722600222e+09,1.658400000000000000e+04,5.120000000000000000e+02,-7.840000000000000000e+02,-1.153000000000000000e+03,-6.220000000000000000e+02,-4.200000000000000000e+01
1.679988675724750519e+09,1.658400000000000000e+04,5.120000000000000000e+02,-7.840000000000000000e+02,-1.153000000000000000e+03,-6.220000000000000000e+02,-4.200000000000000000e+01
1.679988675725826979e+09,1.658400000000000000e+04,5.120000000000000000e+02,-7.840000000000000000e+02,-1.153000000000000000e+03,-6.220000000000000000e+02,-4.200000000000000000e+01
1.679988675727924585e+09,1.658400000000000000e+04,5.120000000000000000e+02,-7.840000000000000000e+02,-1.153000000000000000e+03,-6.220000000000000000e+02,-4.200000000000000000e+01
1.679988675729022026e+09,1.658400000000000000e+04,5.120000000000000000e+02,-7.840000000000000000e+02,-1.153000000000000000e+03,-6.220000000000000000e+02,-4.200000000000000000e+01
1.679988675731132746e+09,1.658400000000000000e+04,5.120000000000000000e+02,-7.840000000000000000e+02,-1.153000000000000000e+03,-6.220000000000000000e+02,-4.200000000000000000e+01
1.679988675732199907e+09,1.658400000000000000e+04,5.120000000000000000e+02,-7.840000000000000000e+02,-1.153000000000000000e+03,-6.220000000000000000e+02,-4.200000000000000000e+01
1.679988675734325171e+09,1.658400000000000000e+04,5.120000000000000000e+02,-7.840000000000000000e+02,-1.153000000000000000e+03,-6.220000000000000000e+02,-4.200000000000000000e+01
1.679988675735397100e+09,1.658400000000000000e+04,5.120000000000000000e+02,-7.840000000000000000e+02,-1.153000000000000000e+03,-6.220000000000000000e+02,-4.200000000000000000e+01
1.679988675737521887e+09,1.658400000000000000e+04,5.120000000000000000e+02,-7.840000000000000000e+02,-1.153000000000000000e+03,-6.220000000000000000e+02,-4.200000000000000000e+01
1.679988675738644361e+09,1.658400000000000000e+04,5.120000000000000000e+02,-7.840000000000000000e+02,-1.153000000000000000e+03,-6.220000000000000000e+02,-4.200000000000000000e+01
1.679988675740731955e+09,1.658400000000000000e+04,5.120000000000000000e+02,-7.840000000000000000e+02,-1.153000000000000000e+03,-6.220000000000000000e+02,-4.200000000000000000e+01
1.679988675741851330e+09,1.658400000000000000e+04,5.120000000000000000e+02,-7.840000000000000000e+02,-1.153000000000000000e+03,-6.220000000000000000e+02,-4.200000000000000000e+01
1.679988675743934870e+09,1.658400000000000000e+04,5.120000000000000000e+02,-7.840000000000000000e+02,-1.153000000000000000e+03,-6.220000000000000000e+02,-4.200000000000000000e+01
1.679988675745076656e+09,1.658400000000000000e+04,5.120000000000000000e+02,-7.840000000000000000e+02,-1.153000000000000000e+03,-6.220000000000000000e+02,-4.200000000000000000e+01
1.679988675747192621e+09,1.658400000000000000e+04,5.120000000000000000e+02,-7.840000000000000000e+02,-1.153000000000000000e+03,-6.220000000000000000e+02,-4.200000000000000000e+01
1.679988675748348713e+09,1.658400000000000000e+04,5.120000000000000000e+02,-7.840000000000000000e+02,-1.153000000000000000e+03,-6.220000000000000000e+02,-4.200000000000000000e+01
1.679988675750448942e+09,1.658400000000000000e+04,5.120000000000000000e+02,-7.840000000000000000e+02,-1.153000000000000000e+03,-6.220000000000000000e+02,-4.200000000000000000e+01
1.679988675751564503e+09,1.658400000000000000e+04,5.120000000000000000e+02,-7.840000000000000000e+02,-1.153000000000000000e+03,-6.220000000000000000e+02,-4.200000000000000000e+01
1.679988675753686428e+09,1.658400000000000000e+04,5.120000000000000000e+02,-7.840000000000000000e+02,-1.153000000000000000e+03,-6.220000000000000000e+02,-4.200000000000000000e+01
1.679988675754764318e+09,1.658400000000000000e+04,5.120000000000000000e+02,-7.840000000000000000e+02,-1.153000000000000000e+03,-6.220000000000000000e+02,-4.200000000000000000e+01
1.679988675756911516e+09,1.658400000000000000e+04,5.120000000000000000e+02,-7.840000000000000000e+02,-1.153000000000000000e+03,-6.220000000000000000e+02,-4.200000000000000000e+01
1.679988675758043051e+09,1.658400000000000000e+04,5.120000000000000000e+02,-7.840000000000000000e+02,-1.153000000000000000e+03,-6.220000000000000000e+02,-4.200000000000000000e+01
1.679988675760148764e+09,1.658400000000000000e+04,5.120000000000000000e+02,-7.840000000000000000e+02,-1.153000000000000000e+03,-6.220000000000000000e+02,-4.200000000000000000e+01
1.679988675761231899e+09,1.658400000000000000e+04,5.120000000000000000e+02,-7.840000000000000000e+02,-1.153000000000000000e+03,-6.220000000000000000e+02,-4.200000000000000000e+01
1.679988675763324738e+09,1.658400000000000000e+04,5.120000000000000000e+02,-7.840000000000000000e+02,-1.153000000000000000e+03,-6.220000000000000000e+02,-4.200000000000000000e+01
1.679988675764474630e+09,1.658400000000000000e+04,5.120000000000000000e+02,-7.840000000000000000e+02,-1.153000000000000000e+03,-6.220000000000000000e+02,-4.200000000000000000e+01
1.679988675766620874e+09,1.658400000000000000e+04,5.120000000000000000e+02,-7.840000000000000000e+02,-1.153000000000000000e+03,-6.220000000000000000e+02,-4.200000000000000000e+01
1.679988675767731190e+09,1.658400000000000000e+04,5.120000000000000000e+02,-7.840000000000000000e+02,-1.153000000000000000e+03,-6.220000000000000000e+02,-4.200000000000000000e+01
1.679988675769879580e+09,1.658400000000000000e+04,5.120000000000000000e+02,-7.840000000000000000e+02,-1.153000000000000000e+03,-6.220000000000000000e+02,-4.200000000000000000e+01
1.679988675770937443e+09,1.658400000000000000e+04,5.120000000000000000e+02,-7.840000000000000000e+02,-1.153000000000000000e+03,-6.220000000000000000e+02,-4.200000000000000000e+01
1.679988675773030043e+09,1.658400000000000000e+04,5.120000000000000000e+02,-7.840000000000000000e+02,-1.153000000000000000e+03,-6.220000000000000000e+02,-4.200000000000000000e+01
1.679988675774138689e+09,1.658400000000000000e+04,5.120000000000000000e+02,-7.840000000000000000e+02,-1.153000000000000000e+03,-6.220000000000000000e+02,-4.200000000000000000e+01
1.679988675776317358e+09,1.658400000000000000e+04,5.120000000000000000e+02,-7.840000000000000000e+02,-1.153000000000000000e+03,-6.220000000000000000e+02,-4.200000000000000000e+01
1.679988675777398109e+09,1.658400000000000000e+04,5.120000000000000000e+02,-7.840000000000000000e+02,-1.153000000000000000e+03,-6.220000000000000000e+02,-4.200000000000000000e+01
1.679988675779540777e+09,1.658400000000000000e+04,5.120000000000000000e+02,-7.840000000000000000e+02,-1.153000000000000000e+03,-6.220000000000000000e+02,-4.200000000000000000e+01
1.679988675780588150e+09,1.658400000000000000e+04,5.120000000000000000e+02,-7.840000000000000000e+02,-1.153000000000000000e+03,-6.220000000000000000e+02,-4.200000000000000000e+01
1.679988675782684088e+09,1.658400000000000000e+04,5.120000000000000000e+02,-7.840000000000000000e+02,-1.153000000000000000e+03,-6.220000000000000000e+02,-4.200000000000000000e+01
1.679988675783829927e+09,1.658400000000000000e+04,5.120000000000000000e+02,-7.840000000000000000e+02,-1.153000000000000000e+03,-6.220000000000000000e+02,-4.200000000000000000e+01
1.679988675786040306e+09,1.658400000000000000e+04,5.120000000000000000e+02,-7.840000000000000000e+02,-1.153000000000000000e+03,-6.220000000000000000e+02,-4.200000000000000000e+01
1.679988675787013054e+09,1.658400000000000000e+04,5.120000000000000000e+02,-7.840000000000000000e+02,-1.153000000000000000e+03,-6.220000000000000000e+02,-4.200000000000000000e+01
1.679988675789149284e+09,1.658400000000000000e+04,5.120000000000000000e+02,-7.840000000000000000e+02,-1.153000000000000000e+03,-6.220000000000000000e+02,-4.200000000000000000e+01
1.679988675790210485e+09,1.658400000000000000e+04,5.120000000000000000e+02,-7.840000000000000000e+02,-1.153000000000000000e+03,-6.220000000000000000e+02,-4.200000000000000000e+01
1.679988675792365789e+09,1.658400000000000000e+04,5.120000000000000000e+02,-7.840000000000000000e+02,-1.153000000000000000e+03,-6.220000000000000000e+02,-4.200000000000000000e+01
1.679988675793406010e+09,1.658400000000000000e+04,5.120000000000000000e+02,-7.840000000000000000e+02,-1.153000000000000000e+03,-6.220000000000000000e+02,-4.200000000000000000e+01
1.679988675795562744e+09,1.658400000000000000e+04,5.120000000000000000e+02,-7.840000000000000000e+02,-1.153000000000000000e+03,-6.220000000000000000e+02,-4.200000000000000000e+01
1.679988675796643734e+09,1.658400000000000000e+04,5.120000000000000000e+02,-7.840000000000000000e+02,-1.153000000000000000e+03,-6.220000000000000000e+02,-4.200000000000000000e+01
1.679988675798795938e+09,1.658400000000000000e+04,5.120000000000000000e+02,-7.840000000000000000e+02,-1.153000000000000000e+03,-6.220000000000000000e+02,-4.200000000000000000e+01
1.679988675799808741e+09,1.658400000000000000e+04,5.120000000000000000e+02,-7.840000000000000000e+02,-1.153000000000000000e+03,-6.220000000000000000e+02,-4.200000000000000000e+01
1.679988675801981211e+09,1.658400000000000000e+04,5.120000000000000000e+02,-7.840000000000000000e+02,-1.153000000000000000e+03,-6.220000000000000000e+02,-4.200000000000000000e+01
1.679988675802986145e+09,1.658400000000000000e+04,5.120000000000000000e+02,-7.840000000000000000e+02,-1.153000000000000000e+03,-6.220000000000000000e+02,-4.200000000000000000e+01
1.679988675805120945e+09,1.658400000000000000e+04,5.120000000000000000e+02,-7.840000000000000000e+02,-1.153000000000000000e+03,-6.220000000000000000e+02,-4.200000000000000000e+01
1.679988675806217670e+09,1.658400000000000000e+04,5.120000000000000000e+02,-7.840000000000000000e+02,-1.153000000000000000e+03,-6.220000000000000000e+02,-4.200000000000000000e+01
1.679988675808344126e+09,1.658400000000000000e+04,5.120000000000000000e+02,-7.840000000000000000e+02,-1.153000000000000000e+03,-6.220000000000000000e+02,-4.200000000000000000e+01
1.679988675809431791e+09,1.658400000000000000e+04,5.120000000000000000e+02,-7.840000000000000000e+02,-1.153000000000000000e+03,-6.220000000000000000e+02,-4.200000000000000000e+01
1.679988675811565161e+09,1.658400000000000000e+04,5.120000000000000000e+02,-7.840000000000000000e+02,-1.153000000000000000e+03,-6.220000000000000000e+02,-4.200000000000000000e+01
1.679988675812638998e+09,1.658400000000000000e+04,5.120000000000000000e+02,-7.840000000000000000e+02,-1.153000000000000000e+03,-6.220000000000000000e+02,-4.200000000000000000e+01
1.679988675814739227e+09,1.658400000000000000e+04,5.120000000000000000e+02,-7.840000000000000000e+02,-1.153000000000000000e+03,-6.220000000000000000e+02,-4.200000000000000000e+01
1.679988675815912962e+09,1.658400000000000000e+04,5.120000000000000000e+02,-7.840000000000000000e+02,-1.153000000000000000e+03,-6.220000000000000000e+02,-4.200000000000000000e+01
1.679988675818081617e+09,1.658400000000000000e+04,5.120000000000000000e+02,-7.840000000000000000e+02,-1.153000000000000000e+03,-6.220000000000000000e+02,-4.200000000000000000e+01
1.679988675819093943e+09,1.658400000000000000e+04,5.120000000000000000e+02,-7.840000000000000000e+02,-1.153000000000000000e+03,-6.220000000000000000e+02,-4.200000000000000000e+01
1.679988675821238041e+09,1.658400000000000000e+04,5.120000000000000000e+02,-7.840000000000000000e+02,-1.153000000000000000e+03,-6.220000000000000000e+02,-4.200000000000000000e+01
1.679988675822305679e+09,1.658400000000000000e+04,5.120000000000000000e+02,-7.840000000000000000e+02,-1.153000000000000000e+03,-6.220000000000000000e+02,-4.200000000000000000e+01
1.679988675824455738e+09,1.658400000000000000e+04,5.120000000000000000e+02,-7.840000000000000000e+02,-1.153000000000000000e+03,-6.220000000000000000e+02,-4.200000000000000000e+01
1.679988675825534821e+09,1.658400000000000000e+04,5.120000000000000000e+02,-7.840000000000000000e+02,-1.153000000000000000e+03,-6.220000000000000000e+02,-4.200000000000000000e+01
1.679988675827692509e+09,1.658400000000000000e+04,5.120000000000000000e+02,-7.840000000000000000e+02,-1.153000000000000000e+03,-6.220000000000000000e+02,-4.200000000000000000e+01
1.679988675828750134e+09,1.658400000000000000e+04,5.120000000000000000e+02,-7.840000000000000000e+02,-1.153000000000000000e+03,-6.220000000000000000e+02,-4.200000000000000000e+01
1.679988675830878258e+09,1.658400000000000000e+04,5.120000000000000000e+02,-7.840000000000000000e+02,-1.153000000000000000e+03,-6.220000000000000000e+02,-4.200000000000000000e+01
1.679988675831951857e+09,1.658400000000000000e+04,5.120000000000000000e+02,-7.840000000000000000e+02,-1.153000000000000000e+03,-6.220000000000000000e+02,-4.200000000000000000e+01
1.679988675834062338e+09,1.658400000000000000e+04,5.120000000000000000e+02,-7.840000000000000000e+02,-1.153000000000000000e+03,-6.220000000000000000e+02,-4.200000000000000000e+01
1.679988675835198402e+09,1.658400000000000000e+04,5.120000000000000000e+02,-7.840000000000000000e+02,-1.153000000000000000e+03,-6.220000000000000000e+02,-4.200000000000000000e+01
1.679988675837358475e+09,1.658400000000000000e+04,5.120000000000000000e+02,-7.840000000000000000e+02,-1.153000000000000000e+03,-6.220000000000000000e+02,-4.200000000000000000e+01
1.679988675838450193e+09,1.658400000000000000e+04,5.120000000000000000e+02,-7.840000000000000000e+02,-1.153000000000000000e+03,-6.220000000000000000e+02,-4.200000000000000000e+01
1.679988675840583324e+09,1.658400000000000000e+04,5.120000000000000000e+02,-7.840000000000000000e+02,-1.153000000000000000e+03,-6.220000000000000000e+02,-4.200000000000000000e+01
1.679988675841669321e+09,1.658400000000000000e+04,5.120000000000000000e+02,-7.840000000000000000e+02,-1.153000000000000000e+03,-6.220000000000000000e+02,-4.200000000000000000e+01
1.679988675843829393e+09,1.658400000000000000e+04,5.120000000000000000e+02,-7.840000000000000000e+02,-1.153000000000000000e+03,-6.220000000000000000e+02,-4.200000000000000000e+01
1.679988675844883919e+09,1.658400000000000000e+04,5.120000000000000000e+02,-7.840000000000000000e+02,-1.153000000000000000e+03,-6.220000000000000000e+02,-4.200000000000000000e+01
1.679988675847077370e+09,1.658400000000000000e+04,5.120000000000000000e+02,-7.840000000000000000e+02,-1.153000000000000000e+03,-6.220000000000000000e+02,-4.200000000000000000e+01
1.679988675848125935e+09,1.658400000000000000e+04,5.120000000000000000e+02,-7.840000000000000000e+02,-1.153000000000000000e+03,-6.220000000000000000e+02,-4.200000000000000000e+01
1.679988675850282192e+09,1.658400000000000000e+04,5.120000000000000000e+02,-7.840000000000000000e+02,-1.153000000000000000e+03,-6.220000000000000000e+02,-4.200000000000000000e+01
1.679988675851292133e+09,1.658400000000000000e+04,5.120000000000000000e+02,-7.840000000000000000e+02,-1.153000000000000000e+03,-6.220000000000000000e+02,-4.200000000000000000e+01
1.679988675853383780e+09,1.658400000000000000e+04,5.120000000000000000e+02,-7.840000000000000000e+02,-1.153000000000000000e+03,-6.220000000000000000e+02,-4.200000000000000000e+01
1.679988675854537964e+09,1.658400000000000000e+04,5.120000000000000000e+02,-7.840000000000000000e+02,-1.153000000000000000e+03,-6.220000000000000000e+02,-4.200000000000000000e+01
1.679988675856744766e+09,1.658400000000000000e+04,5.120000000000000000e+02,-7.840000000000000000e+02,-1.153000000000000000e+03,-6.220000000000000000e+02,-4.200000000000000000e+01
1.679988675857723713e+09,1.658400000000000000e+04,5.120000000000000000e+02,-7.840000000000000000e+02,-1.153000000000000000e+03,-6.220000000000000000e+02,-4.200000000000000000e+01
1.679988675859831810e+09,1.658400000000000000e+04,5.120000000000000000e+02,-7.840000000000000000e+02,-1.153000000000000000e+03,-6.220000000000000000e+02,-4.200000000000000000e+01
1.679988675860964298e+09,1.658400000000000000e+04,5.120000000000000000e+02,-7.840000000000000000e+02,-1.153000000000000000e+03,-6.220000000000000000e+02,-4.200000000000000000e+01
1.679988675863099098e+09,1.658400000000000000e+04,5.120000000000000000e+02,-7.840000000000000000e+02,-1.153000000000000000e+03,-6.220000000000000000e+02,-4.200000000000000000e+01
1.679988675864189863e+09,1.658400000000000000e+04,5.120000000000000000e+02,-7.840000000000000000e+02,-1.153000000000000000e+03,-6.220000000000000000e+02,-4.200000000000000000e+01
1.679988675866397858e+09,1.658400000000000000e+04,5.120000000000000000e+02,-7.840000000000000000e+02,-1.153000000000000000e+03,-6.220000000000000000e+02,-4.200000000000000000e+01
1.679988675867421627e+09,1.658400000000000000e+04,5.120000000000000000e+02,-7.840000000000000000e+02,-1.153000000000000000e+03,-6.220000000000000000e+02,-4.200000000000000000e+01
1.679988675869606495e+09,1.658400000000000000e+04,5.120000000000000000e+02,-7.840000000000000000e+02,-1.153000000000000000e+03,-6.220000000000000000e+02,-4.200000000000000000e+01
1.679988675870631218e+09,1.658400000000000000e+04,5.120000000000000000e+02,-7.840000000000000000e+02,-1.153000000000000000e+03,-6.220000000000000000e+02,-4.200000000000000000e+01
1.679988675872793674e+09,1.658400000000000000e+04,5.120000000000000000e+02,-7.840000000000000000e+02,-1.153000000000000000e+03,-6.220000000000000000e+02,-4.200000000000000000e+01
1.679988675873859406e+09,1.658400000000000000e+04,5.120000000000000000e+02,-7.840000000000000000e+02,-1.153000000000000000e+03,-6.220000000000000000e+02,-4.200000000000000000e+01
1.679988675876049995e+09,1.658400000000000000e+04,5.120000000000000000e+02,-7.840000000000000000e+02,-1.153000000000000000e+03,-6.220000000000000000e+02,-4.200000000000000000e+01
1.679988675877156019e+09,1.658400000000000000e+04,5.120000000000000000e+02,-7.840000000000000000e+02,-1.153000000000000000e+03,-6.220000000000000000e+02,-4.200000000000000000e+01
1.679988675879282713e+09,1.658400000000000000e+04,5.120000000000000000e+02,-7.840000000000000000e+02,-1.153000000000000000e+03,-6.220000000000000000e+02,-4.200000000000000000e+01
1.679988675880390882e+09,1.658400000000000000e+04,5.120000000000000000e+02,-7.840000000000000000e+02,-1.153000000000000000e+03,-6.220000000000000000e+02,-4.200000000000000000e+01
1.679988675882533312e+09,1.658400000000000000e+04,5.120000000000000000e+02,-7.840000000000000000e+02,-1.153000000000000000e+03,-6.220000000000000000e+02,-4.200000000000000000e+01
1.679988675883642673e+09,1.658400000000000000e+04,5.120000000000000000e+02,-7.840000000000000000e+02,-1.153000000000000000e+03,-6.220000000000000000e+02,-4.200000000000000000e+01
1.679988675885849237e+09,1.658400000000000000e+04,5.120000000000000000e+02,-7.840000000000000000e+02,-1.153000000000000000e+03,-6.220000000000000000e+02,-4.200000000000000000e+01
1.679988675886857748e+09,1.658400000000000000e+04,5.120000000000000000e+02,-7.840000000000000000e+02,-1.153000000000000000e+03,-6.220000000000000000e+02,-4.200000000000000000e+01
1.679988675888999939e+09,1.658400000000000000e+04,5.120000000000000000e+02,-7.840000000000000000e+02,-1.153000000000000000e+03,-6.220000000000000000e+02,-4.200000000000000000e+01
1.679988675890102863e+09,1.658400000000000000e+04,5.120000000000000000e+02,-7.840000000000000000e+02,-1.153000000000000000e+03,-6.220000000000000000e+02,-4.200000000000000000e+01
1.679988675892241240e+09,1.658400000000000000e+04,5.120000000000000000e+02,-7.840000000000000000e+02,-1.153000000000000000e+03,-6.220000000000000000e+02,-4.200000000000000000e+01
1.679988675893337250e+09,1.658400000000000000e+04,5.120000000000000000e+02,-7.840000000000000000e+02,-1.153000000000000000e+03,-6.220000000000000000e+02,-4.200000000000000000e+01
1.679988675895527601e+09,1.658400000000000000e+04,5.120000000000000000e+02,-7.840000000000000000e+02,-1.153000000000000000e+03,-6.220000000000000000e+02,-4.200000000000000000e+01
1.679988675896571875e+09,1.658400000000000000e+04,5.120000000000000000e+02,-7.840000000000000000e+02,-1.153000000000000000e+03,-6.220000000000000000e+02,-4.200000000000000000e+01
1.679988675898720026e+09,1.658400000000000000e+04,5.120000000000000000e+02,-7.840000000000000000e+02,-1.153000000000000000e+03,-6.220000000000000000e+02,-4.200000000000000000e+01
1.679988675899814367e+09,1.658400000000000000e+04,5.120000000000000000e+02,-7.840000000000000000e+02,-1.153000000000000000e+03,-6.220000000000000000e+02,-4.200000000000000000e+01
1.679988675901962757e+09,1.658400000000000000e+04,5.120000000000000000e+02,-7.840000000000000000e+02,-1.153000000000000000e+03,-6.220000000000000000e+02,-4.200000000000000000e+01
1.679988675903056145e+09,1.658400000000000000e+04,5.120000000000000000e+02,-7.840000000000000000e+02,-1.153000000000000000e+03,-6.220000000000000000e+02,-4.200000000000000000e+01
1.679988675905214310e+09,1.658400000000000000e+04,5.120000000000000000e+02,-7.840000000000000000e+02,-1.153000000000000000e+03,-6.220000000000000000e+02,-4.200000000000000000e+01
1.679988675906324387e+09,1.658400000000000000e+04,5.120000000000000000e+02,-7.840000000000000000e+02,-1.153000000000000000e+03,-6.220000000000000000e+02,-4.200000000000000000e+01
1.679988675908498287e+09,1.658400000000000000e+04,5.120000000000000000e+02,-7.840000000000000000e+02,-1.153000000000000000e+03,-6.220000000000000000e+02,-4.200000000000000000e+01
1.679988675909609795e+09,1.658400000000000000e+04,5.120000000000000000e+02,-7.840000000000000000e+02,-1.153000000000000000e+03,-6.220000000000000000e+02,-4.200000000000000000e+01
1.679988675911734104e+09,1.658400000000000000e+04,5.120000000000000000e+02,-7.840000000000000000e+02,-1.153000000000000000e+03,-6.220000000000000000e+02,-4.200000000000000000e+01
1.679988675912849903e+09,1.658400000000000000e+04,5.120000000000000000e+02,-7.840000000000000000e+02,-1.153000000000000000e+03,-6.220000000000000000e+02,-4.200000000000000000e+01
1.679988675915023088e+09,1.658400000000000000e+04,5.120000000000000000e+02,-7.840000000000000000e+02,-1.153000000000000000e+03,-6.220000000000000000e+02,-4.200000000000000000e+01
1.679988675916110277e+09,1.658400000000000000e+04,5.120000000000000000e+02,-7.840000000000000000e+02,-1.153000000000000000e+03,-6.220000000000000000e+02,-4.200000000000000000e+01
1.679988675918276787e+09,1.658400000000000000e+04,5.120000000000000000e+02,-7.840000000000000000e+02,-1.153000000000000000e+03,-6.220000000000000000e+02,-4.200000000000000000e+01
1.679988675919318676e+09,1.658400000000000000e+04,5.120000000000000000e+02,-7.840000000000000000e+02,-1.153000000000000000e+03,-6.220000000000000000e+02,-4.200000000000000000e+01
1.679988675921469450e+09,1.658400000000000000e+04,5.120000000000000000e+02,-7.840000000000000000e+02,-1.153000000000000000e+03,-6.220000000000000000e+02,-4.200000000000000000e+01
1.679988675922558069e+09,1.658400000000000000e+04,5.120000000000000000e+02,-7.840000000000000000e+02,-1.153000000000000000e+03,-6.220000000000000000e+02,-4.200000000000000000e+01
1.679988675924741983e+09,1.658400000000000000e+04,5.120000000000000000e+02,-7.840000000000000000e+02,-1.153000000000000000e+03,-6.220000000000000000e+02,-4.200000000000000000e+01
1.679988675925816298e+09,1.658400000000000000e+04,5.120000000000000000e+02,-7.840000000000000000e+02,-1.153000000000000000e+03,-6.220000000000000000e+02,-4.200000000000000000e+01
1.679988675927967310e+09,1.658400000000000000e+04,5.120000000000000000e+02,-7.840000000000000000e+02,-1.153000000000000000e+03,-6.220000000000000000e+02,-4.200000000000000000e+01
1.679988675929038048e+09,1.658400000000000000e+04,5.120000000000000000e+02,-7.840000000000000000e+02,-1.153000000000000000e+03,-6.220000000000000000e+02,-4.200000000000000000e+01
1.679988675931179285e+09,1.658400000000000000e+04,5.120000000000000000e+02,-7.840000000000000000e+02,-1.153000000000000000e+03,-6.220000000000000000e+02,-4.200000000000000000e+01
1.679988675932319403e+09,1.658400000000000000e+04,5.120000000000000000e+02,-7.840000000000000000e+02,-1.153000000000000000e+03,-6.220000000000000000e+02,-4.200000000000000000e+01
1.679988675934469938e+09,1.658400000000000000e+04,5.120000000000000000e+02,-7.840000000000000000e+02,-1.153000000000000000e+03,-6.220000000000000000e+02,-4.200000000000000000e+01
1.679988675935577631e+09,1.658400000000000000e+04,5.120000000000000000e+02,-7.840000000000000000e+02,-1.153000000000000000e+03,-6.220000000000000000e+02,-4.200000000000000000e+01
1.679988675937760592e+09,1.658400000000000000e+04,5.120000000000000000e+02,-7.840000000000000000e+02,-1.153000000000000000e+03,-6.220000000000000000e+02,-4.200000000000000000e+01
1.679988675938875198e+09,1.658400000000000000e+04,5.120000000000000000e+02,-7.840000000000000000e+02,-1.153000000000000000e+03,-6.220000000000000000e+02,-4.200000000000000000e+01
1.679988675941241026e+09,1.658400000000000000e+04,5.120000000000000000e+02,-7.840000000000000000e+02,-1.153000000000000000e+03,-6.220000000000000000e+02,-4.200000000000000000e+01
1.679988675942157745e+09,1.658400000000000000e+04,5.120000000000000000e+02,-7.840000000000000000e+02,-1.153000000000000000e+03,-6.220000000000000000e+02,-4.200000000000000000e+01
1.679988675944316387e+09,1.658400000000000000e+04,5.120000000000000000e+02,-7.840000000000000000e+02,-1.153000000000000000e+03,-6.220000000000000000e+02,-4.200000000000000000e+01
1.679988675945408106e+09,1.658400000000000000e+04,5.120000000000000000e+02,-7.840000000000000000e+02,-1.153000000000000000e+03,-6.220000000000000000e+02,-4.200000000000000000e+01
1.679988675947620153e+09,1.658400000000000000e+04,5.120000000000000000e+02,-7.840000000000000000e+02,-1.153000000000000000e+03,-6.220000000000000000e+02,-4.200000000000000000e+01
1.679988675948642492e+09,1.658400000000000000e+04,5.120000000000000000e+02,-7.840000000000000000e+02,-1.153000000000000000e+03,-6.220000000000000000e+02,-4.200000000000000000e+01
1.679988675950795174e+09,1.658400000000000000e+04,5.120000000000000000e+02,-7.840000000000000000e+02,-1.153000000000000000e+03,-6.220000000000000000e+02,-4.200000000000000000e+01
1.679988675951885223e+09,1.658400000000000000e+04,5.120000000000000000e+02,-7.840000000000000000e+02,-1.153000000000000000e+03,-6.220000000000000000e+02,-4.200000000000000000e+01
1.679988675954041481e+09,1.658400000000000000e+04,5.120000000000000000e+02,-7.840000000000000000e+02,-1.153000000000000000e+03,-6.220000000000000000e+02,-4.200000000000000000e+01
1.679988675955132723e+09,1.658400000000000000e+04,5.120000000000000000e+02,-7.840000000000000000e+02,-1.153000000000000000e+03,-6.220000000000000000e+02,-4.200000000000000000e+01
1.679988675957303047e+09,1.658400000000000000e+04,5.120000000000000000e+02,-7.840000000000000000e+02,-1.153000000000000000e+03,-6.220000000000000000e+02,-4.200000000000000000e+01
1.679988675958409786e+09,1.658400000000000000e+04,5.120000000000000000e+02,-7.840000000000000000e+02,-1.153000000000000000e+03,-6.220000000000000000e+02,-4.200000000000000000e+01
1.679988675960535526e+09,1.658400000000000000e+04,5.120000000000000000e+02,-7.840000000000000000e+02,-1.153000000000000000e+03,-6.220000000000000000e+02,-4.200000000000000000e+01
1.679988675961649179e+09,1.658400000000000000e+04,5.120000000000000000e+02,-7.840000000000000000e+02,-1.153000000000000000e+03,-6.220000000000000000e+02,-4.200000000000000000e+01
1.679988675963808537e+09,1.658400000000000000e+04,5.120000000000000000e+02,-7.840000000000000000e+02,-1.153000000000000000e+03,-6.220000000000000000e+02,-4.200000000000000000e+01
1.679988675964884996e+09,1.658400000000000000e+04,5.120000000000000000e+02,-7.840000000000000000e+02,-1.153000000000000000e+03,-6.220000000000000000e+02,-4.200000000000000000e+01
1.679988675967058659e+09,1.658400000000000000e+04,5.120000000000000000e+02,-7.840000000000000000e+02,-1.153000000000000000e+03,-6.220000000000000000e+02,-4.200000000000000000e+01
1.679988675968158960e+09,1.658400000000000000e+04,5.120000000000000000e+02,-7.840000000000000000e+02,-1.153000000000000000e+03,-6.220000000000000000e+02,-4.200000000000000000e+01
1.679988675970291853e+09,1.658400000000000000e+04,5.120000000000000000e+02,-7.840000000000000000e+02,-1.153000000000000000e+03,-6.220000000000000000e+02,-4.200000000000000000e+01
1.679988675971432447e+09,1.658400000000000000e+04,5.120000000000000000e+02,-7.840000000000000000e+02,-1.153000000000000000e+03,-6.220000000000000000e+02,-4.200000000000000000e+01
1.679988675973571777e+09,1.658400000000000000e+04,5.120000000000000000e+02,-7.840000000000000000e+02,-1.153000000000000000e+03,-6.220000000000000000e+02,-4.200000000000000000e+01
1.679988675974670172e+09,1.658400000000000000e+04,5.120000000000000000e+02,-7.840000000000000000e+02,-1.153000000000000000e+03,-6.220000000000000000e+02,-4.200000000000000000e+01
1.679988675976859331e+09,1.658400000000000000e+04,5.120000000000000000e+02,-7.840000000000000000e+02,-1.153000000000000000e+03,-6.220000000000000000e+02,-4.200000000000000000e+01
1.679988675977969170e+09,1.658400000000000000e+04,5.120000000000000000e+02,-7.840000000000000000e+02,-1.153000000000000000e+03,-6.220000000000000000e+02,-4.200000000000000000e+01
1.679988675980118752e+09,1.658400000000000000e+04,5.120000000000000000e+02,-7.840000000000000000e+02,-1.153000000000000000e+03,-6.220000000000000000e+02,-4.200000000000000000e+01
1.679988675981220722e+09,1.658400000000000000e+04,5.120000000000000000e+02,-7.840000000000000000e+02,-1.153000000000000000e+03,-6.220000000000000000e+02,-4.200000000000000000e+01
1.679988675983328581e+09,1.658400000000000000e+04,5.120000000000000000e+02,-7.840000000000000000e+02,-1.153000000000000000e+03,-6.220000000000000000e+02,-4.200000000000000000e+01
1.679988675984481573e+09,1.658400000000000000e+04,5.120000000000000000e+02,-7.840000000000000000e+02,-1.153000000000000000e+03,-6.220000000000000000e+02,-4.200000000000000000e+01
1.679988675986646891e+09,1.658400000000000000e+04,5.120000000000000000e+02,-7.840000000000000000e+02,-1.153000000000000000e+03,-6.220000000000000000e+02,-4.200000000000000000e+01
1.679988675987792015e+09,1.658400000000000000e+04,5.120000000000000000e+02,-7.840000000000000000e+02,-1.153000000000000000e+03,-6.220000000000000000e+02,-4.200000000000000000e+01
1.679988675989969254e+09,1.658400000000000000e+04,5.120000000000000000e+02,-7.840000000000000000e+02,-1.153000000000000000e+03,-6.220000000000000000e+02,-4.200000000000000000e+01
1.679988675991018057e+09,1.658400000000000000e+04,5.120000000000000000e+02,-7.840000000000000000e+02,-1.153000000000000000e+03,-6.220000000000000000e+02,-4.200000000000000000e+01
1.679988675993146658e+09,1.658400000000000000e+04,5.120000000000000000e+02,-7.840000000000000000e+02,-1.153000000000000000e+03,-6.220000000000000000e+02,-4.200000000000000000e+01
1.679988675994275331e+09,1.658400000000000000e+04,5.120000000000000000e+02,-7.840000000000000000e+02,-1.153000000000000000e+03,-6.220000000000000000e+02,-4.200000000000000000e+01
1.679988675996477842e+09,1.658400000000000000e+04,5.120000000000000000e+02,-7.840000000000000000e+02,-1.153000000000000000e+03,-6.220000000000000000e+02,-4.200000000000000000e+01
1.679988675997557402e+09,1.658400000000000000e+04,5.120000000000000000e+02,-7.840000000000000000e+02,-1.153000000000000000e+03,-6.220000000000000000e+02,-4.200000000000000000e+01
1.679988675999708652e+09,1.658400000000000000e+04,5.120000000000000000e+02,-7.840000000000000000e+02,-1.153000000000000000e+03,-6.220000000000000000e+02,-4.200000000000000000e+01
1.679988676000802517e+09,1.658400000000000000e+04,5.120000000000000000e+02,-7.840000000000000000e+02,-1.153000000000000000e+03,-6.220000000000000000e+02,-4.200000000000000000e+01
1.679988676002955437e+09,1.658400000000000000e+04,5.120000000000000000e+02,-7.840000000000000000e+02,-1.153000000000000000e+03,-6.220000000000000000e+02,-4.200000000000000000e+01
1.679988676004069567e+09,1.658400000000000000e+04,5.120000000000000000e+02,-7.840000000000000000e+02,-1.153000000000000000e+03,-6.220000000000000000e+02,-4.200000000000000000e+01
1.679988676006246090e+09,1.658400000000000000e+04,5.120000000000000000e+02,-7.840000000000000000e+02,-1.153000000000000000e+03,-6.220000000000000000e+02,-4.200000000000000000e+01
1.679988676007368565e+09,1.658400000000000000e+04,5.120000000000000000e+02,-7.840000000000000000e+02,-1.153000000000000000e+03,-6.220000000000000000e+02,-4.200000000000000000e+01
1.679988676009512424e+09,1.658400000000000000e+04,5.120000000000000000e+02,-7.840000000000000000e+02,-1.153000000000000000e+03,-6.220000000000000000e+02,-4.200000000000000000e+01
1.679988676010640383e+09,1.658400000000000000e+04,5.120000000000000000e+02,-7.840000000000000000e+02,-1.153000000000000000e+03,-6.220000000000000000e+02,-4.200000000000000000e+01
1.679988676012766361e+09,1.658400000000000000e+04,5.120000000000000000e+02,-7.840000000000000000e+02,-1.153000000000000000e+03,-6.220000000000000000e+02,-4.200000000000000000e+01
1.679988676013902187e+09,1.658400000000000000e+04,5.120000000000000000e+02,-7.840000000000000000e+02,-1.153000000000000000e+03,-6.220000000000000000e+02,-4.200000000000000000e+01
1.679988676016235828e+09,1.658400000000000000e+04,5.120000000000000000e+02,-7.840000000000000000e+02,-1.153000000000000000e+03,-6.220000000000000000e+02,-4.200000000000000000e+01
1.679988676017307997e+09,1.658400000000000000e+04,5.120000000000000000e+02,-7.840000000000000000e+02,-1.153000000000000000e+03,-6.220000000000000000e+02,-4.200000000000000000e+01
1.679988676020236969e+09,1.658400000000000000e+04,5.120000000000000000e+02,-7.840000000000000000e+02,-1.153000000000000000e+03,-6.220000000000000000e+02,-4.200000000000000000e+01
1.679988676020896435e+09,1.658400000000000000e+04,5.120000000000000000e+02,-7.840000000000000000e+02,-1.153000000000000000e+03,-6.220000000000000000e+02,-4.200000000000000000e+01
1.679988676023338795e+09,1.658400000000000000e+04,5.120000000000000000e+02,-7.840000000000000000e+02,-1.153000000000000000e+03,-6.220000000000000000e+02,-4.200000000000000000e+01
1.679988676023998737e+09,1.658400000000000000e+04,5.120000000000000000e+02,-7.840000000000000000e+02,-1.153000000000000000e+03,-6.220000000000000000e+02,-4.200000000000000000e+01
1.679988676026733875e+09,1.658400000000000000e+04,5.120000000000000000e+02,-7.840000000000000000e+02,-1.153000000000000000e+03,-6.220000000000000000e+02,-4.200000000000000000e+01
1.679988676027402163e+09,1.658400000000000000e+04,5.120000000000000000e+02,-7.840000000000000000e+02,-1.153000000000000000e+03,-6.220000000000000000e+02,-4.200000000000000000e+01
1.679988676029936314e+09,1.658400000000000000e+04,5.120000000000000000e+02,-7.840000000000000000e+02,-1.153000000000000000e+03,-6.220000000000000000e+02,-4.200000000000000000e+01
1.679988676030614614e+09,1.658400000000000000e+04,5.120000000000000000e+02,-7.840000000000000000e+02,-1.153000000000000000e+03,-6.220000000000000000e+02,-4.200000000000000000e+01
1.679988676033166409e+09,1.658400000000000000e+04,5.120000000000000000e+02,-7.840000000000000000e+02,-1.153000000000000000e+03,-6.220000000000000000e+02,-4.200000000000000000e+01
1.679988676033845663e+09,1.658400000000000000e+04,5.120000000000000000e+02,-7.840000000000000000e+02,-1.153000000000000000e+03,-6.220000000000000000e+02,-4.200000000000000000e+01
1.679988676036410093e+09,1.658400000000000000e+04,5.120000000000000000e+02,-7.840000000000000000e+02,-1.153000000000000000e+03,-6.220000000000000000e+02,-4.200000000000000000e+01
1.679988676037085533e+09,1.658400000000000000e+04,5.120000000000000000e+02,-7.840000000000000000e+02,-1.153000000000000000e+03,-6.220000000000000000e+02,-4.200000000000000000e+01
1.679988676039609194e+09,1.658400000000000000e+04,5.120000000000000000e+02,-7.840000000000000000e+02,-1.153000000000000000e+03,-6.220000000000000000e+02,-4.200000000000000000e+01
1.679988676040300369e+09,1.658400000000000000e+04,5.120000000000000000e+02,-7.840000000000000000e+02,-1.153000000000000000e+03,-6.220000000000000000e+02,-4.200000000000000000e+01
1.679988676042855501e+09,1.658400000000000000e+04,5.120000000000000000e+02,-7.840000000000000000e+02,-1.153000000000000000e+03,-6.220000000000000000e+02,-4.200000000000000000e+01
1.679988676043532133e+09,1.658400000000000000e+04,5.120000000000000000e+02,-7.840000000000000000e+02,-1.153000000000000000e+03,-6.220000000000000000e+02,-4.200000000000000000e+01
1.679988676046021938e+09,1.658400000000000000e+04,5.120000000000000000e+02,-7.840000000000000000e+02,-1.153000000000000000e+03,-6.220000000000000000e+02,-4.200000000000000000e+01
1.679988676046705723e+09,1.658400000000000000e+04,5.120000000000000000e+02,-7.840000000000000000e+02,-1.153000000000000000e+03,-6.220000000000000000e+02,-4.200000000000000000e+01
1.679988676049434423e+09,1.658400000000000000e+04,5.120000000000000000e+02,-7.840000000000000000e+02,-1.153000000000000000e+03,-6.220000000000000000e+02,-4.200000000000000000e+01
1.679988676050093889e+09,1.658400000000000000e+04,5.120000000000000000e+02,-7.840000000000000000e+02,-1.153000000000000000e+03,-6.220000000000000000e+02,-4.200000000000000000e+01
1.679988676052621126e+09,1.658400000000000000e+04,5.120000000000000000e+02,-7.840000000000000000e+02,-1.153000000000000000e+03,-6.220000000000000000e+02,-4.200000000000000000e+01
1.679988676053311586e+09,1.658400000000000000e+04,5.120000000000000000e+02,-7.840000000000000000e+02,-1.153000000000000000e+03,-6.220000000000000000e+02,-4.200000000000000000e+01
1.679988676055881739e+09,1.658400000000000000e+04,5.120000000000000000e+02,-7.840000000000000000e+02,-1.153000000000000000e+03,-6.220000000000000000e+02,-4.200000000000000000e+01
1.679988676056541443e+09,1.658400000000000000e+04,5.120000000000000000e+02,-7.840000000000000000e+02,-1.153000000000000000e+03,-6.220000000000000000e+02,-4.200000000000000000e+01
1.679988676059056044e+09,1.658400000000000000e+04,5.120000000000000000e+02,-7.840000000000000000e+02,-1.153000000000000000e+03,-6.220000000000000000e+02,-4.200000000000000000e+01
1.679988676059942961e+09,1.658400000000000000e+04,5.120000000000000000e+02,-7.840000000000000000e+02,-1.153000000000000000e+03,-6.220000000000000000e+02,-4.200000000000000000e+01
1.679988676062498808e+09,1.658400000000000000e+04,5.120000000000000000e+02,-7.840000000000000000e+02,-1.153000000000000000e+03,-6.220000000000000000e+02,-4.200000000000000000e+01
1.679988676063615084e+09,1.658400000000000000e+04,5.120000000000000000e+02,-7.840000000000000000e+02,-1.153000000000000000e+03,-6.220000000000000000e+02,-4.200000000000000000e+01
1.679988676066466093e+09,1.658400000000000000e+04,5.120000000000000000e+02,-7.840000000000000000e+02,-1.153000000000000000e+03,-6.220000000000000000e+02,-4.200000000000000000e+01
1.679988676067767620e+09,1.658400000000000000e+04,5.120000000000000000e+02,-7.840000000000000000e+02,-1.153000000000000000e+03,-6.220000000000000000e+02,-4.200000000000000000e+01
1.679988676069929361e+09,1.658400000000000000e+04,5.120000000000000000e+02,-7.840000000000000000e+02,-1.153000000000000000e+03,-6.220000000000000000e+02,-4.200000000000000000e+01
1.679988676071023703e+09,1.658400000000000000e+04,5.120000000000000000e+02,-7.840000000000000000e+02,-1.153000000000000000e+03,-6.220000000000000000e+02,-4.200000000000000000e+01
1.679988676073240042e+09,1.658400000000000000e+04,5.120000000000000000e+02,-7.840000000000000000e+02,-1.153000000000000000e+03,-6.220000000000000000e+02,-4.200000000000000000e+01
1.679988676074298143e+09,1.658400000000000000e+04,5.120000000000000000e+02,-7.840000000000000000e+02,-1.153000000000000000e+03,-6.220000000000000000e+02,-4.200000000000000000e+01
1.679988676076519489e+09,1.658400000000000000e+04,5.120000000000000000e+02,-7.840000000000000000e+02,-1.153000000000000000e+03,-6.220000000000000000e+02,-4.200000000000000000e+01
1.679988676077728987e+09,1.658400000000000000e+04,5.120000000000000000e+02,-7.840000000000000000e+02,-1.153000000000000000e+03,-6.220000000000000000e+02,-4.200000000000000000e+01
1.679988676079910517e+09,1.658400000000000000e+04,5.120000000000000000e+02,-7.840000000000000000e+02,-1.153000000000000000e+03,-6.220000000000000000e+02,-4.200000000000000000e+01
1.679988676080961466e+09,1.658400000000000000e+04,5.120000000000000000e+02,-7.840000000000000000e+02,-1.153000000000000000e+03,-6.220000000000000000e+02,-4.200000000000000000e+01
1.679988676083194256e+09,1.658400000000000000e+04,5.120000000000000000e+02,-7.840000000000000000e+02,-1.153000000000000000e+03,-6.220000000000000000e+02,-4.200000000000000000e+01
1.679988676084289551e+09,1.658400000000000000e+04,5.120000000000000000e+02,-7.840000000000000000e+02,-1.153000000000000000e+03,-6.220000000000000000e+02,-4.200000000000000000e+01
1.679988676086477041e+09,1.658400000000000000e+04,5.120000000000000000e+02,-7.840000000000000000e+02,-1.153000000000000000e+03,-6.220000000000000000e+02,-4.200000000000000000e+01
1.679988676087611675e+09,1.658400000000000000e+04,5.120000000000000000e+02,-7.840000000000000000e+02,-1.153000000000000000e+03,-6.220000000000000000e+02,-4.200000000000000000e+01
1.679988676089758396e+09,1.658400000000000000e+04,5.120000000000000000e+02,-7.840000000000000000e+02,-1.153000000000000000e+03,-6.220000000000000000e+02,-4.200000000000000000e+01
1.679988676090934515e+09,1.658400000000000000e+04,5.120000000000000000e+02,-7.840000000000000000e+02,-1.153000000000000000e+03,-6.220000000000000000e+02,-4.200000000000000000e+01
1.679988676093113899e+09,1.658400000000000000e+04,5.120000000000000000e+02,-7.840000000000000000e+02,-1.153000000000000000e+03,-6.220000000000000000e+02,-4.200000000000000000e+01
1.679988676094269991e+09,1.658400000000000000e+04,5.120000000000000000e+02,-7.840000000000000000e+02,-1.153000000000000000e+03,-6.220000000000000000e+02,-4.200000000000000000e+01
1.679988676096493483e+09,1.658400000000000000e+04,5.120000000000000000e+02,-7.840000000000000000e+02,-1.153000000000000000e+03,-6.220000000000000000e+02,-4.200000000000000000e+01
1.679988676097579718e+09,1.658400000000000000e+04,5.120000000000000000e+02,-7.840000000000000000e+02,-1.153000000000000000e+03,-6.220000000000000000e+02,-4.200000000000000000e+01
1.679988676099760294e+09,1.658400000000000000e+04,5.120000000000000000e+02,-7.840000000000000000e+02,-1.153000000000000000e+03,-6.220000000000000000e+02,-4.200000000000000000e+01
1.679988676101020575e+09,1.658400000000000000e+04,5.120000000000000000e+02,-7.840000000000000000e+02,-1.153000000000000000e+03,-6.220000000000000000e+02,-4.200000000000000000e+01
1.679988676103409767e+09,1.658400000000000000e+04,5.120000000000000000e+02,-7.840000000000000000e+02,-1.153000000000000000e+03,-6.220000000000000000e+02,-4.200000000000000000e+01
1.679988676104179382e+09,1.658400000000000000e+04,5.120000000000000000e+02,-7.840000000000000000e+02,-1.153000000000000000e+03,-6.220000000000000000e+02,-4.200000000000000000e+01
1.679988676106456280e+09,1.658400000000000000e+04,5.120000000000000000e+02,-7.840000000000000000e+02,-1.153000000000000000e+03,-6.220000000000000000e+02,-4.200000000000000000e+01
1.679988676107509613e+09,1.658400000000000000e+04,5.120000000000000000e+02,-7.840000000000000000e+02,-1.153000000000000000e+03,-6.220000000000000000e+02,-4.200000000000000000e+01
1.679988676109802485e+09,1.658400000000000000e+04,5.120000000000000000e+02,-7.840000000000000000e+02,-1.153000000000000000e+03,-6.220000000000000000e+02,-4.200000000000000000e+01
1.679988676111207724e+09,1.658400000000000000e+04,5.120000000000000000e+02,-7.840000000000000000e+02,-1.153000000000000000e+03,-6.220000000000000000e+02,-4.200000000000000000e+01
1.679988676113981485e+09,1.658400000000000000e+04,5.120000000000000000e+02,-7.840000000000000000e+02,-1.153000000000000000e+03,-6.220000000000000000e+02,-4.200000000000000000e+01
1.679988676114634037e+09,1.658400000000000000e+04,5.120000000000000000e+02,-7.840000000000000000e+02,-1.153000000000000000e+03,-6.220000000000000000e+02,-4.200000000000000000e+01
1.679988676117229223e+09,1.658400000000000000e+04,5.120000000000000000e+02,-7.840000000000000000e+02,-1.153000000000000000e+03,-6.220000000000000000e+02,-4.200000000000000000e+01
1.679988676117931366e+09,1.658400000000000000e+04,5.120000000000000000e+02,-7.840000000000000000e+02,-1.153000000000000000e+03,-6.220000000000000000e+02,-4.200000000000000000e+01
1.679988676120390654e+09,1.658400000000000000e+04,5.120000000000000000e+02,-7.840000000000000000e+02,-1.153000000000000000e+03,-6.220000000000000000e+02,-4.200000000000000000e+01
1.679988676121068954e+09,1.658400000000000000e+04,5.120000000000000000e+02,-7.840000000000000000e+02,-1.153000000000000000e+03,-6.220000000000000000e+02,-4.200000000000000000e+01
1.679988676123817682e+09,1.658400000000000000e+04,5.120000000000000000e+02,-7.840000000000000000e+02,-1.153000000000000000e+03,-6.220000000000000000e+02,-4.200000000000000000e+01
1.679988676124491215e+09,1.658400000000000000e+04,5.120000000000000000e+02,-7.840000000000000000e+02,-1.153000000000000000e+03,-6.220000000000000000e+02,-4.200000000000000000e+01
1.679988676127091169e+09,1.658400000000000000e+04,5.120000000000000000e+02,-7.840000000000000000e+02,-1.153000000000000000e+03,-6.220000000000000000e+02,-4.200000000000000000e+01
1.679988676127836227e+09,1.658400000000000000e+04,5.120000000000000000e+02,-7.840000000000000000e+02,-1.153000000000000000e+03,-6.220000000000000000e+02,-4.200000000000000000e+01
1.679988676130349636e+09,1.658400000000000000e+04,5.120000000000000000e+02,-7.840000000000000000e+02,-1.153000000000000000e+03,-6.220000000000000000e+02,-4.200000000000000000e+01
1.679988676131042957e+09,1.658400000000000000e+04,5.120000000000000000e+02,-7.840000000000000000e+02,-1.153000000000000000e+03,-6.220000000000000000e+02,-4.200000000000000000e+01
1.679988676133580446e+09,1.658400000000000000e+04,5.120000000000000000e+02,-7.840000000000000000e+02,-1.153000000000000000e+03,-6.220000000000000000e+02,-4.200000000000000000e+01
1.679988676134265900e+09,1.658400000000000000e+04,5.120000000000000000e+02,-7.840000000000000000e+02,-1.153000000000000000e+03,-6.220000000000000000e+02,-4.200000000000000000e+01
1.679988676136896849e+09,1.658400000000000000e+04,5.120000000000000000e+02,-7.840000000000000000e+02,-1.153000000000000000e+03,-6.220000000000000000e+02,-4.200000000000000000e+01
1.679988676137563467e+09,1.658400000000000000e+04,5.120000000000000000e+02,-7.840000000000000000e+02,-1.153000000000000000e+03,-6.220000000000000000e+02,-4.200000000000000000e+01
1.679988676140109539e+09,1.658400000000000000e+04,5.120000000000000000e+02,-7.840000000000000000e+02,-1.153000000000000000e+03,-6.220000000000000000e+02,-4.200000000000000000e+01
1.679988676140780687e+09,1.658400000000000000e+04,5.120000000000000000e+02,-7.840000000000000000e+02,-1.153000000000000000e+03,-6.220000000000000000e+02,-4.200000000000000000e+01
1.679988676143332005e+09,1.658400000000000000e+04,5.120000000000000000e+02,-7.840000000000000000e+02,-1.153000000000000000e+03,-6.220000000000000000e+02,-4.200000000000000000e+01
1.679988676144015074e+09,1.658400000000000000e+04,5.120000000000000000e+02,-7.840000000000000000e+02,-1.153000000000000000e+03,-6.220000000000000000e+02,-4.200000000000000000e+01
1.679988676146592617e+09,1.658400000000000000e+04,5.120000000000000000e+02,-7.840000000000000000e+02,-1.153000000000000000e+03,-6.220000000000000000e+02,-4.200000000000000000e+01
1.679988676147250414e+09,1.658400000000000000e+04,5.120000000000000000e+02,-7.840000000000000000e+02,-1.153000000000000000e+03,-6.220000000000000000e+02,-4.200000000000000000e+01
1.679988676149828196e+09,1.658400000000000000e+04,5.120000000000000000e+02,-7.840000000000000000e+02,-1.153000000000000000e+03,-6.220000000000000000e+02,-4.200000000000000000e+01
1.679988676150508881e+09,1.658400000000000000e+04,5.120000000000000000e+02,-7.840000000000000000e+02,-1.153000000000000000e+03,-6.220000000000000000e+02,-4.200000000000000000e+01
1.679988676153055429e+09,1.658400000000000000e+04,5.120000000000000000e+02,-7.840000000000000000e+02,-1.153000000000000000e+03,-6.220000000000000000e+02,-4.200000000000000000e+01
1.679988676154000282e+09,1.658400000000000000e+04,5.120000000000000000e+02,-7.840000000000000000e+02,-1.153000000000000000e+03,-6.220000000000000000e+02,-4.200000000000000000e+01
1.679988676156458855e+09,1.658400000000000000e+04,5.120000000000000000e+02,-7.840000000000000000e+02,-1.153000000000000000e+03,-6.220000000000000000e+02,-4.200000000000000000e+01
1.679988676157196283e+09,1.658400000000000000e+04,5.120000000000000000e+02,-7.840000000000000000e+02,-1.153000000000000000e+03,-6.220000000000000000e+02,-4.200000000000000000e+01
1.679988676159707069e+09,1.658400000000000000e+04,5.120000000000000000e+02,-7.840000000000000000e+02,-1.153000000000000000e+03,-6.220000000000000000e+02,-4.200000000000000000e+01
1.679988676160391331e+09,1.658400000000000000e+04,5.120000000000000000e+02,-7.840000000000000000e+02,-1.153000000000000000e+03,-6.220000000000000000e+02,-4.200000000000000000e+01
1.679988676162954569e+09,1.658400000000000000e+04,5.120000000000000000e+02,-7.840000000000000000e+02,-1.153000000000000000e+03,-6.220000000000000000e+02,-4.200000000000000000e+01
1.679988676163628340e+09,1.658400000000000000e+04,5.120000000000000000e+02,-7.840000000000000000e+02,-1.153000000000000000e+03,-6.220000000000000000e+02,-4.200000000000000000e+01
1.679988676166222572e+09,1.658400000000000000e+04,5.120000000000000000e+02,-7.840000000000000000e+02,-1.153000000000000000e+03,-6.220000000000000000e+02,-4.200000000000000000e+01
1.679988676166892052e+09,1.658400000000000000e+04,5.120000000000000000e+02,-7.840000000000000000e+02,-1.153000000000000000e+03,-6.220000000000000000e+02,-4.200000000000000000e+01
1.679988676169449568e+09,1.658400000000000000e+04,5.120000000000000000e+02,-7.840000000000000000e+02,-1.153000000000000000e+03,-6.220000000000000000e+02,-4.200000000000000000e+01
1.679988676170125484e+09,1.658400000000000000e+04,5.120000000000000000e+02,-7.840000000000000000e+02,-1.153000000000000000e+03,-6.220000000000000000e+02,-4.200000000000000000e+01
1.679988676172658443e+09,1.658400000000000000e+04,5.120000000000000000e+02,-7.840000000000000000e+02,-1.153000000000000000e+03,-6.220000000000000000e+02,-4.200000000000000000e+01
1.679988676173332930e+09,1.658400000000000000e+04,5.120000000000000000e+02,-7.840000000000000000e+02,-1.153000000000000000e+03,-6.220000000000000000e+02,-4.200000000000000000e+01
1.679988676175971985e+09,1.658400000000000000e+04,5.120000000000000000e+02,-7.840000000000000000e+02,-1.153000000000000000e+03,-6.220000000000000000e+02,-4.200000000000000000e+01
1.679988676176634550e+09,1.658400000000000000e+04,5.120000000000000000e+02,-7.840000000000000000e+02,-1.153000000000000000e+03,-6.220000000000000000e+02,-4.200000000000000000e+01
1.679988676179184198e+09,1.658400000000000000e+04,5.120000000000000000e+02,-7.840000000000000000e+02,-1.153000000000000000e+03,-6.220000000000000000e+02,-4.200000000000000000e+01
1.679988676179850101e+09,1.658400000000000000e+04,5.120000000000000000e+02,-7.840000000000000000e+02,-1.153000000000000000e+03,-6.220000000000000000e+02,-4.200000000000000000e+01
1.679988676182429075e+09,1.658400000000000000e+04,5.120000000000000000e+02,-7.840000000000000000e+02,-1.153000000000000000e+03,-6.220000000000000000e+02,-4.200000000000000000e+01
1.679988676183141470e+09,1.658400000000000000e+04,5.120000000000000000e+02,-7.840000000000000000e+02,-1.153000000000000000e+03,-6.220000000000000000e+02,-4.200000000000000000e+01
1.679988676185703993e+09,1.658400000000000000e+04,5.120000000000000000e+02,-7.840000000000000000e+02,-1.153000000000000000e+03,-6.220000000000000000e+02,-4.200000000000000000e+01
1.679988676186413288e+09,1.658400000000000000e+04,5.120000000000000000e+02,-7.840000000000000000e+02,-1.153000000000000000e+03,-6.220000000000000000e+02,-4.200000000000000000e+01
1.679988676188954830e+09,1.658400000000000000e+04,5.120000000000000000e+02,-7.840000000000000000e+02,-1.153000000000000000e+03,-6.220000000000000000e+02,-4.200000000000000000e+01
1.679988676189630032e+09,1.658400000000000000e+04,5.120000000000000000e+02,-7.840000000000000000e+02,-1.153000000000000000e+03,-6.220000000000000000e+02,-4.200000000000000000e+01
1.679988676192175627e+09,1.658400000000000000e+04,5.120000000000000000e+02,-7.840000000000000000e+02,-1.153000000000000000e+03,-6.220000000000000000e+02,-4.200000000000000000e+01
1.679988676192829370e+09,1.658400000000000000e+04,5.120000000000000000e+02,-7.840000000000000000e+02,-1.153000000000000000e+03,-6.220000000000000000e+02,-4.200000000000000000e+01
1.679988676195404291e+09,1.658400000000000000e+04,5.120000000000000000e+02,-7.840000000000000000e+02,-1.153000000000000000e+03,-6.220000000000000000e+02,-4.200000000000000000e+01
1.679988676196105719e+09,1.658400000000000000e+04,5.120000000000000000e+02,-7.840000000000000000e+02,-1.153000000000000000e+03,-6.220000000000000000e+02,-4.200000000000000000e+01
1.679988676198661566e+09,1.658400000000000000e+04,5.120000000000000000e+02,-7.840000000000000000e+02,-1.153000000000000000e+03,-6.220000000000000000e+02,-4.200000000000000000e+01
1.679988676199338913e+09,1.658400000000000000e+04,5.120000000000000000e+02,-7.840000000000000000e+02,-1.153000000000000000e+03,-6.220000000000000000e+02,-4.200000000000000000e+01
1.679988676201902390e+09,1.658400000000000000e+04,5.120000000000000000e+02,-7.840000000000000000e+02,-1.153000000000000000e+03,-6.220000000000000000e+02,-4.200000000000000000e+01
1.679988676202586651e+09,1.658400000000000000e+04,5.120000000000000000e+02,-7.840000000000000000e+02,-1.153000000000000000e+03,-6.220000000000000000e+02,-4.200000000000000000e+01
1.679988676205123186e+09,1.658400000000000000e+04,5.120000000000000000e+02,-7.840000000000000000e+02,-1.153000000000000000e+03,-6.220000000000000000e+02,-4.200000000000000000e+01
1.679988676205846786e+09,1.658400000000000000e+04,5.120000000000000000e+02,-7.840000000000000000e+02,-1.153000000000000000e+03,-6.220000000000000000e+02,-4.200000000000000000e+01
1.679988676208302021e+09,1.658400000000000000e+04,5.120000000000000000e+02,-7.840000000000000000e+02,-1.153000000000000000e+03,-6.220000000000000000e+02,-4.200000000000000000e+01
1.679988676208973646e+09,1.658400000000000000e+04,5.120000000000000000e+02,-7.840000000000000000e+02,-1.153000000000000000e+03,-6.220000000000000000e+02,-4.200000000000000000e+01
1.679988676211710691e+09,1.658400000000000000e+04,5.120000000000000000e+02,-7.840000000000000000e+02,-1.153000000000000000e+03,-6.220000000000000000e+02,-4.200000000000000000e+01
1.679988676212376595e+09,1.658400000000000000e+04,5.120000000000000000e+02,-7.840000000000000000e+02,-1.153000000000000000e+03,-6.220000000000000000e+02,-4.200000000000000000e+01
1.679988676214929342e+09,1.658400000000000000e+04,5.120000000000000000e+02,-7.840000000000000000e+02,-1.153000000000000000e+03,-6.220000000000000000e+02,-4.200000000000000000e+01
1.679988676215647697e+09,1.658400000000000000e+04,5.120000000000000000e+02,-7.840000000000000000e+02,-1.153000000000000000e+03,-6.220000000000000000e+02,-4.200000000000000000e+01
1.679988676218190193e+09,1.658400000000000000e+04,5.120000000000000000e+02,-7.840000000000000000e+02,-1.153000000000000000e+03,-6.220000000000000000e+02,-4.200000000000000000e+01
1.679988676218850136e+09,1.658400000000000000e+04,5.120000000000000000e+02,-7.840000000000000000e+02,-1.153000000000000000e+03,-6.220000000000000000e+02,-4.200000000000000000e+01
1.679988676221425772e+09,1.658400000000000000e+04,5.120000000000000000e+02,-7.840000000000000000e+02,-1.153000000000000000e+03,-6.220000000000000000e+02,-4.200000000000000000e+01
1.679988676222102165e+09,1.658400000000000000e+04,5.120000000000000000e+02,-7.840000000000000000e+02,-1.153000000000000000e+03,-6.220000000000000000e+02,-4.200000000000000000e+01
1.679988676224646330e+09,1.658400000000000000e+04,5.120000000000000000e+02,-7.840000000000000000e+02,-1.153000000000000000e+03,-6.220000000000000000e+02,-4.200000000000000000e+01
1.679988676225311995e+09,1.658400000000000000e+04,5.120000000000000000e+02,-7.840000000000000000e+02,-1.153000000000000000e+03,-6.220000000000000000e+02,-4.200000000000000000e+01
1.679988676227918863e+09,1.658400000000000000e+04,5.120000000000000000e+02,-7.840000000000000000e+02,-1.153000000000000000e+03,-6.220000000000000000e+02,-4.200000000000000000e+01
1.679988676228598118e+09,1.658400000000000000e+04,5.120000000000000000e+02,-7.840000000000000000e+02,-1.153000000000000000e+03,-6.220000000000000000e+02,-4.200000000000000000e+01
1.679988676231153488e+09,1.658400000000000000e+04,5.120000000000000000e+02,-7.840000000000000000e+02,-1.153000000000000000e+03,-6.220000000000000000e+02,-4.200000000000000000e+01
1.679988676231834888e+09,1.658400000000000000e+04,5.120000000000000000e+02,-7.840000000000000000e+02,-1.153000000000000000e+03,-6.220000000000000000e+02,-4.200000000000000000e+01
1.679988676234402895e+09,1.658400000000000000e+04,5.120000000000000000e+02,-7.840000000000000000e+02,-1.153000000000000000e+03,-6.220000000000000000e+02,-4.200000000000000000e+01
1.679988676235074520e+09,1.658400000000000000e+04,5.120000000000000000e+02,-7.840000000000000000e+02,-1.153000000000000000e+03,-6.220000000000000000e+02,-4.200000000000000000e+01
1.679988676237660646e+09,1.658400000000000000e+04,5.120000000000000000e+02,-7.840000000000000000e+02,-1.153000000000000000e+03,-6.220000000000000000e+02,-4.200000000000000000e+01
1.679988676238325357e+09,1.658400000000000000e+04,5.120000000000000000e+02,-7.840000000000000000e+02,-1.153000000000000000e+03,-6.220000000000000000e+02,-4.200000000000000000e+01
1.679988676240880966e+09,1.658400000000000000e+04,5.120000000000000000e+02,-7.840000000000000000e+02,-1.153000000000000000e+03,-6.220000000000000000e+02,-4.200000000000000000e+01
1.679988676241546154e+09,1.658400000000000000e+04,5.120000000000000000e+02,-7.840000000000000000e+02,-1.153000000000000000e+03,-6.220000000000000000e+02,-4.200000000000000000e+01
1.679988676244107723e+09,1.658400000000000000e+04,5.120000000000000000e+02,-7.840000000000000000e+02,-1.153000000000000000e+03,-6.220000000000000000e+02,-4.200000000000000000e+01
1.679988676244784832e+09,1.658400000000000000e+04,5.120000000000000000e+02,-7.840000000000000000e+02,-1.153000000000000000e+03,-6.220000000000000000e+02,-4.200000000000000000e+01
1.679988676247391939e+09,1.658400000000000000e+04,5.120000000000000000e+02,-7.840000000000000000e+02,-1.153000000000000000e+03,-6.220000000000000000e+02,-4.200000000000000000e+01
1.679988676248067617e+09,1.658400000000000000e+04,5.120000000000000000e+02,-7.840000000000000000e+02,-1.153000000000000000e+03,-6.220000000000000000e+02,-4.200000000000000000e+01
1.679988676250626564e+09,1.658400000000000000e+04,5.120000000000000000e+02,-7.840000000000000000e+02,-1.153000000000000000e+03,-6.220000000000000000e+02,-4.200000000000000000e+01
1.679988676251296520e+09,1.658400000000000000e+04,5.120000000000000000e+02,-7.840000000000000000e+02,-1.153000000000000000e+03,-6.220000000000000000e+02,-4.200000000000000000e+01
1.679988676253865242e+09,1.658400000000000000e+04,5.120000000000000000e+02,-7.840000000000000000e+02,-1.153000000000000000e+03,-6.220000000000000000e+02,-4.200000000000000000e+01
1.679988676254528284e+09,1.658400000000000000e+04,5.120000000000000000e+02,-7.840000000000000000e+02,-1.153000000000000000e+03,-6.220000000000000000e+02,-4.200000000000000000e+01
1.679988676257128239e+09,1.658400000000000000e+04,5.120000000000000000e+02,-7.840000000000000000e+02,-1.153000000000000000e+03,-6.220000000000000000e+02,-4.200000000000000000e+01
1.679988676257799625e+09,1.658400000000000000e+04,5.120000000000000000e+02,-7.840000000000000000e+02,-1.153000000000000000e+03,-6.220000000000000000e+02,-4.200000000000000000e+01
1.679988676260374784e+09,1.658400000000000000e+04,5.120000000000000000e+02,-7.840000000000000000e+02,-1.153000000000000000e+03,-6.220000000000000000e+02,-4.200000000000000000e+01
1.679988676261040449e+09,1.658400000000000000e+04,5.120000000000000000e+02,-7.840000000000000000e+02,-1.153000000000000000e+03,-6.220000000000000000e+02,-4.200000000000000000e+01
1.679988676263582468e+09,1.658400000000000000e+04,5.120000000000000000e+02,-7.840000000000000000e+02,-1.153000000000000000e+03,-6.220000000000000000e+02,-4.200000000000000000e+01
1.679988676264254808e+09,1.658400000000000000e+04,5.120000000000000000e+02,-7.840000000000000000e+02,-1.153000000000000000e+03,-6.220000000000000000e+02,-4.200000000000000000e+01
1.679988676266869068e+09,1.658400000000000000e+04,5.120000000000000000e+02,-7.840000000000000000e+02,-1.153000000000000000e+03,-6.220000000000000000e+02,-4.200000000000000000e+01
1.679988676267539263e+09,1.658400000000000000e+04,5.120000000000000000e+02,-7.840000000000000000e+02,-1.153000000000000000e+03,-6.220000000000000000e+02,-4.200000000000000000e+01
1.679988676270091772e+09,1.658400000000000000e+04,5.120000000000000000e+02,-7.840000000000000000e+02,-1.153000000000000000e+03,-6.220000000000000000e+02,-4.200000000000000000e+01
1.679988676270760775e+09,1.658400000000000000e+04,5.120000000000000000e+02,-7.840000000000000000e+02,-1.153000000000000000e+03,-6.220000000000000000e+02,-4.200000000000000000e+01
1.679988676273420811e+09,1.658400000000000000e+04,5.120000000000000000e+02,-7.840000000000000000e+02,-1.153000000000000000e+03,-6.220000000000000000e+02,-4.200000000000000000e+01
1.679988676274064302e+09,1.658400000000000000e+04,5.120000000000000000e+02,-7.840000000000000000e+02,-1.153000000000000000e+03,-6.220000000000000000e+02,-4.200000000000000000e+01
1.679988676276621580e+09,1.658400000000000000e+04,5.120000000000000000e+02,-7.840000000000000000e+02,-1.153000000000000000e+03,-6.220000000000000000e+02,-4.200000000000000000e+01
1.679988676277341127e+09,1.658400000000000000e+04,5.120000000000000000e+02,-7.840000000000000000e+02,-1.153000000000000000e+03,-6.220000000000000000e+02,-4.200000000000000000e+01
1.679988676279826880e+09,1.658400000000000000e+04,5.120000000000000000e+02,-7.840000000000000000e+02,-1.153000000000000000e+03,-6.220000000000000000e+02,-4.200000000000000000e+01
1.679988676280488253e+09,1.658400000000000000e+04,5.120000000000000000e+02,-7.840000000000000000e+02,-1.153000000000000000e+03,-6.220000000000000000e+02,-4.200000000000000000e+01
1.679988676283232212e+09,1.658400000000000000e+04,5.120000000000000000e+02,-7.840000000000000000e+02,-1.153000000000000000e+03,-6.220000000000000000e+02,-4.200000000000000000e+01
1.679988676283894539e+09,1.658400000000000000e+04,5.120000000000000000e+02,-7.840000000000000000e+02,-1.153000000000000000e+03,-6.220000000000000000e+02,-4.200000000000000000e+01
1.679988676286479712e+09,1.658400000000000000e+04,5.120000000000000000e+02,-7.840000000000000000e+02,-1.153000000000000000e+03,-6.220000000000000000e+02,-4.200000000000000000e+01
1.679988676287144184e+09,1.658400000000000000e+04,5.120000000000000000e+02,-7.840000000000000000e+02,-1.153000000000000000e+03,-6.220000000000000000e+02,-4.200000000000000000e+01
1.679988676289702892e+09,1.658400000000000000e+04,5.120000000000000000e+02,-7.840000000000000000e+02,-1.153000000000000000e+03,-6.220000000000000000e+02,-4.200000000000000000e+01
1.679988676290373564e+09,1.658400000000000000e+04,5.120000000000000000e+02,-7.840000000000000000e+02,-1.153000000000000000e+03,-6.220000000000000000e+02,-4.200000000000000000e+01
1.679988676292944431e+09,1.658400000000000000e+04,5.120000000000000000e+02,-7.840000000000000000e+02,-1.153000000000000000e+03,-6.220000000000000000e+02,-4.200000000000000000e+01
1.679988676293612957e+09,1.658400000000000000e+04,5.120000000000000000e+02,-7.840000000000000000e+02,-1.153000000000000000e+03,-6.220000000000000000e+02,-4.200000000000000000e+01
1.679988676296209335e+09,1.658400000000000000e+04,5.120000000000000000e+02,-7.840000000000000000e+02,-1.153000000000000000e+03,-6.220000000000000000e+02,-4.200000000000000000e+01
1.679988676296878576e+09,1.658400000000000000e+04,5.120000000000000000e+02,-7.840000000000000000e+02,-1.153000000000000000e+03,-6.220000000000000000e+02,-4.200000000000000000e+01
1.679988676299478054e+09,1.658400000000000000e+04,5.120000000000000000e+02,-7.840000000000000000e+02,-1.153000000000000000e+03,-6.220000000000000000e+02,-4.200000000000000000e+01
1.679988676300151825e+09,1.658400000000000000e+04,5.120000000000000000e+02,-7.840000000000000000e+02,-1.153000000000000000e+03,-6.220000000000000000e+02,-4.200000000000000000e+01
1.679988676302706718e+09,1.658400000000000000e+04,5.120000000000000000e+02,-7.840000000000000000e+02,-1.153000000000000000e+03,-6.220000000000000000e+02,-4.200000000000000000e+01
1.679988676303380966e+09,1.658400000000000000e+04,5.120000000000000000e+02,-7.840000000000000000e+02,-1.153000000000000000e+03,-6.220000000000000000e+02,-4.200000000000000000e+01
1.679988676305992365e+09,1.658400000000000000e+04,5.120000000000000000e+02,-7.840000000000000000e+02,-1.153000000000000000e+03,-6.220000000000000000e+02,-4.200000000000000000e+01
1.679988676306662560e+09,1.658400000000000000e+04,5.120000000000000000e+02,-7.840000000000000000e+02,-1.153000000000000000e+03,-6.220000000000000000e+02,-4.200000000000000000e+01
1.679988676309240341e+09,1.658400000000000000e+04,5.120000000000000000e+02,-7.840000000000000000e+02,-1.153000000000000000e+03,-6.220000000000000000e+02,-4.200000000000000000e+01
1.679988676309912205e+09,1.658400000000000000e+04,5.120000000000000000e+02,-7.840000000000000000e+02,-1.153000000000000000e+03,-6.220000000000000000e+02,-4.200000000000000000e+01
1.679988676312471628e+09,1.658400000000000000e+04,5.120000000000000000e+02,-7.840000000000000000e+02,-1.153000000000000000e+03,-6.220000000000000000e+02,-4.200000000000000000e+01
1.679988676313140392e+09,1.658400000000000000e+04,5.120000000000000000e+02,-7.840000000000000000e+02,-1.153000000000000000e+03,-6.220000000000000000e+02,-4.200000000000000000e+01
1.679988676315721273e+09,1.658400000000000000e+04,5.120000000000000000e+02,-7.840000000000000000e+02,-1.153000000000000000e+03,-6.220000000000000000e+02,-4.200000000000000000e+01
1.679988676316392899e+09,1.658400000000000000e+04,5.120000000000000000e+02,-7.840000000000000000e+02,-1.153000000000000000e+03,-6.220000000000000000e+02,-4.200000000000000000e+01
1.679988676318967819e+09,1.658400000000000000e+04,5.120000000000000000e+02,-7.840000000000000000e+02,-1.153000000000000000e+03,-6.220000000000000000e+02,-4.200000000000000000e+01
1.679988676319640875e+09,1.658400000000000000e+04,5.120000000000000000e+02,-7.840000000000000000e+02,-1.153000000000000000e+03,-6.220000000000000000e+02,-4.200000000000000000e+01
1.679988676322190762e+09,1.658400000000000000e+04,5.120000000000000000e+02,-7.840000000000000000e+02,-1.153000000000000000e+03,-6.220000000000000000e+02,-4.200000000000000000e+01
1.679988676322887182e+09,1.658400000000000000e+04,5.120000000000000000e+02,-7.840000000000000000e+02,-1.153000000000000000e+03,-6.220000000000000000e+02,-4.200000000000000000e+01
1.679988676325452089e+09,1.658400000000000000e+04,5.120000000000000000e+02,-7.840000000000000000e+02,-1.153000000000000000e+03,-6.220000000000000000e+02,-4.200000000000000000e+01
1.679988676326156616e+09,1.658400000000000000e+04,5.120000000000000000e+02,-7.840000000000000000e+02,-1.153000000000000000e+03,-6.220000000000000000e+02,-4.200000000000000000e+01
1.679988676328701735e+09,1.658400000000000000e+04,5.120000000000000000e+02,-7.840000000000000000e+02,-1.153000000000000000e+03,-6.220000000000000000e+02,-4.200000000000000000e+01
1.679988676329375982e+09,1.658400000000000000e+04,5.120000000000000000e+02,-7.840000000000000000e+02,-1.153000000000000000e+03,-6.220000000000000000e+02,-4.200000000000000000e+01
1.679988676331943274e+09,1.658400000000000000e+04,5.120000000000000000e+02,-7.840000000000000000e+02,-1.153000000000000000e+03,-6.220000000000000000e+02,-4.200000000000000000e+01
1.679988676332625151e+09,1.658400000000000000e+04,5.120000000000000000e+02,-7.840000000000000000e+02,-1.153000000000000000e+03,-6.220000000000000000e+02,-4.200000000000000000e+01
1.679988676335190773e+09,1.658400000000000000e+04,5.120000000000000000e+02,-7.840000000000000000e+02,-1.153000000000000000e+03,-6.220000000000000000e+02,-4.200000000000000000e+01
1.679988676336058378e+09,1.658400000000000000e+04,5.120000000000000000e+02,-7.840000000000000000e+02,-1.153000000000000000e+03,-6.220000000000000000e+02,-4.200000000000000000e+01
1.679988676338505507e+09,1.658400000000000000e+04,5.120000000000000000e+02,-7.840000000000000000e+02,-1.153000000000000000e+03,-6.220000000000000000e+02,-4.200000000000000000e+01
1.679988676339211941e+09,1.658400000000000000e+04,5.120000000000000000e+02,-7.840000000000000000e+02,-1.153000000000000000e+03,-6.220000000000000000e+02,-4.200000000000000000e+01
1.679988676341703892e+09,1.658400000000000000e+04,5.120000000000000000e+02,-7.840000000000000000e+02,-1.153000000000000000e+03,-6.220000000000000000e+02,-4.200000000000000000e+01
1.679988676342403650e+09,1.658400000000000000e+04,5.120000000000000000e+02,-7.840000000000000000e+02,-1.153000000000000000e+03,-6.220000000000000000e+02,-4.200000000000000000e+01
1.679988676344987631e+09,1.658400000000000000e+04,5.120000000000000000e+02,-7.840000000000000000e+02,-1.153000000000000000e+03,-6.220000000000000000e+02,-4.200000000000000000e+01
1.679988676345701456e+09,1.658400000000000000e+04,5.120000000000000000e+02,-7.840000000000000000e+02,-1.153000000000000000e+03,-6.220000000000000000e+02,-4.200000000000000000e+01
1.679988676348258495e+09,1.658400000000000000e+04,5.120000000000000000e+02,-7.840000000000000000e+02,-1.153000000000000000e+03,-6.220000000000000000e+02,-4.200000000000000000e+01
1.679988676348926783e+09,1.658400000000000000e+04,5.120000000000000000e+02,-7.840000000000000000e+02,-1.153000000000000000e+03,-6.220000000000000000e+02,-4.200000000000000000e+01
1.679988676351499319e+09,1.658400000000000000e+04,5.120000000000000000e+02,-7.840000000000000000e+02,-1.153000000000000000e+03,-6.220000000000000000e+02,-4.200000000000000000e+01
1.679988676352165461e+09,1.658400000000000000e+04,5.120000000000000000e+02,-7.840000000000000000e+02,-1.153000000000000000e+03,-6.220000000000000000e+02,-4.200000000000000000e+01
1.679988676354725599e+09,1.658400000000000000e+04,5.120000000000000000e+02,-7.840000000000000000e+02,-1.153000000000000000e+03,-6.220000000000000000e+02,-4.200000000000000000e+01
1.679988676355401278e+09,1.658400000000000000e+04,5.120000000000000000e+02,-7.840000000000000000e+02,-1.153000000000000000e+03,-6.220000000000000000e+02,-4.200000000000000000e+01
1.679988676358006716e+09,1.658400000000000000e+04,5.120000000000000000e+02,-7.840000000000000000e+02,-1.153000000000000000e+03,-6.220000000000000000e+02,-4.200000000000000000e+01
1.679988676358674526e+09,1.658400000000000000e+04,5.120000000000000000e+02,-7.840000000000000000e+02,-1.153000000000000000e+03,-6.220000000000000000e+02,-4.200000000000000000e+01
1.679988676361276627e+09,1.658400000000000000e+04,5.120000000000000000e+02,-7.840000000000000000e+02,-1.153000000000000000e+03,-6.220000000000000000e+02,-4.200000000000000000e+01
1.679988676362104416e+09,1.658400000000000000e+04,5.120000000000000000e+02,-7.840000000000000000e+02,-1.153000000000000000e+03,-6.220000000000000000e+02,-4.200000000000000000e+01
1.679988676364659548e+09,1.658400000000000000e+04,5.120000000000000000e+02,-7.840000000000000000e+02,-1.153000000000000000e+03,-6.220000000000000000e+02,-4.200000000000000000e+01
1.679988676365333557e+09,1.658400000000000000e+04,5.120000000000000000e+02,-7.840000000000000000e+02,-1.153000000000000000e+03,-6.220000000000000000e+02,-4.200000000000000000e+01
1.679988676367943525e+09,1.658400000000000000e+04,5.120000000000000000e+02,-7.840000000000000000e+02,-1.153000000000000000e+03,-6.220000000000000000e+02,-4.200000000000000000e+01
1.679988676368615389e+09,1.658400000000000000e+04,5.120000000000000000e+02,-7.840000000000000000e+02,-1.153000000000000000e+03,-6.220000000000000000e+02,-4.200000000000000000e+01
1.679988676371191740e+09,1.658400000000000000e+04,5.120000000000000000e+02,-7.840000000000000000e+02,-1.153000000000000000e+03,-6.220000000000000000e+02,-4.200000000000000000e+01
1.679988676371870756e+09,1.658400000000000000e+04,5.120000000000000000e+02,-7.840000000000000000e+02,-1.153000000000000000e+03,-6.220000000000000000e+02,-4.200000000000000000e+01
1.679988676374445915e+09,1.658400000000000000e+04,5.120000000000000000e+02,-7.840000000000000000e+02,-1.153000000000000000e+03,-6.220000000000000000e+02,-4.200000000000000000e+01
1.679988676375115156e+09,1.658400000000000000e+04,5.120000000000000000e+02,-7.840000000000000000e+02,-1.153000000000000000e+03,-6.220000000000000000e+02,-4.200000000000000000e+01
1.679988676377743244e+09,1.658400000000000000e+04,5.120000000000000000e+02,-7.840000000000000000e+02,-1.153000000000000000e+03,-6.220000000000000000e+02,-4.200000000000000000e+01
1.679988676378414631e+09,1.658400000000000000e+04,5.120000000000000000e+02,-7.840000000000000000e+02,-1.153000000000000000e+03,-6.220000000000000000e+02,-4.200000000000000000e+01
1.679988676380969763e+09,1.658400000000000000e+04,5.120000000000000000e+02,-7.840000000000000000e+02,-1.153000000000000000e+03,-6.220000000000000000e+02,-4.200000000000000000e+01
1.679988676381645203e+09,1.658400000000000000e+04,5.120000000000000000e+02,-7.840000000000000000e+02,-1.153000000000000000e+03,-6.220000000000000000e+02,-4.200000000000000000e+01
1.679988676384226084e+09,1.658400000000000000e+04,5.120000000000000000e+02,-7.840000000000000000e+02,-1.153000000000000000e+03,-6.220000000000000000e+02,-4.200000000000000000e+01
1.679988676384905100e+09,1.658400000000000000e+04,5.120000000000000000e+02,-7.840000000000000000e+02,-1.153000000000000000e+03,-6.220000000000000000e+02,-4.200000000000000000e+01
1.679988676387496710e+09,1.658400000000000000e+04,5.120000000000000000e+02,-7.840000000000000000e+02,-1.153000000000000000e+03,-6.220000000000000000e+02,-4.200000000000000000e+01
1.679988676388172626e+09,1.658400000000000000e+04,5.120000000000000000e+02,-7.840000000000000000e+02,-1.153000000000000000e+03,-6.220000000000000000e+02,-4.200000000000000000e+01
1.679988676390742064e+09,1.658400000000000000e+04,5.120000000000000000e+02,-7.840000000000000000e+02,-1.153000000000000000e+03,-6.220000000000000000e+02,-4.200000000000000000e+01
1.679988676391409874e+09,1.658400000000000000e+04,5.120000000000000000e+02,-7.840000000000000000e+02,-1.153000000000000000e+03,-6.220000000000000000e+02,-4.200000000000000000e+01
1.679988676393989325e+09,1.658400000000000000e+04,5.120000000000000000e+02,-7.840000000000000000e+02,-1.153000000000000000e+03,-6.220000000000000000e+02,-4.200000000000000000e+01
1.679988676394655943e+09,1.658400000000000000e+04,5.120000000000000000e+02,-7.840000000000000000e+02,-1.153000000000000000e+03,-6.220000000000000000e+02,-4.200000000000000000e+01
1.679988676397293329e+09,1.658400000000000000e+04,5.120000000000000000e+02,-7.840000000000000000e+02,-1.153000000000000000e+03,-6.220000000000000000e+02,-4.200000000000000000e+01
1.679988676397965193e+09,1.658400000000000000e+04,5.120000000000000000e+02,-7.840000000000000000e+02,-1.153000000000000000e+03,-6.220000000000000000e+02,-4.200000000000000000e+01
1.679988676400541782e+09,1.658400000000000000e+04,5.120000000000000000e+02,-7.840000000000000000e+02,-1.153000000000000000e+03,-6.220000000000000000e+02,-4.200000000000000000e+01
1.679988676401213408e+09,1.658400000000000000e+04,5.120000000000000000e+02,-7.840000000000000000e+02,-1.153000000000000000e+03,-6.220000000000000000e+02,-4.200000000000000000e+01
1.679988676403791666e+09,1.658400000000000000e+04,5.120000000000000000e+02,-7.840000000000000000e+02,-1.153000000000000000e+03,-6.220000000000000000e+02,-4.200000000000000000e+01
1.679988676404469490e+09,1.658400000000000000e+04,5.120000000000000000e+02,-7.840000000000000000e+02,-1.153000000000000000e+03,-6.220000000000000000e+02,-4.200000000000000000e+01
1.679988676407063961e+09,1.658400000000000000e+04,5.120000000000000000e+02,-7.840000000000000000e+02,-1.153000000000000000e+03,-6.220000000000000000e+02,-4.200000000000000000e+01
1.679988676407725811e+09,1.658400000000000000e+04,5.120000000000000000e+02,-7.840000000000000000e+02,-1.153000000000000000e+03,-6.220000000000000000e+02,-4.200000000000000000e+01
1.679988676410323620e+09,1.658400000000000000e+04,5.120000000000000000e+02,-7.840000000000000000e+02,-1.153000000000000000e+03,-6.220000000000000000e+02,-4.200000000000000000e+01
1.679988676410998344e+09,1.658400000000000000e+04,5.120000000000000000e+02,-7.840000000000000000e+02,-1.153000000000000000e+03,-6.220000000000000000e+02,-4.200000000000000000e+01
1.679988676413572311e+09,1.658400000000000000e+04,5.120000000000000000e+02,-7.840000000000000000e+02,-1.153000000000000000e+03,-6.220000000000000000e+02,-4.200000000000000000e+01
1.679988676414250851e+09,1.658400000000000000e+04,5.120000000000000000e+02,-7.840000000000000000e+02,-1.153000000000000000e+03,-6.220000000000000000e+02,-4.200000000000000000e+01
1.679988676416872978e+09,1.658400000000000000e+04,5.120000000000000000e+02,-7.840000000000000000e+02,-1.153000000000000000e+03,-6.220000000000000000e+02,-4.200000000000000000e+01
1.679988676417549849e+09,1.658400000000000000e+04,5.120000000000000000e+02,-7.840000000000000000e+02,-1.153000000000000000e+03,-6.220000000000000000e+02,-4.200000000000000000e+01
1.679988676420102358e+09,1.658400000000000000e+04,5.120000000000000000e+02,-7.840000000000000000e+02,-1.153000000000000000e+03,-6.220000000000000000e+02,-4.200000000000000000e+01
1.679988676420774221e+09,1.658400000000000000e+04,5.120000000000000000e+02,-7.840000000000000000e+02,-1.153000000000000000e+03,-6.220000000000000000e+02,-4.200000000000000000e+01
1.679988676423342943e+09,1.658400000000000000e+04,5.120000000000000000e+02,-7.840000000000000000e+02,-1.153000000000000000e+03,-6.220000000000000000e+02,-4.200000000000000000e+01
1.679988676424014568e+09,1.658400000000000000e+04,5.120000000000000000e+02,-7.840000000000000000e+02,-1.153000000000000000e+03,-6.220000000000000000e+02,-4.200000000000000000e+01
1.679988676426601887e+09,1.658400000000000000e+04,5.120000000000000000e+02,-7.840000000000000000e+02,-1.153000000000000000e+03,-6.220000000000000000e+02,-4.200000000000000000e+01
1.679988676427281380e+09,1.658400000000000000e+04,5.120000000000000000e+02,-7.840000000000000000e+02,-1.153000000000000000e+03,-6.220000000000000000e+02,-4.200000000000000000e+01
1.679988676429857492e+09,1.658400000000000000e+04,5.120000000000000000e+02,-7.840000000000000000e+02,-1.153000000000000000e+03,-6.220000000000000000e+02,-4.200000000000000000e+01
1.679988676430535793e+09,1.658400000000000000e+04,5.120000000000000000e+02,-7.840000000000000000e+02,-1.153000000000000000e+03,-6.220000000000000000e+02,-4.200000000000000000e+01
1.679988676433095455e+09,1.658400000000000000e+04,5.120000000000000000e+02,-7.840000000000000000e+02,-1.153000000000000000e+03,-6.220000000000000000e+02,-4.200000000000000000e+01
1.679988676433763742e+09,1.658400000000000000e+04,5.120000000000000000e+02,-7.840000000000000000e+02,-1.153000000000000000e+03,-6.220000000000000000e+02,-4.200000000000000000e+01
1.679988676436381340e+09,1.658400000000000000e+04,5.120000000000000000e+02,-7.840000000000000000e+02,-1.153000000000000000e+03,-6.220000000000000000e+02,-4.200000000000000000e+01
1.679988676437058926e+09,1.658400000000000000e+04,5.120000000000000000e+02,-7.840000000000000000e+02,-1.153000000000000000e+03,-6.220000000000000000e+02,-4.200000000000000000e+01
1.679988676439630985e+09,1.658400000000000000e+04,5.120000000000000000e+02,-7.840000000000000000e+02,-1.153000000000000000e+03,-6.220000000000000000e+02,-4.200000000000000000e+01
1.679988676440295696e+09,1.658400000000000000e+04,5.120000000000000000e+02,-7.840000000000000000e+02,-1.153000000000000000e+03,-6.220000000000000000e+02,-4.200000000000000000e+01
1.679988676442886829e+09,1.658400000000000000e+04,5.120000000000000000e+02,-7.840000000000000000e+02,-1.153000000000000000e+03,-6.220000000000000000e+02,-4.200000000000000000e+01
1.679988676443564892e+09,1.658400000000000000e+04,5.120000000000000000e+02,-7.840000000000000000e+02,-1.153000000000000000e+03,-6.220000000000000000e+02,-4.200000000000000000e+01
1.679988676446175814e+09,1.658400000000000000e+04,5.120000000000000000e+02,-7.840000000000000000e+02,-1.153000000000000000e+03,-6.220000000000000000e+02,-4.200000000000000000e+01
1.679988676446848154e+09,1.658400000000000000e+04,5.120000000000000000e+02,-7.840000000000000000e+02,-1.153000000000000000e+03,-6.220000000000000000e+02,-4.200000000000000000e+01
1.679988676449437857e+09,1.658400000000000000e+04,5.120000000000000000e+02,-7.840000000000000000e+02,-1.153000000000000000e+03,-6.220000000000000000e+02,-4.200000000000000000e+01
1.679988676450097561e+09,1.658400000000000000e+04,5.120000000000000000e+02,-7.840000000000000000e+02,-1.153000000000000000e+03,-6.220000000000000000e+02,-4.200000000000000000e+01
1.679988676452677727e+09,1.658400000000000000e+04,5.120000000000000000e+02,-7.840000000000000000e+02,-1.153000000000000000e+03,-6.220000000000000000e+02,-4.200000000000000000e+01
1.679988676453349352e+09,1.658400000000000000e+04,5.120000000000000000e+02,-7.840000000000000000e+02,-1.153000000000000000e+03,-6.220000000000000000e+02,-4.200000000000000000e+01
1.679988676456009865e+09,1.658400000000000000e+04,5.120000000000000000e+02,-7.840000000000000000e+02,-1.153000000000000000e+03,-6.220000000000000000e+02,-4.200000000000000000e+01
1.679988676456681728e+09,1.658400000000000000e+04,5.120000000000000000e+02,-7.840000000000000000e+02,-1.153000000000000000e+03,-6.220000000000000000e+02,-4.200000000000000000e+01
1.679988676459241867e+09,1.658400000000000000e+04,5.120000000000000000e+02,-7.840000000000000000e+02,-1.153000000000000000e+03,-6.220000000000000000e+02,-4.200000000000000000e+01
1.679988676459911108e+09,1.658400000000000000e+04,5.120000000000000000e+02,-7.840000000000000000e+02,-1.153000000000000000e+03,-6.220000000000000000e+02,-4.200000000000000000e+01
1.679988676462508202e+09,1.658400000000000000e+04,5.120000000000000000e+02,-7.840000000000000000e+02,-1.153000000000000000e+03,-6.220000000000000000e+02,-4.200000000000000000e+01
1.679988676463183403e+09,1.658400000000000000e+04,5.120000000000000000e+02,-7.840000000000000000e+02,-1.153000000000000000e+03,-6.220000000000000000e+02,-4.200000000000000000e+01
1.679988676465766907e+09,1.658400000000000000e+04,5.120000000000000000e+02,-7.840000000000000000e+02,-1.153000000000000000e+03,-6.220000000000000000e+02,-4.200000000000000000e+01
1.679988676466430664e+09,1.658400000000000000e+04,5.120000000000000000e+02,-7.840000000000000000e+02,-1.153000000000000000e+03,-6.220000000000000000e+02,-4.200000000000000000e+01
1.679988676469043016e+09,1.658400000000000000e+04,5.120000000000000000e+02,-7.840000000000000000e+02,-1.153000000000000000e+03,-6.220000000000000000e+02,-4.200000000000000000e+01
1.679988676469720840e+09,1.658400000000000000e+04,5.120000000000000000e+02,-7.840000000000000000e+02,-1.153000000000000000e+03,-6.220000000000000000e+02,-4.200000000000000000e+01
1.679988676472286224e+09,1.658400000000000000e+04,5.120000000000000000e+02,-7.840000000000000000e+02,-1.153000000000000000e+03,-6.220000000000000000e+02,-4.200000000000000000e+01
1.679988676472955465e+09,1.658400000000000000e+04,5.120000000000000000e+02,-7.840000000000000000e+02,-1.153000000000000000e+03,-6.220000000000000000e+02,-4.200000000000000000e+01
1.679988676475604534e+09,1.658400000000000000e+04,5.120000000000000000e+02,-7.840000000000000000e+02,-1.153000000000000000e+03,-6.220000000000000000e+02,-4.200000000000000000e+01
1.679988676476254940e+09,1.658400000000000000e+04,5.120000000000000000e+02,-7.840000000000000000e+02,-1.153000000000000000e+03,-6.220000000000000000e+02,-4.200000000000000000e+01
1.679988676478866100e+09,1.658400000000000000e+04,5.120000000000000000e+02,-7.840000000000000000e+02,-1.153000000000000000e+03,-6.220000000000000000e+02,-4.200000000000000000e+01
1.679988676479533672e+09,1.658400000000000000e+04,5.120000000000000000e+02,-7.840000000000000000e+02,-1.153000000000000000e+03,-6.220000000000000000e+02,-4.200000000000000000e+01
1.679988676482121706e+09,1.658400000000000000e+04,5.120000000000000000e+02,-7.840000000000000000e+02,-1.153000000000000000e+03,-6.220000000000000000e+02,-4.200000000000000000e+01
1.679988676482794523e+09,1.658400000000000000e+04,5.120000000000000000e+02,-7.840000000000000000e+02,-1.153000000000000000e+03,-6.220000000000000000e+02,-4.200000000000000000e+01
1.679988676485397339e+09,1.658400000000000000e+04,5.120000000000000000e+02,-7.840000000000000000e+02,-1.153000000000000000e+03,-6.220000000000000000e+02,-4.200000000000000000e+01
1.679988676486079216e+09,1.658400000000000000e+04,5.120000000000000000e+02,-7.840000000000000000e+02,-1.153000000000000000e+03,-6.220000000000000000e+02,-4.200000000000000000e+01
1.679988676488684654e+09,1.658400000000000000e+04,5.120000000000000000e+02,-7.840000000000000000e+02,-1.153000000000000000e+03,-6.220000000000000000e+02,-4.200000000000000000e+01
1.679988676489359140e+09,1.658400000000000000e+04,5.120000000000000000e+02,-7.840000000000000000e+02,-1.153000000000000000e+03,-6.220000000000000000e+02,-4.200000000000000000e+01
1.679988676491949797e+09,1.658400000000000000e+04,5.120000000000000000e+02,-7.840000000000000000e+02,-1.153000000000000000e+03,-6.220000000000000000e+02,-4.200000000000000000e+01
1.679988676492617130e+09,1.658400000000000000e+04,5.120000000000000000e+02,-7.840000000000000000e+02,-1.153000000000000000e+03,-6.220000000000000000e+02,-4.200000000000000000e+01
1.679988676495226860e+09,1.658400000000000000e+04,5.120000000000000000e+02,-7.840000000000000000e+02,-1.153000000000000000e+03,-6.220000000000000000e+02,-4.200000000000000000e+01
1.679988676496005297e+09,1.658400000000000000e+04,5.120000000000000000e+02,-7.840000000000000000e+02,-1.153000000000000000e+03,-6.220000000000000000e+02,-4.200000000000000000e+01
1.679988676498537779e+09,1.658400000000000000e+04,5.120000000000000000e+02,-7.840000000000000000e+02,-1.153000000000000000e+03,-6.220000000000000000e+02,-4.200000000000000000e+01
1.679988676499223709e+09,1.658400000000000000e+04,5.120000000000000000e+02,-7.840000000000000000e+02,-1.153000000000000000e+03,-6.220000000000000000e+02,-4.200000000000000000e+01
1.679988676501802921e+09,1.658400000000000000e+04,5.120000000000000000e+02,-7.840000000000000000e+02,-1.153000000000000000e+03,-6.220000000000000000e+02,-4.200000000000000000e+01
1.679988676502489090e+09,1.658400000000000000e+04,5.120000000000000000e+02,-7.840000000000000000e+02,-1.153000000000000000e+03,-6.220000000000000000e+02,-4.200000000000000000e+01
1.679988676505084753e+09,1.658400000000000000e+04,5.120000000000000000e+02,-7.840000000000000000e+02,-1.153000000000000000e+03,-6.220000000000000000e+02,-4.200000000000000000e+01
1.679988676505839825e+09,1.658400000000000000e+04,5.120000000000000000e+02,-7.840000000000000000e+02,-1.153000000000000000e+03,-6.220000000000000000e+02,-4.200000000000000000e+01
1.679988676508435726e+09,1.658400000000000000e+04,5.120000000000000000e+02,-7.840000000000000000e+02,-1.153000000000000000e+03,-6.220000000000000000e+02,-4.200000000000000000e+01
1.679988676509119987e+09,1.658400000000000000e+04,5.120000000000000000e+02,-7.840000000000000000e+02,-1.153000000000000000e+03,-6.220000000000000000e+02,-4.200000000000000000e+01
1.679988676511627197e+09,1.658400000000000000e+04,5.120000000000000000e+02,-7.840000000000000000e+02,-1.153000000000000000e+03,-6.220000000000000000e+02,-4.200000000000000000e+01
1.679988676512295246e+09,1.658400000000000000e+04,5.120000000000000000e+02,-7.840000000000000000e+02,-1.153000000000000000e+03,-6.220000000000000000e+02,-4.200000000000000000e+01
1.679988676515069962e+09,1.658400000000000000e+04,5.120000000000000000e+02,-7.840000000000000000e+02,-1.153000000000000000e+03,-6.220000000000000000e+02,-4.200000000000000000e+01
1.679988676515769958e+09,1.658400000000000000e+04,5.120000000000000000e+02,-7.840000000000000000e+02,-1.153000000000000000e+03,-6.220000000000000000e+02,-4.200000000000000000e+01
1.679988676518351316e+09,1.658400000000000000e+04,5.120000000000000000e+02,-7.840000000000000000e+02,-1.153000000000000000e+03,-6.220000000000000000e+02,-4.200000000000000000e+01
1.679988676519033909e+09,1.658400000000000000e+04,5.120000000000000000e+02,-7.840000000000000000e+02,-1.153000000000000000e+03,-6.220000000000000000e+02,-4.200000000000000000e+01
1.679988676521649361e+09,1.658400000000000000e+04,5.120000000000000000e+02,-7.840000000000000000e+02,-1.153000000000000000e+03,-6.220000000000000000e+02,-4.200000000000000000e+01
1.679988676522325039e+09,1.658400000000000000e+04,5.120000000000000000e+02,-7.840000000000000000e+02,-1.153000000000000000e+03,-6.220000000000000000e+02,-4.200000000000000000e+01
1.679988676524923086e+09,1.658400000000000000e+04,5.120000000000000000e+02,-7.840000000000000000e+02,-1.153000000000000000e+03,-6.220000000000000000e+02,-4.200000000000000000e+01
1.679988676525644302e+09,1.658400000000000000e+04,5.120000000000000000e+02,-7.840000000000000000e+02,-1.153000000000000000e+03,-6.220000000000000000e+02,-4.200000000000000000e+01
1.679988676528241873e+09,1.658400000000000000e+04,5.120000000000000000e+02,-7.840000000000000000e+02,-1.153000000000000000e+03,-6.220000000000000000e+02,-4.200000000000000000e+01
1.679988676528928041e+09,1.658400000000000000e+04,5.120000000000000000e+02,-7.840000000000000000e+02,-1.153000000000000000e+03,-6.220000000000000000e+02,-4.200000000000000000e+01
1.679988676531503677e+09,1.658400000000000000e+04,5.120000000000000000e+02,-7.840000000000000000e+02,-1.153000000000000000e+03,-6.220000000000000000e+02,-4.200000000000000000e+01
1.679988676532192945e+09,1.658400000000000000e+04,5.120000000000000000e+02,-7.840000000000000000e+02,-1.153000000000000000e+03,-6.220000000000000000e+02,-4.200000000000000000e+01
1.679988676534789085e+09,1.658400000000000000e+04,5.120000000000000000e+02,-7.840000000000000000e+02,-1.153000000000000000e+03,-6.220000000000000000e+02,-4.200000000000000000e+01
1.679988676535475016e+09,1.658400000000000000e+04,5.120000000000000000e+02,-7.840000000000000000e+02,-1.153000000000000000e+03,-6.220000000000000000e+02,-4.200000000000000000e+01
1.679988676538092375e+09,1.658400000000000000e+04,5.120000000000000000e+02,-7.840000000000000000e+02,-1.153000000000000000e+03,-6.220000000000000000e+02,-4.200000000000000000e+01
1.679988676538771868e+09,1.658400000000000000e+04,5.120000000000000000e+02,-7.840000000000000000e+02,-1.153000000000000000e+03,-6.220000000000000000e+02,-4.200000000000000000e+01
1.679988676541306973e+09,1.658400000000000000e+04,5.120000000000000000e+02,-7.840000000000000000e+02,-1.153000000000000000e+03,-6.220000000000000000e+02,-4.200000000000000000e+01
1.679988676541968107e+09,1.658400000000000000e+04,5.120000000000000000e+02,-7.840000000000000000e+02,-1.153000000000000000e+03,-6.220000000000000000e+02,-4.200000000000000000e+01
1.679988676544762373e+09,1.658400000000000000e+04,5.120000000000000000e+02,-7.840000000000000000e+02,-1.153000000000000000e+03,-6.220000000000000000e+02,-4.200000000000000000e+01
1.679988676545435429e+09,1.658400000000000000e+04,5.120000000000000000e+02,-7.840000000000000000e+02,-1.153000000000000000e+03,-6.220000000000000000e+02,-4.200000000000000000e+01
1.679988676548078775e+09,1.658400000000000000e+04,5.120000000000000000e+02,-7.840000000000000000e+02,-1.153000000000000000e+03,-6.220000000000000000e+02,-4.200000000000000000e+01
1.679988676548765898e+09,1.658400000000000000e+04,5.120000000000000000e+02,-7.840000000000000000e+02,-1.153000000000000000e+03,-6.220000000000000000e+02,-4.200000000000000000e+01
1.679988676551344156e+09,1.658400000000000000e+04,5.120000000000000000e+02,-7.840000000000000000e+02,-1.153000000000000000e+03,-6.220000000000000000e+02,-4.200000000000000000e+01
1.679988676552037716e+09,1.658400000000000000e+04,5.120000000000000000e+02,-7.840000000000000000e+02,-1.153000000000000000e+03,-6.220000000000000000e+02,-4.200000000000000000e+01
1.679988676554624081e+09,1.658400000000000000e+04,5.120000000000000000e+02,-7.840000000000000000e+02,-1.153000000000000000e+03,-6.220000000000000000e+02,-4.200000000000000000e+01
1.679988676555303574e+09,1.658400000000000000e+04,5.120000000000000000e+02,-7.840000000000000000e+02,-1.153000000000000000e+03,-6.220000000000000000e+02,-4.200000000000000000e+01
1.679988676557930708e+09,1.658400000000000000e+04,5.120000000000000000e+02,-7.840000000000000000e+02,-1.153000000000000000e+03,-6.220000000000000000e+02,-4.200000000000000000e+01
1.679988676558619738e+09,1.658400000000000000e+04,5.120000000000000000e+02,-7.840000000000000000e+02,-1.153000000000000000e+03,-6.220000000000000000e+02,-4.200000000000000000e+01
1.679988676561209440e+09,1.658400000000000000e+04,5.120000000000000000e+02,-7.840000000000000000e+02,-1.153000000000000000e+03,-6.220000000000000000e+02,-4.200000000000000000e+01
1.679988676561887264e+09,1.658400000000000000e+04,5.120000000000000000e+02,-7.840000000000000000e+02,-1.153000000000000000e+03,-6.220000000000000000e+02,-4.200000000000000000e+01
1.679988676564480543e+09,1.658400000000000000e+04,5.120000000000000000e+02,-7.840000000000000000e+02,-1.153000000000000000e+03,-6.220000000000000000e+02,-4.200000000000000000e+01
1.679988676565156460e+09,1.658400000000000000e+04,5.120000000000000000e+02,-7.840000000000000000e+02,-1.153000000000000000e+03,-6.220000000000000000e+02,-4.200000000000000000e+01
1.679988676567692041e+09,1.658400000000000000e+04,5.120000000000000000e+02,-7.840000000000000000e+02,-1.153000000000000000e+03,-6.220000000000000000e+02,-4.200000000000000000e+01
1.679988676568376064e+09,1.658400000000000000e+04,5.120000000000000000e+02,-7.840000000000000000e+02,-1.153000000000000000e+03,-6.220000000000000000e+02,-4.200000000000000000e+01
1.679988676571137428e+09,1.658400000000000000e+04,5.120000000000000000e+02,-7.840000000000000000e+02,-1.153000000000000000e+03,-6.220000000000000000e+02,-4.200000000000000000e+01
1.679988676571809053e+09,1.658400000000000000e+04,5.120000000000000000e+02,-7.840000000000000000e+02,-1.153000000000000000e+03,-6.220000000000000000e+02,-4.200000000000000000e+01
1.679988676574384928e+09,1.658400000000000000e+04,5.120000000000000000e+02,-7.840000000000000000e+02,-1.153000000000000000e+03,-6.220000000000000000e+02,-4.200000000000000000e+01
1.679988676575062037e+09,1.658400000000000000e+04,5.120000000000000000e+02,-7.840000000000000000e+02,-1.153000000000000000e+03,-6.220000000000000000e+02,-4.200000000000000000e+01
1.679988676577696800e+09,1.658400000000000000e+04,5.120000000000000000e+02,-7.840000000000000000e+02,-1.153000000000000000e+03,-6.220000000000000000e+02,-4.200000000000000000e+01
1.679988676578365088e+09,1.658400000000000000e+04,5.120000000000000000e+02,-7.840000000000000000e+02,-1.153000000000000000e+03,-6.220000000000000000e+02,-4.200000000000000000e+01
1.679988676580984831e+09,1.658400000000000000e+04,5.120000000000000000e+02,-7.840000000000000000e+02,-1.153000000000000000e+03,-6.220000000000000000e+02,-4.200000000000000000e+01
1.679988676581664085e+09,1.658400000000000000e+04,5.120000000000000000e+02,-7.840000000000000000e+02,-1.153000000000000000e+03,-6.220000000000000000e+02,-4.200000000000000000e+01
1.679988676584261894e+09,1.658400000000000000e+04,5.120000000000000000e+02,-7.840000000000000000e+02,-1.153000000000000000e+03,-6.220000000000000000e+02,-4.200000000000000000e+01
1.679988676584948301e+09,1.658400000000000000e+04,5.120000000000000000e+02,-7.840000000000000000e+02,-1.153000000000000000e+03,-6.220000000000000000e+02,-4.200000000000000000e+01
1.679988676587576866e+09,1.658400000000000000e+04,5.120000000000000000e+02,-7.840000000000000000e+02,-1.153000000000000000e+03,-6.220000000000000000e+02,-4.200000000000000000e+01
1.679988676588261366e+09,1.658400000000000000e+04,5.120000000000000000e+02,-7.840000000000000000e+02,-1.153000000000000000e+03,-6.220000000000000000e+02,-4.200000000000000000e+01
1.679988676590847254e+09,1.658400000000000000e+04,5.120000000000000000e+02,-7.840000000000000000e+02,-1.153000000000000000e+03,-6.220000000000000000e+02,-4.200000000000000000e+01
1.679988676591541529e+09,1.658400000000000000e+04,5.120000000000000000e+02,-7.840000000000000000e+02,-1.153000000000000000e+03,-6.220000000000000000e+02,-4.200000000000000000e+01
1.679988676594175339e+09,1.658400000000000000e+04,5.120000000000000000e+02,-7.840000000000000000e+02,-1.153000000000000000e+03,-6.220000000000000000e+02,-4.200000000000000000e+01
1.679988676594848871e+09,1.658400000000000000e+04,5.120000000000000000e+02,-7.840000000000000000e+02,-1.153000000000000000e+03,-6.220000000000000000e+02,-4.200000000000000000e+01
1.679988676597478628e+09,1.658400000000000000e+04,5.120000000000000000e+02,-7.840000000000000000e+02,-1.153000000000000000e+03,-6.220000000000000000e+02,-4.200000000000000000e+01
1.679988676598153830e+09,1.658400000000000000e+04,5.120000000000000000e+02,-7.840000000000000000e+02,-1.153000000000000000e+03,-6.220000000000000000e+02,-4.200000000000000000e+01
1.679988676600777388e+09,1.658400000000000000e+04,5.120000000000000000e+02,-7.840000000000000000e+02,-1.153000000000000000e+03,-6.220000000000000000e+02,-4.200000000000000000e+01
1.679988676601453543e+09,1.658400000000000000e+04,5.120000000000000000e+02,-7.840000000000000000e+02,-1.153000000000000000e+03,-6.220000000000000000e+02,-4.200000000000000000e+01
1.679988676604048491e+09,1.658400000000000000e+04,5.120000000000000000e+02,-7.840000000000000000e+02,-1.153000000000000000e+03,-6.220000000000000000e+02,-4.200000000000000000e+01
1.679988676604727745e+09,1.658400000000000000e+04,5.120000000000000000e+02,-7.840000000000000000e+02,-1.153000000000000000e+03,-6.220000000000000000e+02,-4.200000000000000000e+01
1.679988676607388258e+09,1.658400000000000000e+04,5.120000000000000000e+02,-7.840000000000000000e+02,-1.153000000000000000e+03,-6.220000000000000000e+02,-4.200000000000000000e+01
1.679988676608067513e+09,1.658400000000000000e+04,5.120000000000000000e+02,-7.840000000000000000e+02,-1.153000000000000000e+03,-6.220000000000000000e+02,-4.200000000000000000e+01
1.679988676610656738e+09,1.658400000000000000e+04,5.120000000000000000e+02,-7.840000000000000000e+02,-1.153000000000000000e+03,-6.220000000000000000e+02,-4.200000000000000000e+01
1.679988676611334562e+09,1.658400000000000000e+04,5.120000000000000000e+02,-7.840000000000000000e+02,-1.153000000000000000e+03,-6.220000000000000000e+02,-4.200000000000000000e+01
1.679988676613955021e+09,1.658400000000000000e+04,5.120000000000000000e+02,-7.840000000000000000e+02,-1.153000000000000000e+03,-6.220000000000000000e+02,-4.200000000000000000e+01
1.679988676614627838e+09,1.658400000000000000e+04,5.120000000000000000e+02,-7.840000000000000000e+02,-1.153000000000000000e+03,-6.220000000000000000e+02,-4.200000000000000000e+01
1.679988676617271185e+09,1.658400000000000000e+04,5.120000000000000000e+02,-7.840000000000000000e+02,-1.153000000000000000e+03,-6.220000000000000000e+02,-4.200000000000000000e+01
1.679988676617953062e+09,1.658400000000000000e+04,5.120000000000000000e+02,-7.840000000000000000e+02,-1.153000000000000000e+03,-6.220000000000000000e+02,-4.200000000000000000e+01
1.679988676620574236e+09,1.658400000000000000e+04,5.120000000000000000e+02,-7.840000000000000000e+02,-1.153000000000000000e+03,-6.220000000000000000e+02,-4.200000000000000000e+01
1.679988676621245861e+09,1.658400000000000000e+04,5.120000000000000000e+02,-7.840000000000000000e+02,-1.153000000000000000e+03,-6.220000000000000000e+02,-4.200000000000000000e+01
1.679988676623854399e+09,1.658400000000000000e+04,5.120000000000000000e+02,-7.840000000000000000e+02,-1.153000000000000000e+03,-6.220000000000000000e+02,-4.200000000000000000e+01
1.679988676624532700e+09,1.658400000000000000e+04,5.120000000000000000e+02,-7.840000000000000000e+02,-1.153000000000000000e+03,-6.220000000000000000e+02,-4.200000000000000000e+01
1.679988676627196312e+09,1.658400000000000000e+04,5.120000000000000000e+02,-7.840000000000000000e+02,-1.153000000000000000e+03,-6.220000000000000000e+02,-4.200000000000000000e+01
1.679988676627875328e+09,1.658400000000000000e+04,5.120000000000000000e+02,-7.840000000000000000e+02,-1.153000000000000000e+03,-6.220000000000000000e+02,-4.200000000000000000e+01
1.679988676630462170e+09,1.658400000000000000e+04,5.120000000000000000e+02,-7.840000000000000000e+02,-1.153000000000000000e+03,-6.220000000000000000e+02,-4.200000000000000000e+01
1.679988676631148100e+09,1.658400000000000000e+04,5.120000000000000000e+02,-7.840000000000000000e+02,-1.153000000000000000e+03,-6.220000000000000000e+02,-4.200000000000000000e+01
1.679988676633755445e+09,1.658400000000000000e+04,5.120000000000000000e+02,-7.840000000000000000e+02,-1.153000000000000000e+03,-6.220000000000000000e+02,-4.200000000000000000e+01
1.679988676634427547e+09,1.658400000000000000e+04,5.120000000000000000e+02,-7.840000000000000000e+02,-1.153000000000000000e+03,-6.220000000000000000e+02,-4.200000000000000000e+01
1.679988676637051344e+09,1.658400000000000000e+04,5.120000000000000000e+02,-7.840000000000000000e+02,-1.153000000000000000e+03,-6.220000000000000000e+02,-4.200000000000000000e+01
1.679988676637728214e+09,1.658400000000000000e+04,5.120000000000000000e+02,-7.840000000000000000e+02,-1.153000000000000000e+03,-6.220000000000000000e+02,-4.200000000000000000e+01
1.679988676640352249e+09,1.658400000000000000e+04,5.120000000000000000e+02,-7.840000000000000000e+02,-1.153000000000000000e+03,-6.220000000000000000e+02,-4.200000000000000000e+01
1.679988676641023636e+09,1.658400000000000000e+04,5.120000000000000000e+02,-7.840000000000000000e+02,-1.153000000000000000e+03,-6.220000000000000000e+02,-4.200000000000000000e+01
1.679988676643608570e+09,1.658400000000000000e+04,5.120000000000000000e+02,-7.840000000000000000e+02,-1.153000000000000000e+03,-6.220000000000000000e+02,-4.200000000000000000e+01
1.679988676644286156e+09,1.658400000000000000e+04,5.120000000000000000e+02,-7.840000000000000000e+02,-1.153000000000000000e+03,-6.220000000000000000e+02,-4.200000000000000000e+01
1.679988676646925926e+09,1.658400000000000000e+04,5.120000000000000000e+02,-7.840000000000000000e+02,-1.153000000000000000e+03,-6.220000000000000000e+02,-4.200000000000000000e+01
1.679988676647599697e+09,1.658400000000000000e+04,5.120000000000000000e+02,-7.840000000000000000e+02,-1.153000000000000000e+03,-6.220000000000000000e+02,-4.200000000000000000e+01
1.679988676650218964e+09,1.658400000000000000e+04,5.120000000000000000e+02,-7.840000000000000000e+02,-1.153000000000000000e+03,-6.220000000000000000e+02,-4.200000000000000000e+01
1.679988676650894642e+09,1.658400000000000000e+04,5.120000000000000000e+02,-7.840000000000000000e+02,-1.153000000000000000e+03,-6.220000000000000000e+02,-4.200000000000000000e+01
1.679988676653537035e+09,1.658400000000000000e+04,5.120000000000000000e+02,-7.840000000000000000e+02,-1.153000000000000000e+03,-6.220000000000000000e+02,-4.200000000000000000e+01
1.679988676654211521e+09,1.658400000000000000e+04,5.120000000000000000e+02,-7.840000000000000000e+02,-1.153000000000000000e+03,-6.220000000000000000e+02,-4.200000000000000000e+01
1.679988676656824112e+09,1.658400000000000000e+04,5.120000000000000000e+02,-7.840000000000000000e+02,-1.153000000000000000e+03,-6.220000000000000000e+02,-4.200000000000000000e+01
1.679988676657514334e+09,1.658400000000000000e+04,5.120000000000000000e+02,-7.840000000000000000e+02,-1.153000000000000000e+03,-6.220000000000000000e+02,-4.200000000000000000e+01
1.679988676660124302e+09,1.658400000000000000e+04,5.120000000000000000e+02,-7.840000000000000000e+02,-1.153000000000000000e+03,-6.220000000000000000e+02,-4.200000000000000000e+01
1.679988676660795927e+09,1.658400000000000000e+04,5.120000000000000000e+02,-7.840000000000000000e+02,-1.153000000000000000e+03,-6.220000000000000000e+02,-4.200000000000000000e+01
1.679988676663394928e+09,1.658400000000000000e+04,5.120000000000000000e+02,-7.840000000000000000e+02,-1.153000000000000000e+03,-6.220000000000000000e+02,-4.200000000000000000e+01
1.679988676664080858e+09,1.658400000000000000e+04,5.120000000000000000e+02,-7.840000000000000000e+02,-1.153000000000000000e+03,-6.220000000000000000e+02,-4.200000000000000000e+01
1.679988676666728973e+09,1.658400000000000000e+04,5.120000000000000000e+02,-7.840000000000000000e+02,-1.153000000000000000e+03,-6.220000000000000000e+02,-4.200000000000000000e+01
1.679988676667397022e+09,1.658400000000000000e+04,5.120000000000000000e+02,-7.840000000000000000e+02,-1.153000000000000000e+03,-6.220000000000000000e+02,-4.200000000000000000e+01
1.679988676670009613e+09,1.658400000000000000e+04,5.120000000000000000e+02,-7.840000000000000000e+02,-1.153000000000000000e+03,-6.220000000000000000e+02,-4.200000000000000000e+01
1.679988676670686960e+09,1.658400000000000000e+04,5.120000000000000000e+02,-7.840000000000000000e+02,-1.153000000000000000e+03,-6.220000000000000000e+02,-4.200000000000000000e+01
1.679988676673312664e+09,1.658400000000000000e+04,5.120000000000000000e+02,-7.840000000000000000e+02,-1.153000000000000000e+03,-6.220000000000000000e+02,-4.200000000000000000e+01
1.679988676673985004e+09,1.658400000000000000e+04,5.120000000000000000e+02,-7.840000000000000000e+02,-1.153000000000000000e+03,-6.220000000000000000e+02,-4.200000000000000000e+01
1.679988676676604986e+09,1.658400000000000000e+04,5.120000000000000000e+02,-7.840000000000000000e+02,-1.153000000000000000e+03,-6.220000000000000000e+02,-4.200000000000000000e+01
1.679988676677365541e+09,1.658400000000000000e+04,5.120000000000000000e+02,-7.840000000000000000e+02,-1.153000000000000000e+03,-6.220000000000000000e+02,-4.200000000000000000e+01
1.679988676679931164e+09,1.658400000000000000e+04,5.120000000000000000e+02,-7.840000000000000000e+02,-1.153000000000000000e+03,-6.220000000000000000e+02,-4.200000000000000000e+01
1.679988676680613279e+09,1.658400000000000000e+04,5.120000000000000000e+02,-7.840000000000000000e+02,-1.153000000000000000e+03,-6.220000000000000000e+02,-4.200000000000000000e+01
1.679988676683208227e+09,1.658400000000000000e+04,5.120000000000000000e+02,-7.840000000000000000e+02,-1.153000000000000000e+03,-6.220000000000000000e+02,-4.200000000000000000e+01
1.679988676683892012e+09,1.658400000000000000e+04,5.120000000000000000e+02,-7.840000000000000000e+02,-1.153000000000000000e+03,-6.220000000000000000e+02,-4.200000000000000000e+01
1.679988676686519384e+09,1.658400000000000000e+04,5.120000000000000000e+02,-7.840000000000000000e+02,-1.153000000000000000e+03,-6.220000000000000000e+02,-4.200000000000000000e+01
1.679988676687197685e+09,1.658400000000000000e+04,5.120000000000000000e+02,-7.840000000000000000e+02,-1.153000000000000000e+03,-6.220000000000000000e+02,-4.200000000000000000e+01
1.679988676689794779e+09,1.658400000000000000e+04,5.120000000000000000e+02,-7.840000000000000000e+02,-1.153000000000000000e+03,-6.220000000000000000e+02,-4.200000000000000000e+01
1.679988676690486193e+09,1.658400000000000000e+04,5.120000000000000000e+02,-7.840000000000000000e+02,-1.153000000000000000e+03,-6.220000000000000000e+02,-4.200000000000000000e+01
1.679988676693089485e+09,1.658400000000000000e+04,5.120000000000000000e+02,-7.840000000000000000e+02,-1.153000000000000000e+03,-6.220000000000000000e+02,-4.200000000000000000e+01
1.679988676693758965e+09,1.658400000000000000e+04,5.120000000000000000e+02,-7.840000000000000000e+02,-1.153000000000000000e+03,-6.220000000000000000e+02,-4.200000000000000000e+01
1.679988676696391582e+09,1.658400000000000000e+04,5.120000000000000000e+02,-7.840000000000000000e+02,-1.153000000000000000e+03,-6.220000000000000000e+02,-4.200000000000000000e+01
1.679988676697067499e+09,1.658400000000000000e+04,5.120000000000000000e+02,-7.840000000000000000e+02,-1.153000000000000000e+03,-6.220000000000000000e+02,-4.200000000000000000e+01
1.679988676699713707e+09,1.658400000000000000e+04,5.120000000000000000e+02,-7.840000000000000000e+02,-1.153000000000000000e+03,-6.220000000000000000e+02,-4.200000000000000000e+01
1.679988676700386763e+09,1.658400000000000000e+04,5.120000000000000000e+02,-7.840000000000000000e+02,-1.153000000000000000e+03,-6.220000000000000000e+02,-4.200000000000000000e+01
1.679988676702994585e+09,1.658400000000000000e+04,5.120000000000000000e+02,-7.840000000000000000e+02,-1.153000000000000000e+03,-6.220000000000000000e+02,-4.200000000000000000e+01
1.679988676703671217e+09,1.658400000000000000e+04,5.120000000000000000e+02,-7.840000000000000000e+02,-1.153000000000000000e+03,-6.220000000000000000e+02,-4.200000000000000000e+01
1.679988676706339121e+09,1.658400000000000000e+04,5.120000000000000000e+02,-7.840000000000000000e+02,-1.153000000000000000e+03,-6.220000000000000000e+02,-4.200000000000000000e+01
1.679988676707007885e+09,1.658400000000000000e+04,5.120000000000000000e+02,-7.840000000000000000e+02,-1.153000000000000000e+03,-6.220000000000000000e+02,-4.200000000000000000e+01
1.679988676709597588e+09,1.658400000000000000e+04,5.120000000000000000e+02,-7.840000000000000000e+02,-1.153000000000000000e+03,-6.220000000000000000e+02,-4.200000000000000000e+01
1.679988676710269451e+09,1.658400000000000000e+04,5.120000000000000000e+02,-7.840000000000000000e+02,-1.153000000000000000e+03,-6.220000000000000000e+02,-4.200000000000000000e+01
1.679988676712913513e+09,1.658400000000000000e+04,5.120000000000000000e+02,-7.840000000000000000e+02,-1.153000000000000000e+03,-6.220000000000000000e+02,-4.200000000000000000e+01
1.679988676713580847e+09,1.658400000000000000e+04,5.120000000000000000e+02,-7.840000000000000000e+02,-1.153000000000000000e+03,-6.220000000000000000e+02,-4.200000000000000000e+01
1.679988676716218948e+09,1.658400000000000000e+04,5.120000000000000000e+02,-7.840000000000000000e+02,-1.153000000000000000e+03,-6.220000000000000000e+02,-4.200000000000000000e+01
1.679988676716893435e+09,1.658400000000000000e+04,5.120000000000000000e+02,-7.840000000000000000e+02,-1.153000000000000000e+03,-6.220000000000000000e+02,-4.200000000000000000e+01
1.679988676719529629e+09,1.658400000000000000e+04,5.120000000000000000e+02,-7.840000000000000000e+02,-1.153000000000000000e+03,-6.220000000000000000e+02,-4.200000000000000000e+01
1.679988676720208406e+09,1.658400000000000000e+04,5.120000000000000000e+02,-7.840000000000000000e+02,-1.153000000000000000e+03,-6.220000000000000000e+02,-4.200000000000000000e+01
1.679988676722820044e+09,1.658400000000000000e+04,5.120000000000000000e+02,-7.840000000000000000e+02,-1.153000000000000000e+03,-6.220000000000000000e+02,-4.200000000000000000e+01
1.679988676723515034e+09,1.658400000000000000e+04,5.120000000000000000e+02,-7.840000000000000000e+02,-1.153000000000000000e+03,-6.220000000000000000e+02,-4.200000000000000000e+01
1.679988676726203203e+09,1.658400000000000000e+04,5.120000000000000000e+02,-7.840000000000000000e+02,-1.153000000000000000e+03,-6.220000000000000000e+02,-4.200000000000000000e+01
1.679988676726883173e+09,1.658400000000000000e+04,5.120000000000000000e+02,-7.840000000000000000e+02,-1.153000000000000000e+03,-6.220000000000000000e+02,-4.200000000000000000e+01
1.679988676729485273e+09,1.658400000000000000e+04,5.120000000000000000e+02,-7.840000000000000000e+02,-1.153000000000000000e+03,-6.220000000000000000e+02,-4.200000000000000000e+01
1.679988676730176687e+09,1.658400000000000000e+04,5.120000000000000000e+02,-7.840000000000000000e+02,-1.153000000000000000e+03,-6.220000000000000000e+02,-4.200000000000000000e+01
1.679988676732797861e+09,1.658400000000000000e+04,5.120000000000000000e+02,-7.840000000000000000e+02,-1.153000000000000000e+03,-6.220000000000000000e+02,-4.200000000000000000e+01
1.679988676733474016e+09,1.658400000000000000e+04,5.120000000000000000e+02,-7.840000000000000000e+02,-1.153000000000000000e+03,-6.220000000000000000e+02,-4.200000000000000000e+01
1.679988676736128092e+09,1.658400000000000000e+04,5.120000000000000000e+02,-7.840000000000000000e+02,-1.153000000000000000e+03,-6.220000000000000000e+02,-4.200000000000000000e+01
1.679988676736801386e+09,1.658400000000000000e+04,5.120000000000000000e+02,-7.840000000000000000e+02,-1.153000000000000000e+03,-6.220000000000000000e+02,-4.200000000000000000e+01
1.679988676739451170e+09,1.658400000000000000e+04,5.120000000000000000e+02,-7.840000000000000000e+02,-1.153000000000000000e+03,-6.220000000000000000e+02,-4.200000000000000000e+01
1.679988676740134239e+09,1.658400000000000000e+04,5.120000000000000000e+02,-7.840000000000000000e+02,-1.153000000000000000e+03,-6.220000000000000000e+02,-4.200000000000000000e+01
1.679988676742756844e+09,1.658400000000000000e+04,5.120000000000000000e+02,-7.840000000000000000e+02,-1.153000000000000000e+03,-6.220000000000000000e+02,-4.200000000000000000e+01
1.679988676743438005e+09,1.658400000000000000e+04,5.120000000000000000e+02,-7.840000000000000000e+02,-1.153000000000000000e+03,-6.220000000000000000e+02,-4.200000000000000000e+01
1.679988676746112823e+09,1.658400000000000000e+04,5.120000000000000000e+02,-7.840000000000000000e+02,-1.153000000000000000e+03,-6.220000000000000000e+02,-4.200000000000000000e+01
1.679988676746795893e+09,1.658400000000000000e+04,5.120000000000000000e+02,-7.840000000000000000e+02,-1.153000000000000000e+03,-6.220000000000000000e+02,-4.200000000000000000e+01
1.679988676749388456e+09,1.658400000000000000e+04,5.120000000000000000e+02,-7.840000000000000000e+02,-1.153000000000000000e+03,-6.220000000000000000e+02,-4.200000000000000000e+01
1.679988676750067234e+09,1.658400000000000000e+04,5.120000000000000000e+02,-7.840000000000000000e+02,-1.153000000000000000e+03,-6.220000000000000000e+02,-4.200000000000000000e+01
1.679988676752709150e+09,1.658400000000000000e+04,5.120000000000000000e+02,-7.840000000000000000e+02,-1.153000000000000000e+03,-6.220000000000000000e+02,-4.200000000000000000e+01
1.679988676753396749e+09,1.658400000000000000e+04,5.120000000000000000e+02,-7.840000000000000000e+02,-1.153000000000000000e+03,-6.220000000000000000e+02,-4.200000000000000000e+01
1.679988676756036282e+09,1.658400000000000000e+04,5.120000000000000000e+02,-7.840000000000000000e+02,-1.153000000000000000e+03,-6.220000000000000000e+02,-4.200000000000000000e+01
1.679988676756714821e+09,1.658400000000000000e+04,5.120000000000000000e+02,-7.840000000000000000e+02,-1.153000000000000000e+03,-6.220000000000000000e+02,-4.200000000000000000e+01
1.679988676759351015e+09,1.658400000000000000e+04,5.120000000000000000e+02,-7.840000000000000000e+02,-1.153000000000000000e+03,-6.220000000000000000e+02,-4.200000000000000000e+01
1.679988676760040283e+09,1.658400000000000000e+04,5.120000000000000000e+02,-7.840000000000000000e+02,-1.153000000000000000e+03,-6.220000000000000000e+02,-4.200000000000000000e+01
1.679988676762635708e+09,1.658400000000000000e+04,5.120000000000000000e+02,-7.840000000000000000e+02,-1.153000000000000000e+03,-6.220000000000000000e+02,-4.200000000000000000e+01
1.679988676763335228e+09,1.658400000000000000e+04,5.120000000000000000e+02,-7.840000000000000000e+02,-1.153000000000000000e+03,-6.220000000000000000e+02,-4.200000000000000000e+01
1.679988676765976429e+09,1.658400000000000000e+04,5.120000000000000000e+02,-7.840000000000000000e+02,-1.153000000000000000e+03,-6.220000000000000000e+02,-4.200000000000000000e+01
1.679988676766664267e+09,1.658400000000000000e+04,5.120000000000000000e+02,-7.840000000000000000e+02,-1.153000000000000000e+03,-6.220000000000000000e+02,-4.200000000000000000e+01
1.679988676769263029e+09,1.658400000000000000e+04,5.120000000000000000e+02,-7.840000000000000000e+02,-1.153000000000000000e+03,-6.220000000000000000e+02,-4.200000000000000000e+01
1.679988676769950151e+09,1.658400000000000000e+04,5.120000000000000000e+02,-7.840000000000000000e+02,-1.153000000000000000e+03,-6.220000000000000000e+02,-4.200000000000000000e+01
1.679988676772603273e+09,1.658400000000000000e+04,5.120000000000000000e+02,-7.840000000000000000e+02,-1.153000000000000000e+03,-6.220000000000000000e+02,-4.200000000000000000e+01
1.679988676773293018e+09,1.658400000000000000e+04,5.120000000000000000e+02,-7.840000000000000000e+02,-1.153000000000000000e+03,-6.220000000000000000e+02,-4.200000000000000000e+01
1.679988676775905609e+09,1.658400000000000000e+04,5.120000000000000000e+02,-7.840000000000000000e+02,-1.153000000000000000e+03,-6.220000000000000000e+02,-4.200000000000000000e+01
1.679988676776594639e+09,1.658400000000000000e+04,5.120000000000000000e+02,-7.840000000000000000e+02,-1.153000000000000000e+03,-6.220000000000000000e+02,-4.200000000000000000e+01
1.679988676779236317e+09,1.658400000000000000e+04,5.120000000000000000e+02,-7.840000000000000000e+02,-1.153000000000000000e+03,-6.220000000000000000e+02,-4.200000000000000000e+01
1.679988676779921770e+09,1.658400000000000000e+04,5.120000000000000000e+02,-7.840000000000000000e+02,-1.153000000000000000e+03,-6.220000000000000000e+02,-4.200000000000000000e+01
1.679988676782537460e+09,1.658400000000000000e+04,5.120000000000000000e+02,-7.840000000000000000e+02,-1.153000000000000000e+03,-6.220000000000000000e+02,-4.200000000000000000e+01
1.679988676783221006e+09,1.658400000000000000e+04,5.120000000000000000e+02,-7.840000000000000000e+02,-1.153000000000000000e+03,-6.220000000000000000e+02,-4.200000000000000000e+01
1.679988676785883904e+09,1.658400000000000000e+04,5.120000000000000000e+02,-7.840000000000000000e+02,-1.153000000000000000e+03,-6.220000000000000000e+02,-4.200000000000000000e+01
1.679988676786571741e+09,1.658400000000000000e+04,5.120000000000000000e+02,-7.840000000000000000e+02,-1.153000000000000000e+03,-6.220000000000000000e+02,-4.200000000000000000e+01
1.679988676789165735e+09,1.658400000000000000e+04,5.120000000000000000e+02,-7.840000000000000000e+02,-1.153000000000000000e+03,-6.220000000000000000e+02,-4.200000000000000000e+01
1.679988676789852142e+09,1.658400000000000000e+04,5.120000000000000000e+02,-7.840000000000000000e+02,-1.153000000000000000e+03,-6.220000000000000000e+02,-4.200000000000000000e+01
1.679988676792507648e+09,1.658400000000000000e+04,5.120000000000000000e+02,-7.840000000000000000e+02,-1.153000000000000000e+03,-6.220000000000000000e+02,-4.200000000000000000e+01
1.679988676793190479e+09,1.658400000000000000e+04,5.120000000000000000e+02,-7.840000000000000000e+02,-1.153000000000000000e+03,-6.220000000000000000e+02,-4.200000000000000000e+01
1.679988676795827389e+09,1.658400000000000000e+04,5.120000000000000000e+02,-7.840000000000000000e+02,-1.153000000000000000e+03,-6.220000000000000000e+02,-4.200000000000000000e+01
1.679988676796508789e+09,1.658400000000000000e+04,5.120000000000000000e+02,-7.840000000000000000e+02,-1.153000000000000000e+03,-6.220000000000000000e+02,-4.200000000000000000e+01
1.679988676799153805e+09,1.658400000000000000e+04,5.120000000000000000e+02,-7.840000000000000000e+02,-1.153000000000000000e+03,-6.220000000000000000e+02,-4.200000000000000000e+01
1.679988676799845695e+09,1.658400000000000000e+04,5.120000000000000000e+02,-7.840000000000000000e+02,-1.153000000000000000e+03,-6.220000000000000000e+02,-4.200000000000000000e+01
1.679988676802367687e+09,1.658400000000000000e+04,5.120000000000000000e+02,-7.840000000000000000e+02,-1.153000000000000000e+03,-6.220000000000000000e+02,-4.200000000000000000e+01
1.679988676803052187e+09,1.658400000000000000e+04,5.120000000000000000e+02,-7.840000000000000000e+02,-1.153000000000000000e+03,-6.220000000000000000e+02,-4.200000000000000000e+01
1.679988676805910587e+09,1.658400000000000000e+04,5.120000000000000000e+02,-7.840000000000000000e+02,-1.153000000000000000e+03,-6.220000000000000000e+02,-4.200000000000000000e+01
1.679988676806580782e+09,1.658400000000000000e+04,5.120000000000000000e+02,-7.840000000000000000e+02,-1.153000000000000000e+03,-6.220000000000000000e+02,-4.200000000000000000e+01
1.679988676809178114e+09,1.658400000000000000e+04,5.120000000000000000e+02,-7.840000000000000000e+02,-1.153000000000000000e+03,-6.220000000000000000e+02,-4.200000000000000000e+01
1.679988676809869528e+09,1.658400000000000000e+04,5.120000000000000000e+02,-7.840000000000000000e+02,-1.153000000000000000e+03,-6.220000000000000000e+02,-4.200000000000000000e+01
1.679988676812514544e+09,1.658400000000000000e+04,5.120000000000000000e+02,-7.840000000000000000e+02,-1.153000000000000000e+03,-6.220000000000000000e+02,-4.200000000000000000e+01
1.679988676813205719e+09,1.658400000000000000e+04,5.120000000000000000e+02,-7.840000000000000000e+02,-1.153000000000000000e+03,-6.220000000000000000e+02,-4.200000000000000000e+01
1.679988676815777779e+09,1.658400000000000000e+04,5.120000000000000000e+02,-7.840000000000000000e+02,-1.153000000000000000e+03,-6.220000000000000000e+02,-4.200000000000000000e+01
1.679988676816461802e+09,1.658400000000000000e+04,5.120000000000000000e+02,-7.840000000000000000e+02,-1.153000000000000000e+03,-6.220000000000000000e+02,-4.200000000000000000e+01
1.679988676819270372e+09,1.658400000000000000e+04,5.120000000000000000e+02,-7.840000000000000000e+02,-1.153000000000000000e+03,-6.220000000000000000e+02,-4.200000000000000000e+01
1.679988676819949389e+09,1.658400000000000000e+04,5.120000000000000000e+02,-7.840000000000000000e+02,-1.153000000000000000e+03,-6.220000000000000000e+02,-4.200000000000000000e+01
1.679988676822568417e+09,1.658400000000000000e+04,5.120000000000000000e+02,-7.840000000000000000e+02,-1.153000000000000000e+03,-6.220000000000000000e+02,-4.200000000000000000e+01
1.679988676823257685e+09,1.658400000000000000e+04,5.120000000000000000e+02,-7.840000000000000000e+02,-1.153000000000000000e+03,-6.220000000000000000e+02,-4.200000000000000000e+01
1.679988676825933218e+09,1.658400000000000000e+04,5.120000000000000000e+02,-7.840000000000000000e+02,-1.153000000000000000e+03,-6.220000000000000000e+02,-4.200000000000000000e+01
1.679988676826617002e+09,1.658400000000000000e+04,5.120000000000000000e+02,-7.840000000000000000e+02,-1.153000000000000000e+03,-6.220000000000000000e+02,-4.200000000000000000e+01
1.679988676829241753e+09,1.658400000000000000e+04,5.120000000000000000e+02,-7.840000000000000000e+02,-1.153000000000000000e+03,-6.220000000000000000e+02,-4.200000000000000000e+01
1.679988676829920530e+09,1.658400000000000000e+04,5.120000000000000000e+02,-7.840000000000000000e+02,-1.153000000000000000e+03,-6.220000000000000000e+02,-4.200000000000000000e+01
1.679988676832546473e+09,1.658400000000000000e+04,5.120000000000000000e+02,-7.840000000000000000e+02,-1.153000000000000000e+03,-6.220000000000000000e+02,-4.200000000000000000e+01
1.679988676833226681e+09,1.658400000000000000e+04,5.120000000000000000e+02,-7.840000000000000000e+02,-1.153000000000000000e+03,-6.220000000000000000e+02,-4.200000000000000000e+01
1.679988676835869789e+09,1.658400000000000000e+04,5.120000000000000000e+02,-7.840000000000000000e+02,-1.153000000000000000e+03,-6.220000000000000000e+02,-4.200000000000000000e+01
1.679988676836565018e+09,1.658400000000000000e+04,5.120000000000000000e+02,-7.840000000000000000e+02,-1.153000000000000000e+03,-6.220000000000000000e+02,-4.200000000000000000e+01
1.679988676839200020e+09,1.658400000000000000e+04,5.120000000000000000e+02,-7.840000000000000000e+02,-1.153000000000000000e+03,-6.220000000000000000e+02,-4.200000000000000000e+01
1.679988676839882851e+09,1.658400000000000000e+04,5.120000000000000000e+02,-7.840000000000000000e+02,-1.153000000000000000e+03,-6.220000000000000000e+02,-4.200000000000000000e+01
1.679988676842512369e+09,1.658400000000000000e+04,5.120000000000000000e+02,-7.840000000000000000e+02,-1.153000000000000000e+03,-6.220000000000000000e+02,-4.200000000000000000e+01
1.679988676843196869e+09,1.658400000000000000e+04,5.120000000000000000e+02,-7.840000000000000000e+02,-1.153000000000000000e+03,-6.220000000000000000e+02,-4.200000000000000000e+01
1.679988676845857859e+09,1.658400000000000000e+04,5.120000000000000000e+02,-7.840000000000000000e+02,-1.153000000000000000e+03,-6.220000000000000000e+02,-4.200000000000000000e+01
1.679988676846539021e+09,1.658400000000000000e+04,5.120000000000000000e+02,-7.840000000000000000e+02,-1.153000000000000000e+03,-6.220000000000000000e+02,-4.200000000000000000e+01
1.679988676849150419e+09,1.658400000000000000e+04,5.120000000000000000e+02,-7.840000000000000000e+02,-1.153000000000000000e+03,-6.220000000000000000e+02,-4.200000000000000000e+01
1.679988676849828720e+09,1.658400000000000000e+04,5.120000000000000000e+02,-7.840000000000000000e+02,-1.153000000000000000e+03,-6.220000000000000000e+02,-4.200000000000000000e+01
1.679988676852482557e+09,1.658400000000000000e+04,5.120000000000000000e+02,-7.840000000000000000e+02,-1.153000000000000000e+03,-6.220000000000000000e+02,-4.200000000000000000e+01
1.679988676853167534e+09,1.658400000000000000e+04,5.120000000000000000e+02,-7.840000000000000000e+02,-1.153000000000000000e+03,-6.220000000000000000e+02,-4.200000000000000000e+01
1.679988676855803251e+09,1.658400000000000000e+04,5.120000000000000000e+02,-7.840000000000000000e+02,-1.153000000000000000e+03,-6.220000000000000000e+02,-4.200000000000000000e+01
1.679988676856490612e+09,1.658400000000000000e+04,5.120000000000000000e+02,-7.840000000000000000e+02,-1.153000000000000000e+03,-6.220000000000000000e+02,-4.200000000000000000e+01
1.679988676859140635e+09,1.658400000000000000e+04,5.120000000000000000e+02,-7.840000000000000000e+02,-1.153000000000000000e+03,-6.220000000000000000e+02,-4.200000000000000000e+01
1.679988676859822273e+09,1.658400000000000000e+04,5.120000000000000000e+02,-7.840000000000000000e+02,-1.153000000000000000e+03,-6.220000000000000000e+02,-4.200000000000000000e+01
1.679988676862440348e+09,1.658400000000000000e+04,5.120000000000000000e+02,-7.840000000000000000e+02,-1.153000000000000000e+03,-6.220000000000000000e+02,-4.200000000000000000e+01
1.679988676863135338e+09,1.658400000000000000e+04,5.120000000000000000e+02,-7.840000000000000000e+02,-1.153000000000000000e+03,-6.220000000000000000e+02,-4.200000000000000000e+01
1.679988676865799904e+09,1.658400000000000000e+04,5.120000000000000000e+02,-7.840000000000000000e+02,-1.153000000000000000e+03,-6.220000000000000000e+02,-4.200000000000000000e+01
1.679988676866491556e+09,1.658400000000000000e+04,5.120000000000000000e+02,-7.840000000000000000e+02,-1.153000000000000000e+03,-6.220000000000000000e+02,-4.200000000000000000e+01
1.679988676869080305e+09,1.658400000000000000e+04,5.120000000000000000e+02,-7.840000000000000000e+02,-1.153000000000000000e+03,-6.220000000000000000e+02,-4.200000000000000000e+01
1.679988676869776726e+09,1.658400000000000000e+04,5.120000000000000000e+02,-7.840000000000000000e+02,-1.153000000000000000e+03,-6.220000000000000000e+02,-4.200000000000000000e+01
1.679988676872326851e+09,1.658400000000000000e+04,5.120000000000000000e+02,-7.840000000000000000e+02,-1.153000000000000000e+03,-6.220000000000000000e+02,-4.200000000000000000e+01
1.679988676873013258e+09,1.658400000000000000e+04,5.120000000000000000e+02,-7.840000000000000000e+02,-1.153000000000000000e+03,-6.220000000000000000e+02,-4.200000000000000000e+01
1.679988676875884295e+09,1.658400000000000000e+04,5.120000000000000000e+02,-7.840000000000000000e+02,-1.153000000000000000e+03,-6.220000000000000000e+02,-4.200000000000000000e+01
1.679988676876524448e+09,1.658400000000000000e+04,5.120000000000000000e+02,-7.840000000000000000e+02,-1.153000000000000000e+03,-6.220000000000000000e+02,-4.200000000000000000e+01
1.679988676879175901e+09,1.658400000000000000e+04,5.120000000000000000e+02,-7.840000000000000000e+02,-1.153000000000000000e+03,-6.220000000000000000e+02,-4.200000000000000000e+01
1.679988676879860401e+09,1.658400000000000000e+04,5.120000000000000000e+02,-7.840000000000000000e+02,-1.153000000000000000e+03,-6.220000000000000000e+02,-4.200000000000000000e+01
1.679988676882503986e+09,1.658400000000000000e+04,5.120000000000000000e+02,-7.840000000000000000e+02,-1.153000000000000000e+03,-6.220000000000000000e+02,-4.200000000000000000e+01
1.679988676883198023e+09,1.658400000000000000e+04,5.120000000000000000e+02,-7.840000000000000000e+02,-1.153000000000000000e+03,-6.220000000000000000e+02,-4.200000000000000000e+01
1.679988676885870218e+09,1.658400000000000000e+04,5.120000000000000000e+02,-7.840000000000000000e+02,-1.153000000000000000e+03,-6.220000000000000000e+02,-4.200000000000000000e+01
1.679988676886550426e+09,1.658400000000000000e+04,5.120000000000000000e+02,-7.840000000000000000e+02,-1.153000000000000000e+03,-6.220000000000000000e+02,-4.200000000000000000e+01
1.679988676889172792e+09,1.658400000000000000e+04,5.120000000000000000e+02,-7.840000000000000000e+02,-1.153000000000000000e+03,-6.220000000000000000e+02,-4.200000000000000000e+01
1.679988676889864683e+09,1.658400000000000000e+04,5.120000000000000000e+02,-7.840000000000000000e+02,-1.153000000000000000e+03,-6.220000000000000000e+02,-4.200000000000000000e+01
1.679988676892480373e+09,1.658400000000000000e+04,5.120000000000000000e+02,-7.840000000000000000e+02,-1.153000000000000000e+03,-6.220000000000000000e+02,-4.200000000000000000e+01
1.679988676893174171e+09,1.658400000000000000e+04,5.120000000000000000e+02,-7.840000000000000000e+02,-1.153000000000000000e+03,-6.220000000000000000e+02,-4.200000000000000000e+01
1.679988676895817280e+09,1.658400000000000000e+04,5.120000000000000000e+02,-7.840000000000000000e+02,-1.153000000000000000e+03,-6.220000000000000000e+02,-4.200000000000000000e+01
1.679988676896507025e+09,1.658400000000000000e+04,5.120000000000000000e+02,-7.840000000000000000e+02,-1.153000000000000000e+03,-6.220000000000000000e+02,-4.200000000000000000e+01
1.679988676899152756e+09,1.658400000000000000e+04,5.120000000000000000e+02,-7.840000000000000000e+02,-1.153000000000000000e+03,-6.220000000000000000e+02,-4.200000000000000000e+01
1.679988676899849415e+09,1.658400000000000000e+04,5.120000000000000000e+02,-7.840000000000000000e+02,-1.153000000000000000e+03,-6.220000000000000000e+02,-4.200000000000000000e+01
1.679988676902467728e+09,1.658400000000000000e+04,5.120000000000000000e+02,-7.840000000000000000e+02,-1.153000000000000000e+03,-6.220000000000000000e+02,-4.200000000000000000e+01
1.679988676903157473e+09,1.658400000000000000e+04,5.120000000000000000e+02,-7.840000000000000000e+02,-1.153000000000000000e+03,-6.220000000000000000e+02,-4.200000000000000000e+01
1.679988676905819654e+09,1.658400000000000000e+04,5.120000000000000000e+02,-7.840000000000000000e+02,-1.153000000000000000e+03,-6.220000000000000000e+02,-4.200000000000000000e+01
1.679988676906505823e+09,1.658400000000000000e+04,5.120000000000000000e+02,-7.840000000000000000e+02,-1.153000000000000000e+03,-6.220000000000000000e+02,-4.200000000000000000e+01
1.679988676909201860e+09,1.658400000000000000e+04,5.120000000000000000e+02,-7.840000000000000000e+02,-1.153000000000000000e+03,-6.220000000000000000e+02,-4.200000000000000000e+01
1.679988676909875393e+09,1.658400000000000000e+04,5.120000000000000000e+02,-7.840000000000000000e+02,-1.153000000000000000e+03,-6.220000000000000000e+02,-4.200000000000000000e+01
1.679988676912525415e+09,1.658400000000000000e+04,5.120000000000000000e+02,-7.840000000000000000e+02,-1.153000000000000000e+03,-6.220000000000000000e+02,-4.200000000000000000e+01
1.679988676913214207e+09,1.658400000000000000e+04,5.120000000000000000e+02,-7.840000000000000000e+02,-1.153000000000000000e+03,-6.220000000000000000e+02,-4.200000000000000000e+01
1.679988676915868759e+09,1.658400000000000000e+04,5.120000000000000000e+02,-7.840000000000000000e+02,-1.153000000000000000e+03,-6.220000000000000000e+02,-4.200000000000000000e+01
1.679988676916559458e+09,1.658400000000000000e+04,5.120000000000000000e+02,-7.840000000000000000e+02,-1.153000000000000000e+03,-6.220000000000000000e+02,-4.200000000000000000e+01
1.679988676919239283e+09,1.658400000000000000e+04,5.120000000000000000e+02,-7.840000000000000000e+02,-1.153000000000000000e+03,-6.220000000000000000e+02,-4.200000000000000000e+01
1.679988676919918299e+09,1.658400000000000000e+04,5.120000000000000000e+02,-7.840000000000000000e+02,-1.153000000000000000e+03,-6.220000000000000000e+02,-4.200000000000000000e+01
1.679988676922546625e+09,1.658400000000000000e+04,5.120000000000000000e+02,-7.840000000000000000e+02,-1.153000000000000000e+03,-6.220000000000000000e+02,-4.200000000000000000e+01
1.679988676923234463e+09,1.658400000000000000e+04,5.120000000000000000e+02,-7.840000000000000000e+02,-1.153000000000000000e+03,-6.220000000000000000e+02,-4.200000000000000000e+01
1.679988676925904751e+09,1.658400000000000000e+04,5.120000000000000000e+02,-7.840000000000000000e+02,-1.153000000000000000e+03,-6.220000000000000000e+02,-4.200000000000000000e+01
1.679988676926590443e+09,1.658400000000000000e+04,5.120000000000000000e+02,-7.840000000000000000e+02,-1.153000000000000000e+03,-6.220000000000000000e+02,-4.200000000000000000e+01
1.679988676929202080e+09,1.658400000000000000e+04,5.120000000000000000e+02,-7.840000000000000000e+02,-1.153000000000000000e+03,-6.220000000000000000e+02,-4.200000000000000000e+01
1.679988676929908991e+09,1.658400000000000000e+04,5.120000000000000000e+02,-7.840000000000000000e+02,-1.153000000000000000e+03,-6.220000000000000000e+02,-4.200000000000000000e+01
1.679988676932530165e+09,1.658400000000000000e+04,5.120000000000000000e+02,-7.840000000000000000e+02,-1.153000000000000000e+03,-6.220000000000000000e+02,-4.200000000000000000e+01
1.679988676933227777e+09,1.658400000000000000e+04,5.120000000000000000e+02,-7.840000000000000000e+02,-1.153000000000000000e+03,-6.220000000000000000e+02,-4.200000000000000000e+01
1.679988676935873747e+09,1.658400000000000000e+04,5.120000000000000000e+02,-7.840000000000000000e+02,-1.153000000000000000e+03,-6.220000000000000000e+02,-4.200000000000000000e+01
1.679988676936569452e+09,1.658400000000000000e+04,5.120000000000000000e+02,-7.840000000000000000e+02,-1.153000000000000000e+03,-6.220000000000000000e+02,-4.200000000000000000e+01
1.679988676939223289e+09,1.658400000000000000e+04,5.120000000000000000e+02,-7.840000000000000000e+02,-1.153000000000000000e+03,-6.220000000000000000e+02,-4.200000000000000000e+01
1.679988676940037727e+09,1.658400000000000000e+04,5.120000000000000000e+02,-7.840000000000000000e+02,-1.153000000000000000e+03,-6.220000000000000000e+02,-4.200000000000000000e+01
1.679988676942697287e+09,1.658400000000000000e+04,5.120000000000000000e+02,-7.840000000000000000e+02,-1.153000000000000000e+03,-6.220000000000000000e+02,-4.200000000000000000e+01
1.679988676943383217e+09,1.658400000000000000e+04,5.120000000000000000e+02,-7.840000000000000000e+02,-1.153000000000000000e+03,-6.220000000000000000e+02,-4.200000000000000000e+01
1.679988676946000576e+09,1.658400000000000000e+04,5.120000000000000000e+02,-7.840000000000000000e+02,-1.153000000000000000e+03,-6.220000000000000000e+02,-4.200000000000000000e+01
1.679988676946679592e+09,1.658400000000000000e+04,5.120000000000000000e+02,-7.840000000000000000e+02,-1.153000000000000000e+03,-6.220000000000000000e+02,-4.200000000000000000e+01
1.679988676949470043e+09,1.658400000000000000e+04,5.120000000000000000e+02,-7.840000000000000000e+02,-1.153000000000000000e+03,-6.220000000000000000e+02,-4.200000000000000000e+01
1.679988676950149775e+09,1.658400000000000000e+04,5.120000000000000000e+02,-7.840000000000000000e+02,-1.153000000000000000e+03,-6.220000000000000000e+02,-4.200000000000000000e+01
1.679988676952794552e+09,1.658400000000000000e+04,5.120000000000000000e+02,-7.840000000000000000e+02,-1.153000000000000000e+03,-6.220000000000000000e+02,-4.200000000000000000e+01
1.679988676953485489e+09,1.658400000000000000e+04,5.120000000000000000e+02,-7.840000000000000000e+02,-1.153000000000000000e+03,-6.220000000000000000e+02,-4.200000000000000000e+01
1.679988676955945015e+09,1.658400000000000000e+04,5.120000000000000000e+02,-7.840000000000000000e+02,-1.153000000000000000e+03,-6.220000000000000000e+02,-4.200000000000000000e+01
1.679988676957118273e+09,1.658400000000000000e+04,5.120000000000000000e+02,-7.840000000000000000e+02,-1.153000000000000000e+03,-6.220000000000000000e+02,-4.200000000000000000e+01
1.679988676959737539e+09,1.658400000000000000e+04,5.120000000000000000e+02,-7.840000000000000000e+02,-1.153000000000000000e+03,-6.220000000000000000e+02,-4.200000000000000000e+01
1.679988676961044788e+09,1.658400000000000000e+04,5.120000000000000000e+02,-7.840000000000000000e+02,-1.153000000000000000e+03,-6.220000000000000000e+02,-4.200000000000000000e+01
1.679988676963641644e+09,1.658400000000000000e+04,5.120000000000000000e+02,-7.840000000000000000e+02,-1.153000000000000000e+03,-6.220000000000000000e+02,-4.200000000000000000e+01
1.679988676964799166e+09,1.658400000000000000e+04,5.120000000000000000e+02,-7.840000000000000000e+02,-1.153000000000000000e+03,-6.220000000000000000e+02,-4.200000000000000000e+01
1.679988676967106342e+09,1.658400000000000000e+04,5.120000000000000000e+02,-7.840000000000000000e+02,-1.153000000000000000e+03,-6.220000000000000000e+02,-4.200000000000000000e+01
1.679988676968276501e+09,1.658400000000000000e+04,5.120000000000000000e+02,-7.840000000000000000e+02,-1.153000000000000000e+03,-6.220000000000000000e+02,-4.200000000000000000e+01
1.679988676970535755e+09,1.658400000000000000e+04,5.120000000000000000e+02,-7.840000000000000000e+02,-1.153000000000000000e+03,-6.220000000000000000e+02,-4.200000000000000000e+01
1.679988676971709490e+09,1.658400000000000000e+04,5.120000000000000000e+02,-7.840000000000000000e+02,-1.153000000000000000e+03,-6.220000000000000000e+02,-4.200000000000000000e+01
1.679988676974008560e+09,1.658400000000000000e+04,5.120000000000000000e+02,-7.840000000000000000e+02,-1.153000000000000000e+03,-6.220000000000000000e+02,-4.200000000000000000e+01
1.679988676975115538e+09,1.658400000000000000e+04,5.120000000000000000e+02,-7.840000000000000000e+02,-1.153000000000000000e+03,-6.220000000000000000e+02,-4.200000000000000000e+01
1.679988676977408171e+09,1.658400000000000000e+04,5.120000000000000000e+02,-7.840000000000000000e+02,-1.153000000000000000e+03,-6.220000000000000000e+02,-4.200000000000000000e+01
1.679988676978534937e+09,1.658400000000000000e+04,5.120000000000000000e+02,-7.840000000000000000e+02,-1.153000000000000000e+03,-6.220000000000000000e+02,-4.200000000000000000e+01
1.679988676980871916e+09,1.658400000000000000e+04,5.120000000000000000e+02,-7.840000000000000000e+02,-1.153000000000000000e+03,-6.220000000000000000e+02,-4.200000000000000000e+01
1.679988676982039213e+09,1.658400000000000000e+04,5.120000000000000000e+02,-7.840000000000000000e+02,-1.153000000000000000e+03,-6.220000000000000000e+02,-4.200000000000000000e+01
1.679988676984318972e+09,1.658400000000000000e+04,5.120000000000000000e+02,-7.840000000000000000e+02,-1.153000000000000000e+03,-6.220000000000000000e+02,-4.200000000000000000e+01
1.679988676985392809e+09,1.658400000000000000e+04,5.120000000000000000e+02,-7.840000000000000000e+02,-1.153000000000000000e+03,-6.220000000000000000e+02,-4.200000000000000000e+01
1.679988676987669706e+09,1.658400000000000000e+04,5.120000000000000000e+02,-7.840000000000000000e+02,-1.153000000000000000e+03,-6.220000000000000000e+02,-4.200000000000000000e+01
1.679988676988849163e+09,1.658400000000000000e+04,5.120000000000000000e+02,-7.840000000000000000e+02,-1.153000000000000000e+03,-6.220000000000000000e+02,-4.200000000000000000e+01
1.679988676991142988e+09,1.658400000000000000e+04,5.120000000000000000e+02,-7.840000000000000000e+02,-1.153000000000000000e+03,-6.220000000000000000e+02,-4.200000000000000000e+01
1.679988676992256880e+09,1.658400000000000000e+04,5.120000000000000000e+02,-7.840000000000000000e+02,-1.153000000000000000e+03,-6.220000000000000000e+02,-4.200000000000000000e+01
1.679988676994517803e+09,1.658400000000000000e+04,5.120000000000000000e+02,-7.840000000000000000e+02,-1.153000000000000000e+03,-6.220000000000000000e+02,-4.200000000000000000e+01
1.679988676995689869e+09,1.658400000000000000e+04,5.120000000000000000e+02,-7.840000000000000000e+02,-1.153000000000000000e+03,-6.220000000000000000e+02,-4.200000000000000000e+01
1.679988676998038054e+09,1.658400000000000000e+04,5.120000000000000000e+02,-7.840000000000000000e+02,-1.153000000000000000e+03,-6.220000000000000000e+02,-4.200000000000000000e+01
1.679988676999189854e+09,1.658400000000000000e+04,5.120000000000000000e+02,-7.840000000000000000e+02,-1.153000000000000000e+03,-6.220000000000000000e+02,-4.200000000000000000e+01
1.679988677001509190e+09,1.658400000000000000e+04,5.120000000000000000e+02,-7.840000000000000000e+02,-1.153000000000000000e+03,-6.220000000000000000e+02,-4.200000000000000000e+01
1.679988677002566576e+09,1.658400000000000000e+04,5.120000000000000000e+02,-7.840000000000000000e+02,-1.153000000000000000e+03,-6.220000000000000000e+02,-4.200000000000000000e+01
1.679988677004853010e+09,1.658400000000000000e+04,5.120000000000000000e+02,-7.840000000000000000e+02,-1.153000000000000000e+03,-6.220000000000000000e+02,-4.200000000000000000e+01
1.679988677005988598e+09,1.658400000000000000e+04,5.120000000000000000e+02,-7.840000000000000000e+02,-1.153000000000000000e+03,-6.220000000000000000e+02,-4.200000000000000000e+01
1.679988677008317709e+09,1.658400000000000000e+04,5.120000000000000000e+02,-7.840000000000000000e+02,-1.153000000000000000e+03,-6.220000000000000000e+02,-4.200000000000000000e+01
1.679988677009430647e+09,1.658400000000000000e+04,5.120000000000000000e+02,-7.840000000000000000e+02,-1.153000000000000000e+03,-6.220000000000000000e+02,-4.200000000000000000e+01
1.679988677011710167e+09,1.658400000000000000e+04,5.120000000000000000e+02,-7.840000000000000000e+02,-1.153000000000000000e+03,-6.220000000000000000e+02,-4.200000000000000000e+01
1.679988677012809992e+09,1.658400000000000000e+04,5.120000000000000000e+02,-7.840000000000000000e+02,-1.153000000000000000e+03,-6.220000000000000000e+02,-4.200000000000000000e+01
1.679988677015174389e+09,1.658400000000000000e+04,5.120000000000000000e+02,-7.840000000000000000e+02,-1.153000000000000000e+03,-6.220000000000000000e+02,-4.200000000000000000e+01
1.679988677016496181e+09,1.658400000000000000e+04,5.120000000000000000e+02,-7.840000000000000000e+02,-1.153000000000000000e+03,-6.220000000000000000e+02,-4.200000000000000000e+01
1.679988677019576550e+09,1.658400000000000000e+04,5.120000000000000000e+02,-7.840000000000000000e+02,-1.153000000000000000e+03,-6.220000000000000000e+02,-4.200000000000000000e+01
1.679988677020223856e+09,1.658400000000000000e+04,5.120000000000000000e+02,-7.840000000000000000e+02,-1.153000000000000000e+03,-6.220000000000000000e+02,-4.200000000000000000e+01
1.679988677022866488e+09,1.658400000000000000e+04,5.120000000000000000e+02,-7.840000000000000000e+02,-1.153000000000000000e+03,-6.220000000000000000e+02,-4.200000000000000000e+01
1.679988677023686409e+09,1.658400000000000000e+04,5.120000000000000000e+02,-7.840000000000000000e+02,-1.153000000000000000e+03,-6.220000000000000000e+02,-4.200000000000000000e+01
1.679988677026286840e+09,1.658400000000000000e+04,5.120000000000000000e+02,-7.840000000000000000e+02,-1.153000000000000000e+03,-6.220000000000000000e+02,-4.200000000000000000e+01
1.679988677026977539e+09,1.658400000000000000e+04,5.120000000000000000e+02,-7.840000000000000000e+02,-1.153000000000000000e+03,-6.220000000000000000e+02,-4.200000000000000000e+01
1.679988677029649973e+09,1.658400000000000000e+04,5.120000000000000000e+02,-7.840000000000000000e+02,-1.153000000000000000e+03,-6.220000000000000000e+02,-4.200000000000000000e+01
1.679988677030344486e+09,1.658400000000000000e+04,5.120000000000000000e+02,-7.840000000000000000e+02,-1.153000000000000000e+03,-6.220000000000000000e+02,-4.200000000000000000e+01
1.679988677033019304e+09,1.658400000000000000e+04,5.120000000000000000e+02,-7.840000000000000000e+02,-1.153000000000000000e+03,-6.220000000000000000e+02,-4.200000000000000000e+01
1.679988677033690929e+09,1.658400000000000000e+04,5.120000000000000000e+02,-7.840000000000000000e+02,-1.153000000000000000e+03,-6.220000000000000000e+02,-4.200000000000000000e+01
1.679988677036384821e+09,1.658400000000000000e+04,5.120000000000000000e+02,-7.840000000000000000e+02,-1.153000000000000000e+03,-6.220000000000000000e+02,-4.200000000000000000e+01
1.679988677037082911e+09,1.658400000000000000e+04,5.120000000000000000e+02,-7.840000000000000000e+02,-1.153000000000000000e+03,-6.220000000000000000e+02,-4.200000000000000000e+01
1.679988677039711475e+09,1.658400000000000000e+04,5.120000000000000000e+02,-7.840000000000000000e+02,-1.153000000000000000e+03,-6.220000000000000000e+02,-4.200000000000000000e+01
1.679988677040400982e+09,1.658400000000000000e+04,5.120000000000000000e+02,-7.840000000000000000e+02,-1.153000000000000000e+03,-6.220000000000000000e+02,-4.200000000000000000e+01
1.679988677043063402e+09,1.658400000000000000e+04,5.120000000000000000e+02,-7.840000000000000000e+02,-1.153000000000000000e+03,-6.220000000000000000e+02,-4.200000000000000000e+01
1.679988677043775797e+09,1.658400000000000000e+04,5.120000000000000000e+02,-7.840000000000000000e+02,-1.153000000000000000e+03,-6.220000000000000000e+02,-4.200000000000000000e+01
1.679988677046433210e+09,1.658400000000000000e+04,5.120000000000000000e+02,-7.840000000000000000e+02,-1.153000000000000000e+03,-6.220000000000000000e+02,-4.200000000000000000e+01
1.679988677047128439e+09,1.658400000000000000e+04,5.120000000000000000e+02,-7.840000000000000000e+02,-1.153000000000000000e+03,-6.220000000000000000e+02,-4.200000000000000000e+01
1.679988677050177574e+09,1.658400000000000000e+04,5.120000000000000000e+02,-7.840000000000000000e+02,-1.153000000000000000e+03,-6.220000000000000000e+02,-4.200000000000000000e+01
1.679988677050845623e+09,1.658400000000000000e+04,5.120000000000000000e+02,-7.840000000000000000e+02,-1.153000000000000000e+03,-6.220000000000000000e+02,-4.200000000000000000e+01
1.679988677053468466e+09,1.658400000000000000e+04,5.120000000000000000e+02,-7.840000000000000000e+02,-1.153000000000000000e+03,-6.220000000000000000e+02,-4.200000000000000000e+01
1.679988677054150105e+09,1.658400000000000000e+04,5.120000000000000000e+02,-7.840000000000000000e+02,-1.153000000000000000e+03,-6.220000000000000000e+02,-4.200000000000000000e+01
1.679988677056839943e+09,1.658400000000000000e+04,5.120000000000000000e+02,-7.840000000000000000e+02,-1.153000000000000000e+03,-6.220000000000000000e+02,-4.200000000000000000e+01
1.679988677057536602e+09,1.658400000000000000e+04,5.120000000000000000e+02,-7.840000000000000000e+02,-1.153000000000000000e+03,-6.220000000000000000e+02,-4.200000000000000000e+01
1.679988677060173512e+09,1.658400000000000000e+04,5.120000000000000000e+02,-7.840000000000000000e+02,-1.153000000000000000e+03,-6.220000000000000000e+02,-4.200000000000000000e+01
1.679988677060856104e+09,1.658400000000000000e+04,5.120000000000000000e+02,-7.840000000000000000e+02,-1.153000000000000000e+03,-6.220000000000000000e+02,-4.200000000000000000e+01
1.679988677063517809e+09,1.658400000000000000e+04,5.120000000000000000e+02,-7.840000000000000000e+02,-1.153000000000000000e+03,-6.220000000000000000e+02,-4.200000000000000000e+01
1.679988677064216137e+09,1.658400000000000000e+04,5.120000000000000000e+02,-7.840000000000000000e+02,-1.153000000000000000e+03,-6.220000000000000000e+02,-4.200000000000000000e+01
1.679988677066859245e+09,1.658400000000000000e+04,5.120000000000000000e+02,-7.840000000000000000e+02,-1.153000000000000000e+03,-6.220000000000000000e+02,-4.200000000000000000e+01
1.679988677067549467e+09,1.658400000000000000e+04,5.120000000000000000e+02,-7.840000000000000000e+02,-1.153000000000000000e+03,-6.220000000000000000e+02,-4.200000000000000000e+01
1.679988677070189476e+09,1.658400000000000000e+04,5.120000000000000000e+02,-7.840000000000000000e+02,-1.153000000000000000e+03,-6.220000000000000000e+02,-4.200000000000000000e+01
1.679988677070897818e+09,1.658400000000000000e+04,5.120000000000000000e+02,-7.840000000000000000e+02,-1.153000000000000000e+03,-6.220000000000000000e+02,-4.200000000000000000e+01
1.679988677073514938e+09,1.658400000000000000e+04,5.120000000000000000e+02,-7.840000000000000000e+02,-1.153000000000000000e+03,-6.220000000000000000e+02,-4.200000000000000000e+01
1.679988677074207783e+09,1.658400000000000000e+04,5.120000000000000000e+02,-7.840000000000000000e+02,-1.153000000000000000e+03,-6.220000000000000000e+02,-4.200000000000000000e+01
1.679988677076955795e+09,1.658400000000000000e+04,5.120000000000000000e+02,-7.840000000000000000e+02,-1.153000000000000000e+03,-6.220000000000000000e+02,-4.200000000000000000e+01
1.679988677077640772e+09,1.658400000000000000e+04,5.120000000000000000e+02,-7.840000000000000000e+02,-1.153000000000000000e+03,-6.220000000000000000e+02,-4.200000000000000000e+01
1.679988677080289364e+09,1.658400000000000000e+04,5.120000000000000000e+02,-7.840000000000000000e+02,-1.153000000000000000e+03,-6.220000000000000000e+02,-4.200000000000000000e+01
1.679988677080985546e+09,1.658400000000000000e+04,5.120000000000000000e+02,-7.840000000000000000e+02,-1.153000000000000000e+03,-6.220000000000000000e+02,-4.200000000000000000e+01
1.679988677083647013e+09,1.658400000000000000e+04,5.120000000000000000e+02,-7.840000000000000000e+02,-1.153000000000000000e+03,-6.220000000000000000e+02,-4.200000000000000000e+01
1.679988677084340334e+09,1.658400000000000000e+04,5.120000000000000000e+02,-7.840000000000000000e+02,-1.153000000000000000e+03,-6.220000000000000000e+02,-4.200000000000000000e+01
1.679988677086997747e+09,1.658400000000000000e+04,5.120000000000000000e+02,-7.840000000000000000e+02,-1.153000000000000000e+03,-6.220000000000000000e+02,-4.200000000000000000e+01
1.679988677087672949e+09,1.658400000000000000e+04,5.120000000000000000e+02,-7.840000000000000000e+02,-1.153000000000000000e+03,-6.220000000000000000e+02,-4.200000000000000000e+01
1.679988677090357065e+09,1.658400000000000000e+04,5.120000000000000000e+02,-7.840000000000000000e+02,-1.153000000000000000e+03,-6.220000000000000000e+02,-4.200000000000000000e+01
1.679988677091048717e+09,1.658400000000000000e+04,5.120000000000000000e+02,-7.840000000000000000e+02,-1.153000000000000000e+03,-6.220000000000000000e+02,-4.200000000000000000e+01
1.679988677093698502e+09,1.658400000000000000e+04,5.120000000000000000e+02,-7.840000000000000000e+02,-1.153000000000000000e+03,-6.220000000000000000e+02,-4.200000000000000000e+01
1.679988677094383955e+09,1.658400000000000000e+04,5.120000000000000000e+02,-7.840000000000000000e+02,-1.153000000000000000e+03,-6.220000000000000000e+02,-4.200000000000000000e+01
1.679988677097079515e+09,1.658400000000000000e+04,5.120000000000000000e+02,-7.840000000000000000e+02,-1.153000000000000000e+03,-6.220000000000000000e+02,-4.200000000000000000e+01
1.679988677097773075e+09,1.658400000000000000e+04,5.120000000000000000e+02,-7.840000000000000000e+02,-1.153000000000000000e+03,-6.220000000000000000e+02,-4.200000000000000000e+01
1.679988677100416660e+09,1.658400000000000000e+04,5.120000000000000000e+02,-7.840000000000000000e+02,-1.153000000000000000e+03,-6.220000000000000000e+02,-4.200000000000000000e+01
1.679988677101099491e+09,1.658400000000000000e+04,5.120000000000000000e+02,-7.840000000000000000e+02,-1.153000000000000000e+03,-6.220000000000000000e+02,-4.200000000000000000e+01
1.679988677103750467e+09,1.658400000000000000e+04,5.120000000000000000e+02,-7.840000000000000000e+02,-1.153000000000000000e+03,-6.220000000000000000e+02,-4.200000000000000000e+01
1.679988677104448080e+09,1.658400000000000000e+04,5.120000000000000000e+02,-7.840000000000000000e+02,-1.153000000000000000e+03,-6.220000000000000000e+02,-4.200000000000000000e+01
1.679988677107126951e+09,1.658400000000000000e+04,5.120000000000000000e+02,-7.840000000000000000e+02,-1.153000000000000000e+03,-6.220000000000000000e+02,-4.200000000000000000e+01
1.679988677107802153e+09,1.658400000000000000e+04,5.120000000000000000e+02,-7.840000000000000000e+02,-1.153000000000000000e+03,-6.220000000000000000e+02,-4.200000000000000000e+01
1.679988677110490322e+09,1.658400000000000000e+04,5.120000000000000000e+02,-7.840000000000000000e+02,-1.153000000000000000e+03,-6.220000000000000000e+02,-4.200000000000000000e+01
1.679988677111180544e+09,1.658400000000000000e+04,5.120000000000000000e+02,-7.840000000000000000e+02,-1.153000000000000000e+03,-6.220000000000000000e+02,-4.200000000000000000e+01
1.679988677113833427e+09,1.658400000000000000e+04,5.120000000000000000e+02,-7.840000000000000000e+02,-1.153000000000000000e+03,-6.220000000000000000e+02,-4.200000000000000000e+01
1.679988677114512205e+09,1.658400000000000000e+04,5.120000000000000000e+02,-7.840000000000000000e+02,-1.153000000000000000e+03,-6.220000000000000000e+02,-4.200000000000000000e+01
1.679988677117218256e+09,1.658400000000000000e+04,5.120000000000000000e+02,-7.840000000000000000e+02,-1.153000000000000000e+03,-6.220000000000000000e+02,-4.200000000000000000e+01
1.679988677117906570e+09,1.658400000000000000e+04,5.120000000000000000e+02,-7.840000000000000000e+02,-1.153000000000000000e+03,-6.220000000000000000e+02,-4.200000000000000000e+01
1.679988677120539427e+09,1.658400000000000000e+04,5.120000000000000000e+02,-7.840000000000000000e+02,-1.153000000000000000e+03,-6.220000000000000000e+02,-4.200000000000000000e+01
1.679988677121226788e+09,1.658400000000000000e+04,5.120000000000000000e+02,-7.840000000000000000e+02,-1.153000000000000000e+03,-6.220000000000000000e+02,-4.200000000000000000e+01
1.679988677123892546e+09,1.658400000000000000e+04,5.120000000000000000e+02,-7.840000000000000000e+02,-1.153000000000000000e+03,-6.220000000000000000e+02,-4.200000000000000000e+01
1.679988677124585629e+09,1.658400000000000000e+04,5.120000000000000000e+02,-7.840000000000000000e+02,-1.153000000000000000e+03,-6.220000000000000000e+02,-4.200000000000000000e+01
1.679988677127273560e+09,1.658400000000000000e+04,5.120000000000000000e+02,-7.840000000000000000e+02,-1.153000000000000000e+03,-6.220000000000000000e+02,-4.200000000000000000e+01
1.679988677127959490e+09,1.658400000000000000e+04,5.120000000000000000e+02,-7.840000000000000000e+02,-1.153000000000000000e+03,-6.220000000000000000e+02,-4.200000000000000000e+01
1.679988677130645752e+09,1.658400000000000000e+04,5.120000000000000000e+02,-7.840000000000000000e+02,-1.153000000000000000e+03,-6.220000000000000000e+02,-4.200000000000000000e+01
1.679988677131337166e+09,1.658400000000000000e+04,5.120000000000000000e+02,-7.840000000000000000e+02,-1.153000000000000000e+03,-6.220000000000000000e+02,-4.200000000000000000e+01
1.679988677134221792e+09,1.658400000000000000e+04,5.120000000000000000e+02,-7.840000000000000000e+02,-1.153000000000000000e+03,-6.220000000000000000e+02,-4.200000000000000000e+01
1.679988677135102034e+09,1.658400000000000000e+04,5.120000000000000000e+02,-7.840000000000000000e+02,-1.153000000000000000e+03,-6.220000000000000000e+02,-4.200000000000000000e+01
1.679988677137928486e+09,1.658400000000000000e+04,5.120000000000000000e+02,-7.840000000000000000e+02,-1.153000000000000000e+03,-6.220000000000000000e+02,-4.200000000000000000e+01
1.679988677138726473e+09,1.658400000000000000e+04,5.120000000000000000e+02,-7.840000000000000000e+02,-1.153000000000000000e+03,-6.220000000000000000e+02,-4.200000000000000000e+01
1.679988677141250134e+09,1.658400000000000000e+04,5.120000000000000000e+02,-7.840000000000000000e+02,-1.153000000000000000e+03,-6.220000000000000000e+02,-4.200000000000000000e+01
1.679988677142038822e+09,1.658400000000000000e+04,5.120000000000000000e+02,-7.840000000000000000e+02,-1.153000000000000000e+03,-6.220000000000000000e+02,-4.200000000000000000e+01
1.679988677144615889e+09,1.658400000000000000e+04,5.120000000000000000e+02,-7.840000000000000000e+02,-1.153000000000000000e+03,-6.220000000000000000e+02,-4.200000000000000000e+01
1.679988677145423412e+09,1.658400000000000000e+04,5.120000000000000000e+02,-7.840000000000000000e+02,-1.153000000000000000e+03,-6.220000000000000000e+02,-4.200000000000000000e+01
1.679988677147998810e+09,1.658400000000000000e+04,5.120000000000000000e+02,-7.840000000000000000e+02,-1.153000000000000000e+03,-6.220000000000000000e+02,-4.200000000000000000e+01
1.679988677148783445e+09,1.658400000000000000e+04,5.120000000000000000e+02,-7.840000000000000000e+02,-1.153000000000000000e+03,-6.220000000000000000e+02,-4.200000000000000000e+01
1.679988677151337624e+09,1.658400000000000000e+04,5.120000000000000000e+02,-7.840000000000000000e+02,-1.153000000000000000e+03,-6.220000000000000000e+02,-4.200000000000000000e+01
1.679988677152105331e+09,1.658400000000000000e+04,5.120000000000000000e+02,-7.840000000000000000e+02,-1.153000000000000000e+03,-6.220000000000000000e+02,-4.200000000000000000e+01
1.679988677154649973e+09,1.658400000000000000e+04,5.120000000000000000e+02,-7.840000000000000000e+02,-1.153000000000000000e+03,-6.220000000000000000e+02,-4.200000000000000000e+01
1.679988677155390739e+09,1.658400000000000000e+04,5.120000000000000000e+02,-7.840000000000000000e+02,-1.153000000000000000e+03,-6.220000000000000000e+02,-4.200000000000000000e+01
1.679988677157980919e+09,1.658400000000000000e+04,5.120000000000000000e+02,-7.840000000000000000e+02,-1.153000000000000000e+03,-6.220000000000000000e+02,-4.200000000000000000e+01
1.679988677158719778e+09,1.658400000000000000e+04,5.120000000000000000e+02,-7.840000000000000000e+02,-1.153000000000000000e+03,-6.220000000000000000e+02,-4.200000000000000000e+01
1.679988677161341429e+09,1.658400000000000000e+04,5.120000000000000000e+02,-7.840000000000000000e+02,-1.153000000000000000e+03,-6.220000000000000000e+02,-4.200000000000000000e+01
1.679988677162030220e+09,1.658400000000000000e+04,5.120000000000000000e+02,-7.840000000000000000e+02,-1.153000000000000000e+03,-6.220000000000000000e+02,-4.200000000000000000e+01
1.679988677164718390e+09,1.658400000000000000e+04,5.120000000000000000e+02,-7.840000000000000000e+02,-1.153000000000000000e+03,-6.220000000000000000e+02,-4.200000000000000000e+01
1.679988677165426493e+09,1.658400000000000000e+04,5.120000000000000000e+02,-7.840000000000000000e+02,-1.153000000000000000e+03,-6.220000000000000000e+02,-4.200000000000000000e+01
1.679988677168099403e+09,1.658400000000000000e+04,5.120000000000000000e+02,-7.840000000000000000e+02,-1.153000000000000000e+03,-6.220000000000000000e+02,-4.200000000000000000e+01
1.679988677168789387e+09,1.658400000000000000e+04,5.120000000000000000e+02,-7.840000000000000000e+02,-1.153000000000000000e+03,-6.220000000000000000e+02,-4.200000000000000000e+01
1.679988677171474218e+09,1.658400000000000000e+04,5.120000000000000000e+02,-7.840000000000000000e+02,-1.153000000000000000e+03,-6.220000000000000000e+02,-4.200000000000000000e+01
1.679988677172166348e+09,1.658400000000000000e+04,5.120000000000000000e+02,-7.840000000000000000e+02,-1.153000000000000000e+03,-6.220000000000000000e+02,-4.200000000000000000e+01
1.679988677174816608e+09,1.658400000000000000e+04,5.120000000000000000e+02,-7.840000000000000000e+02,-1.153000000000000000e+03,-6.220000000000000000e+02,-4.200000000000000000e+01
1.679988677175555944e+09,1.658400000000000000e+04,5.120000000000000000e+02,-7.840000000000000000e+02,-1.153000000000000000e+03,-6.220000000000000000e+02,-4.200000000000000000e+01
1.679988677178123951e+09,1.658400000000000000e+04,5.120000000000000000e+02,-7.840000000000000000e+02,-1.153000000000000000e+03,-6.220000000000000000e+02,-4.200000000000000000e+01
1.679988677178818464e+09,1.658400000000000000e+04,5.120000000000000000e+02,-7.840000000000000000e+02,-1.153000000000000000e+03,-6.220000000000000000e+02,-4.200000000000000000e+01
1.679988677181676626e+09,1.658400000000000000e+04,5.120000000000000000e+02,-7.840000000000000000e+02,-1.153000000000000000e+03,-6.220000000000000000e+02,-4.200000000000000000e+01
1.679988677182344437e+09,1.658400000000000000e+04,5.120000000000000000e+02,-7.840000000000000000e+02,-1.153000000000000000e+03,-6.220000000000000000e+02,-4.200000000000000000e+01
1.679988677185015917e+09,1.658400000000000000e+04,5.120000000000000000e+02,-7.840000000000000000e+02,-1.153000000000000000e+03,-6.220000000000000000e+02,-4.200000000000000000e+01
1.679988677185775042e+09,1.658400000000000000e+04,5.120000000000000000e+02,-7.840000000000000000e+02,-1.153000000000000000e+03,-6.220000000000000000e+02,-4.200000000000000000e+01
1.679988677188396454e+09,1.658400000000000000e+04,5.120000000000000000e+02,-7.840000000000000000e+02,-1.153000000000000000e+03,-6.220000000000000000e+02,-4.200000000000000000e+01
1.679988677189085484e+09,1.658400000000000000e+04,5.120000000000000000e+02,-7.840000000000000000e+02,-1.153000000000000000e+03,-6.220000000000000000e+02,-4.200000000000000000e+01
1.679988677191768408e+09,1.658400000000000000e+04,5.120000000000000000e+02,-7.840000000000000000e+02,-1.153000000000000000e+03,-6.220000000000000000e+02,-4.200000000000000000e+01
1.679988677192477942e+09,1.658400000000000000e+04,5.120000000000000000e+02,-7.840000000000000000e+02,-1.153000000000000000e+03,-6.220000000000000000e+02,-4.200000000000000000e+01
1.679988677195035219e+09,1.658400000000000000e+04,5.120000000000000000e+02,-7.840000000000000000e+02,-1.153000000000000000e+03,-6.220000000000000000e+02,-4.200000000000000000e+01
1.679988677195771933e+09,1.658400000000000000e+04,5.120000000000000000e+02,-7.840000000000000000e+02,-1.153000000000000000e+03,-6.220000000000000000e+02,-4.200000000000000000e+01
1.679988677198600292e+09,1.658400000000000000e+04,5.120000000000000000e+02,-7.840000000000000000e+02,-1.153000000000000000e+03,-6.220000000000000000e+02,-4.200000000000000000e+01
1.679988677199285746e+09,1.658400000000000000e+04,5.120000000000000000e+02,-7.840000000000000000e+02,-1.153000000000000000e+03,-6.220000000000000000e+02,-4.200000000000000000e+01
1.679988677201939344e+09,1.658400000000000000e+04,5.120000000000000000e+02,-7.840000000000000000e+02,-1.153000000000000000e+03,-6.220000000000000000e+02,-4.200000000000000000e+01
1.679988677202635288e+09,1.658400000000000000e+04,5.120000000000000000e+02,-7.840000000000000000e+02,-1.153000000000000000e+03,-6.220000000000000000e+02,-4.200000000000000000e+01
1.679988677205340147e+09,1.658400000000000000e+04,5.120000000000000000e+02,-7.840000000000000000e+02,-1.153000000000000000e+03,-6.220000000000000000e+02,-4.200000000000000000e+01
1.679988677206078529e+09,1.658400000000000000e+04,5.120000000000000000e+02,-7.840000000000000000e+02,-1.153000000000000000e+03,-6.220000000000000000e+02,-4.200000000000000000e+01
1.679988677208747864e+09,1.658400000000000000e+04,5.120000000000000000e+02,-7.840000000000000000e+02,-1.153000000000000000e+03,-6.220000000000000000e+02,-4.200000000000000000e+01
1.679988677209426880e+09,1.658400000000000000e+04,5.120000000000000000e+02,-7.840000000000000000e+02,-1.153000000000000000e+03,-6.220000000000000000e+02,-4.200000000000000000e+01
1.679988677212125301e+09,1.658400000000000000e+04,5.120000000000000000e+02,-7.840000000000000000e+02,-1.153000000000000000e+03,-6.220000000000000000e+02,-4.200000000000000000e+01
1.679988677212830067e+09,1.658400000000000000e+04,5.120000000000000000e+02,-7.840000000000000000e+02,-1.153000000000000000e+03,-6.220000000000000000e+02,-4.200000000000000000e+01
1.679988677215514660e+09,1.658400000000000000e+04,5.120000000000000000e+02,-7.840000000000000000e+02,-1.153000000000000000e+03,-6.220000000000000000e+02,-4.200000000000000000e+01
1.679988677216184378e+09,1.658400000000000000e+04,5.120000000000000000e+02,-7.840000000000000000e+02,-1.153000000000000000e+03,-6.220000000000000000e+02,-4.200000000000000000e+01
1.679988677218950510e+09,1.658400000000000000e+04,5.120000000000000000e+02,-7.840000000000000000e+02,-1.153000000000000000e+03,-6.220000000000000000e+02,-4.200000000000000000e+01
1.679988677219639063e+09,1.658400000000000000e+04,5.120000000000000000e+02,-7.840000000000000000e+02,-1.153000000000000000e+03,-6.220000000000000000e+02,-4.200000000000000000e+01
1.679988677222308874e+09,1.658400000000000000e+04,5.120000000000000000e+02,-7.840000000000000000e+02,-1.153000000000000000e+03,-6.220000000000000000e+02,-4.200000000000000000e+01
1.679988677222988844e+09,1.658400000000000000e+04,5.120000000000000000e+02,-7.840000000000000000e+02,-1.153000000000000000e+03,-6.220000000000000000e+02,-4.200000000000000000e+01
1.679988677225707531e+09,1.658400000000000000e+04,5.120000000000000000e+02,-7.840000000000000000e+02,-1.153000000000000000e+03,-6.220000000000000000e+02,-4.200000000000000000e+01
1.679988677226389170e+09,1.658400000000000000e+04,5.120000000000000000e+02,-7.840000000000000000e+02,-1.153000000000000000e+03,-6.220000000000000000e+02,-4.200000000000000000e+01
1.679988677229058504e+09,1.658400000000000000e+04,5.120000000000000000e+02,-7.840000000000000000e+02,-1.153000000000000000e+03,-6.220000000000000000e+02,-4.200000000000000000e+01
1.679988677229752302e+09,1.658400000000000000e+04,5.120000000000000000e+02,-7.840000000000000000e+02,-1.153000000000000000e+03,-6.220000000000000000e+02,-4.200000000000000000e+01
1.679988677232454300e+09,1.658400000000000000e+04,5.120000000000000000e+02,-7.840000000000000000e+02,-1.153000000000000000e+03,-6.220000000000000000e+02,-4.200000000000000000e+01
1.679988677233157873e+09,1.658400000000000000e+04,5.120000000000000000e+02,-7.840000000000000000e+02,-1.153000000000000000e+03,-6.220000000000000000e+02,-4.200000000000000000e+01
1.679988677235836506e+09,1.658400000000000000e+04,5.120000000000000000e+02,-7.840000000000000000e+02,-1.153000000000000000e+03,-6.220000000000000000e+02,-4.200000000000000000e+01
1.679988677236542940e+09,1.658400000000000000e+04,5.120000000000000000e+02,-7.840000000000000000e+02,-1.153000000000000000e+03,-6.220000000000000000e+02,-4.200000000000000000e+01
1.679988677239242077e+09,1.658400000000000000e+04,5.120000000000000000e+02,-7.840000000000000000e+02,-1.153000000000000000e+03,-6.220000000000000000e+02,-4.200000000000000000e+01
1.679988677239945889e+09,1.658400000000000000e+04,5.120000000000000000e+02,-7.840000000000000000e+02,-1.153000000000000000e+03,-6.220000000000000000e+02,-4.200000000000000000e+01
1.679988677242609978e+09,1.658400000000000000e+04,5.120000000000000000e+02,-7.840000000000000000e+02,-1.153000000000000000e+03,-6.220000000000000000e+02,-4.200000000000000000e+01
1.679988677243299007e+09,1.658400000000000000e+04,5.120000000000000000e+02,-7.840000000000000000e+02,-1.153000000000000000e+03,-6.220000000000000000e+02,-4.200000000000000000e+01
1.679988677246027946e+09,1.658400000000000000e+04,5.120000000000000000e+02,-7.840000000000000000e+02,-1.153000000000000000e+03,-6.220000000000000000e+02,-4.200000000000000000e+01
1.679988677246729374e+09,1.658400000000000000e+04,5.120000000000000000e+02,-7.840000000000000000e+02,-1.153000000000000000e+03,-6.220000000000000000e+02,-4.200000000000000000e+01
1.679988677249391794e+09,1.658400000000000000e+04,5.120000000000000000e+02,-7.840000000000000000e+02,-1.153000000000000000e+03,-6.220000000000000000e+02,-4.200000000000000000e+01
1.679988677250097752e+09,1.658400000000000000e+04,5.120000000000000000e+02,-7.840000000000000000e+02,-1.153000000000000000e+03,-6.220000000000000000e+02,-4.200000000000000000e+01
1.679988677252797365e+09,1.658400000000000000e+04,5.120000000000000000e+02,-7.840000000000000000e+02,-1.153000000000000000e+03,-6.220000000000000000e+02,-4.200000000000000000e+01
1.679988677253509283e+09,1.658400000000000000e+04,5.120000000000000000e+02,-7.840000000000000000e+02,-1.153000000000000000e+03,-6.220000000000000000e+02,-4.200000000000000000e+01
1.679988677256211758e+09,1.658400000000000000e+04,5.120000000000000000e+02,-7.840000000000000000e+02,-1.153000000000000000e+03,-6.220000000000000000e+02,-4.200000000000000000e+01
1.679988677256919622e+09,1.658400000000000000e+04,5.120000000000000000e+02,-7.840000000000000000e+02,-1.153000000000000000e+03,-6.220000000000000000e+02,-4.200000000000000000e+01
1.679988677259600639e+09,1.658400000000000000e+04,5.120000000000000000e+02,-7.840000000000000000e+02,-1.153000000000000000e+03,-6.220000000000000000e+02,-4.200000000000000000e+01
1.679988677260312080e+09,1.658400000000000000e+04,5.120000000000000000e+02,-7.840000000000000000e+02,-1.153000000000000000e+03,-6.220000000000000000e+02,-4.200000000000000000e+01
1.679988677262953997e+09,1.658400000000000000e+04,5.120000000000000000e+02,-7.840000000000000000e+02,-1.153000000000000000e+03,-6.220000000000000000e+02,-4.200000000000000000e+01
1.679988677263657808e+09,1.658400000000000000e+04,5.120000000000000000e+02,-7.840000000000000000e+02,-1.153000000000000000e+03,-6.220000000000000000e+02,-4.200000000000000000e+01
1.679988677266379595e+09,1.658400000000000000e+04,5.120000000000000000e+02,-7.840000000000000000e+02,-1.153000000000000000e+03,-6.220000000000000000e+02,-4.200000000000000000e+01
1.679988677267079830e+09,1.658400000000000000e+04,5.120000000000000000e+02,-7.840000000000000000e+02,-1.153000000000000000e+03,-6.220000000000000000e+02,-4.200000000000000000e+01
1.679988677269742966e+09,1.658400000000000000e+04,5.120000000000000000e+02,-7.840000000000000000e+02,-1.153000000000000000e+03,-6.220000000000000000e+02,-4.200000000000000000e+01
1.679988677270450354e+09,1.658400000000000000e+04,5.120000000000000000e+02,-7.840000000000000000e+02,-1.153000000000000000e+03,-6.220000000000000000e+02,-4.200000000000000000e+01
1.679988677273138523e+09,1.658400000000000000e+04,5.120000000000000000e+02,-7.840000000000000000e+02,-1.153000000000000000e+03,-6.220000000000000000e+02,-4.200000000000000000e+01
1.679988677273851395e+09,1.658400000000000000e+04,5.120000000000000000e+02,-7.840000000000000000e+02,-1.153000000000000000e+03,-6.220000000000000000e+02,-4.200000000000000000e+01
1.679988677276514769e+09,1.658400000000000000e+04,5.120000000000000000e+02,-7.840000000000000000e+02,-1.153000000000000000e+03,-6.220000000000000000e+02,-4.200000000000000000e+01
1.679988677277215719e+09,1.658400000000000000e+04,5.120000000000000000e+02,-7.840000000000000000e+02,-1.153000000000000000e+03,-6.220000000000000000e+02,-4.200000000000000000e+01
1.679988677279926538e+09,1.658400000000000000e+04,5.120000000000000000e+02,-7.840000000000000000e+02,-1.153000000000000000e+03,-6.220000000000000000e+02,-4.200000000000000000e+01
1.679988677280629158e+09,1.658400000000000000e+04,5.120000000000000000e+02,-7.840000000000000000e+02,-1.153000000000000000e+03,-6.220000000000000000e+02,-4.200000000000000000e+01
1.679988677283287525e+09,1.658400000000000000e+04,5.120000000000000000e+02,-7.840000000000000000e+02,-1.153000000000000000e+03,-6.220000000000000000e+02,-4.200000000000000000e+01
1.679988677283983707e+09,1.658400000000000000e+04,5.120000000000000000e+02,-7.840000000000000000e+02,-1.153000000000000000e+03,-6.220000000000000000e+02,-4.200000000000000000e+01
1.679988677286702871e+09,1.658400000000000000e+04,5.120000000000000000e+02,-7.840000000000000000e+02,-1.153000000000000000e+03,-6.220000000000000000e+02,-4.200000000000000000e+01
1.679988677287407637e+09,1.658400000000000000e+04,5.120000000000000000e+02,-7.840000000000000000e+02,-1.153000000000000000e+03,-6.220000000000000000e+02,-4.200000000000000000e+01
1.679988677289978743e+09,1.658400000000000000e+04,5.120000000000000000e+02,-7.840000000000000000e+02,-1.153000000000000000e+03,-6.220000000000000000e+02,-4.200000000000000000e+01
1.679988677290668249e+09,1.658400000000000000e+04,5.120000000000000000e+02,-7.840000000000000000e+02,-1.153000000000000000e+03,-6.220000000000000000e+02,-4.200000000000000000e+01
1.679988677293548346e+09,1.658400000000000000e+04,5.120000000000000000e+02,-7.840000000000000000e+02,-1.153000000000000000e+03,-6.220000000000000000e+02,-4.200000000000000000e+01
1.679988677294235229e+09,1.658400000000000000e+04,5.120000000000000000e+02,-7.840000000000000000e+02,-1.153000000000000000e+03,-6.220000000000000000e+02,-4.200000000000000000e+01
1.679988677296926975e+09,1.658400000000000000e+04,5.120000000000000000e+02,-7.840000000000000000e+02,-1.153000000000000000e+03,-6.220000000000000000e+02,-4.200000000000000000e+01
1.679988677297618151e+09,1.658400000000000000e+04,5.120000000000000000e+02,-7.840000000000000000e+02,-1.153000000000000000e+03,-6.220000000000000000e+02,-4.200000000000000000e+01
1.679988677300329685e+09,1.658400000000000000e+04,5.120000000000000000e+02,-7.840000000000000000e+02,-1.153000000000000000e+03,-6.220000000000000000e+02,-4.200000000000000000e+01
1.679988677301040649e+09,1.658400000000000000e+04,5.120000000000000000e+02,-7.840000000000000000e+02,-1.153000000000000000e+03,-6.220000000000000000e+02,-4.200000000000000000e+01
1.679988677303615570e+09,1.658400000000000000e+04,5.120000000000000000e+02,-7.840000000000000000e+02,-1.153000000000000000e+03,-6.220000000000000000e+02,-4.200000000000000000e+01
1.679988677304321289e+09,1.658400000000000000e+04,5.120000000000000000e+02,-7.840000000000000000e+02,-1.153000000000000000e+03,-6.220000000000000000e+02,-4.200000000000000000e+01
1.679988677307232141e+09,1.658400000000000000e+04,5.120000000000000000e+02,-7.840000000000000000e+02,-1.153000000000000000e+03,-6.220000000000000000e+02,-4.200000000000000000e+01
1.679988677307929516e+09,1.658400000000000000e+04,5.120000000000000000e+02,-7.840000000000000000e+02,-1.153000000000000000e+03,-6.220000000000000000e+02,-4.200000000000000000e+01
1.679988677310587406e+09,1.658400000000000000e+04,5.120000000000000000e+02,-7.840000000000000000e+02,-1.153000000000000000e+03,-6.220000000000000000e+02,-4.200000000000000000e+01
1.679988677311286926e+09,1.658400000000000000e+04,5.120000000000000000e+02,-7.840000000000000000e+02,-1.153000000000000000e+03,-6.220000000000000000e+02,-4.200000000000000000e+01
1.679988677313969851e+09,1.658400000000000000e+04,5.120000000000000000e+02,-7.840000000000000000e+02,-1.153000000000000000e+03,-6.220000000000000000e+02,-4.200000000000000000e+01
1.679988677314672709e+09,1.658400000000000000e+04,5.120000000000000000e+02,-7.840000000000000000e+02,-1.153000000000000000e+03,-6.220000000000000000e+02,-4.200000000000000000e+01
1.679988677317366838e+09,1.658400000000000000e+04,5.120000000000000000e+02,-7.840000000000000000e+02,-1.153000000000000000e+03,-6.220000000000000000e+02,-4.200000000000000000e+01
1.679988677318077803e+09,1.658400000000000000e+04,5.120000000000000000e+02,-7.840000000000000000e+02,-1.153000000000000000e+03,-6.220000000000000000e+02,-4.200000000000000000e+01
1.679988677320742846e+09,1.658400000000000000e+04,5.120000000000000000e+02,-7.840000000000000000e+02,-1.153000000000000000e+03,-6.220000000000000000e+02,-4.200000000000000000e+01
1.679988677321454525e+09,1.658400000000000000e+04,5.120000000000000000e+02,-7.840000000000000000e+02,-1.153000000000000000e+03,-6.220000000000000000e+02,-4.200000000000000000e+01
1.679988677324130774e+09,1.658400000000000000e+04,5.120000000000000000e+02,-7.840000000000000000e+02,-1.153000000000000000e+03,-6.220000000000000000e+02,-4.200000000000000000e+01
1.679988677324838161e+09,1.658400000000000000e+04,5.120000000000000000e+02,-7.840000000000000000e+02,-1.153000000000000000e+03,-6.220000000000000000e+02,-4.200000000000000000e+01
1.679988677327587366e+09,1.658400000000000000e+04,5.120000000000000000e+02,-7.840000000000000000e+02,-1.153000000000000000e+03,-6.220000000000000000e+02,-4.200000000000000000e+01
1.679988677328284979e+09,1.658400000000000000e+04,5.120000000000000000e+02,-7.840000000000000000e+02,-1.153000000000000000e+03,-6.220000000000000000e+02,-4.200000000000000000e+01
1.679988677330956697e+09,1.658400000000000000e+04,5.120000000000000000e+02,-7.840000000000000000e+02,-1.153000000000000000e+03,-6.220000000000000000e+02,-4.200000000000000000e+01
1.679988677331665993e+09,1.658400000000000000e+04,5.120000000000000000e+02,-7.840000000000000000e+02,-1.153000000000000000e+03,-6.220000000000000000e+02,-4.200000000000000000e+01
1.679988677334360838e+09,1.658400000000000000e+04,5.120000000000000000e+02,-7.840000000000000000e+02,-1.153000000000000000e+03,-6.220000000000000000e+02,-4.200000000000000000e+01
1.679988677335061550e+09,1.658400000000000000e+04,5.120000000000000000e+02,-7.840000000000000000e+02,-1.153000000000000000e+03,-6.220000000000000000e+02,-4.200000000000000000e+01
1.679988677337767124e+09,1.658400000000000000e+04,5.120000000000000000e+02,-7.840000000000000000e+02,-1.153000000000000000e+03,-6.220000000000000000e+02,-4.200000000000000000e+01
1.679988677338469982e+09,1.658400000000000000e+04,5.120000000000000000e+02,-7.840000000000000000e+02,-1.153000000000000000e+03,-6.220000000000000000e+02,-4.200000000000000000e+01
1.679988677341185093e+09,1.658400000000000000e+04,5.120000000000000000e+02,-7.840000000000000000e+02,-1.153000000000000000e+03,-6.220000000000000000e+02,-4.200000000000000000e+01
1.679988677341902018e+09,1.658400000000000000e+04,5.120000000000000000e+02,-7.840000000000000000e+02,-1.153000000000000000e+03,-6.220000000000000000e+02,-4.200000000000000000e+01
1.679988677344567776e+09,1.658400000000000000e+04,5.120000000000000000e+02,-7.840000000000000000e+02,-1.153000000000000000e+03,-6.220000000000000000e+02,-4.200000000000000000e+01
1.679988677345271111e+09,1.658400000000000000e+04,5.120000000000000000e+02,-7.840000000000000000e+02,-1.153000000000000000e+03,-6.220000000000000000e+02,-4.200000000000000000e+01
1.679988677347995043e+09,1.658400000000000000e+04,5.120000000000000000e+02,-7.840000000000000000e+02,-1.153000000000000000e+03,-6.220000000000000000e+02,-4.200000000000000000e+01
1.679988677348703861e+09,1.658400000000000000e+04,5.120000000000000000e+02,-7.840000000000000000e+02,-1.153000000000000000e+03,-6.220000000000000000e+02,-4.200000000000000000e+01
1.679988677351377249e+09,1.658400000000000000e+04,5.120000000000000000e+02,-7.840000000000000000e+02,-1.153000000000000000e+03,-6.220000000000000000e+02,-4.200000000000000000e+01
1.679988677352077484e+09,1.658400000000000000e+04,5.120000000000000000e+02,-7.840000000000000000e+02,-1.153000000000000000e+03,-6.220000000000000000e+02,-4.200000000000000000e+01
1.679988677354768991e+09,1.658400000000000000e+04,5.120000000000000000e+02,-7.840000000000000000e+02,-1.153000000000000000e+03,-6.220000000000000000e+02,-4.200000000000000000e+01
1.679988677355524063e+09,1.658400000000000000e+04,5.120000000000000000e+02,-7.840000000000000000e+02,-1.153000000000000000e+03,-6.220000000000000000e+02,-4.200000000000000000e+01
1.679988677358176947e+09,1.658400000000000000e+04,5.120000000000000000e+02,-7.840000000000000000e+02,-1.153000000000000000e+03,-6.220000000000000000e+02,-4.200000000000000000e+01
1.679988677358876467e+09,1.658400000000000000e+04,5.120000000000000000e+02,-7.840000000000000000e+02,-1.153000000000000000e+03,-6.220000000000000000e+02,-4.200000000000000000e+01
1.679988677361584663e+09,1.658400000000000000e+04,5.120000000000000000e+02,-7.840000000000000000e+02,-1.153000000000000000e+03,-6.220000000000000000e+02,-4.200000000000000000e+01
1.679988677362285614e+09,1.658400000000000000e+04,5.120000000000000000e+02,-7.840000000000000000e+02,-1.153000000000000000e+03,-6.220000000000000000e+02,-4.200000000000000000e+01
1.679988677364970446e+09,1.658400000000000000e+04,5.120000000000000000e+02,-7.840000000000000000e+02,-1.153000000000000000e+03,-6.220000000000000000e+02,-4.200000000000000000e+01
1.679988677365708351e+09,1.658400000000000000e+04,5.120000000000000000e+02,-7.840000000000000000e+02,-1.153000000000000000e+03,-6.220000000000000000e+02,-4.200000000000000000e+01
1.679988677368393421e+09,1.658400000000000000e+04,5.120000000000000000e+02,-7.840000000000000000e+02,-1.153000000000000000e+03,-6.220000000000000000e+02,-4.200000000000000000e+01
1.679988677369095564e+09,1.658400000000000000e+04,5.120000000000000000e+02,-7.840000000000000000e+02,-1.153000000000000000e+03,-6.220000000000000000e+02,-4.200000000000000000e+01
1.679988677371773720e+09,1.658400000000000000e+04,5.120000000000000000e+02,-7.840000000000000000e+02,-1.153000000000000000e+03,-6.220000000000000000e+02,-4.200000000000000000e+01
1.679988677372476101e+09,1.658400000000000000e+04,5.120000000000000000e+02,-7.840000000000000000e+02,-1.153000000000000000e+03,-6.220000000000000000e+02,-4.200000000000000000e+01
1.679988677375102758e+09,1.658400000000000000e+04,5.120000000000000000e+02,-7.840000000000000000e+02,-1.153000000000000000e+03,-6.220000000000000000e+02,-4.200000000000000000e+01
1.679988677376005173e+09,1.658400000000000000e+04,5.120000000000000000e+02,-7.840000000000000000e+02,-1.153000000000000000e+03,-6.220000000000000000e+02,-4.200000000000000000e+01
1.679988677378688097e+09,1.658400000000000000e+04,5.120000000000000000e+02,-7.840000000000000000e+02,-1.153000000000000000e+03,-6.220000000000000000e+02,-4.200000000000000000e+01
1.679988677379394054e+09,1.658400000000000000e+04,5.120000000000000000e+02,-7.840000000000000000e+02,-1.153000000000000000e+03,-6.220000000000000000e+02,-4.200000000000000000e+01
1.679988677382066011e+09,1.658400000000000000e+04,5.120000000000000000e+02,-7.840000000000000000e+02,-1.153000000000000000e+03,-6.220000000000000000e+02,-4.200000000000000000e+01
1.679988677382788897e+09,1.658400000000000000e+04,5.120000000000000000e+02,-7.840000000000000000e+02,-1.153000000000000000e+03,-6.220000000000000000e+02,-4.200000000000000000e+01
1.679988677385468721e+09,1.658400000000000000e+04,5.120000000000000000e+02,-7.840000000000000000e+02,-1.153000000000000000e+03,-6.220000000000000000e+02,-4.200000000000000000e+01
1.679988677386374950e+09,1.658400000000000000e+04,5.120000000000000000e+02,-7.840000000000000000e+02,-1.153000000000000000e+03,-6.220000000000000000e+02,-4.200000000000000000e+01
1.679988677389039278e+09,1.658400000000000000e+04,5.120000000000000000e+02,-7.840000000000000000e+02,-1.153000000000000000e+03,-6.220000000000000000e+02,-4.200000000000000000e+01
1.679988677389765739e+09,1.658400000000000000e+04,5.120000000000000000e+02,-7.840000000000000000e+02,-1.153000000000000000e+03,-6.220000000000000000e+02,-4.200000000000000000e+01
1.679988677392430782e+09,1.658400000000000000e+04,5.120000000000000000e+02,-7.840000000000000000e+02,-1.153000000000000000e+03,-6.220000000000000000e+02,-4.200000000000000000e+01
1.679988677393145800e+09,1.658400000000000000e+04,5.120000000000000000e+02,-7.840000000000000000e+02,-1.153000000000000000e+03,-6.220000000000000000e+02,-4.200000000000000000e+01
1.679988677395857096e+09,1.658400000000000000e+04,5.120000000000000000e+02,-7.840000000000000000e+02,-1.153000000000000000e+03,-6.220000000000000000e+02,-4.200000000000000000e+01
1.679988677396581411e+09,1.658400000000000000e+04,5.120000000000000000e+02,-7.840000000000000000e+02,-1.153000000000000000e+03,-6.220000000000000000e+02,-4.200000000000000000e+01
1.679988677399153709e+09,1.658400000000000000e+04,5.120000000000000000e+02,-7.840000000000000000e+02,-1.153000000000000000e+03,-6.220000000000000000e+02,-4.200000000000000000e+01
1.679988677399846554e+09,1.658400000000000000e+04,5.120000000000000000e+02,-7.840000000000000000e+02,-1.153000000000000000e+03,-6.220000000000000000e+02,-4.200000000000000000e+01
1.679988677402720213e+09,1.658400000000000000e+04,5.120000000000000000e+02,-7.840000000000000000e+02,-1.153000000000000000e+03,-6.220000000000000000e+02,-4.200000000000000000e+01
1.679988677403411388e+09,1.658400000000000000e+04,5.120000000000000000e+02,-7.840000000000000000e+02,-1.153000000000000000e+03,-6.220000000000000000e+02,-4.200000000000000000e+01
1.679988677406129122e+09,1.658400000000000000e+04,5.120000000000000000e+02,-7.840000000000000000e+02,-1.153000000000000000e+03,-6.220000000000000000e+02,-4.200000000000000000e+01
1.679988677406830549e+09,1.658400000000000000e+04,5.120000000000000000e+02,-7.840000000000000000e+02,-1.153000000000000000e+03,-6.220000000000000000e+02,-4.200000000000000000e+01
1.679988677409532785e+09,1.658400000000000000e+04,5.120000000000000000e+02,-7.840000000000000000e+02,-1.153000000000000000e+03,-6.220000000000000000e+02,-4.200000000000000000e+01
1.679988677410241127e+09,1.658400000000000000e+04,5.120000000000000000e+02,-7.840000000000000000e+02,-1.153000000000000000e+03,-6.220000000000000000e+02,-4.200000000000000000e+01
1.679988677412907839e+09,1.658400000000000000e+04,5.120000000000000000e+02,-7.840000000000000000e+02,-1.153000000000000000e+03,-6.220000000000000000e+02,-4.200000000000000000e+01
1.679988677413610458e+09,1.658400000000000000e+04,5.120000000000000000e+02,-7.840000000000000000e+02,-1.153000000000000000e+03,-6.220000000000000000e+02,-4.200000000000000000e+01
1.679988677416351080e+09,1.658400000000000000e+04,5.120000000000000000e+02,-7.840000000000000000e+02,-1.153000000000000000e+03,-6.220000000000000000e+02,-4.200000000000000000e+01
1.679988677417067289e+09,1.658400000000000000e+04,5.120000000000000000e+02,-7.840000000000000000e+02,-1.153000000000000000e+03,-6.220000000000000000e+02,-4.200000000000000000e+01
1.679988677419739723e+09,1.658400000000000000e+04,5.120000000000000000e+02,-7.840000000000000000e+02,-1.153000000000000000e+03,-6.220000000000000000e+02,-4.200000000000000000e+01
1.679988677420450926e+09,1.658400000000000000e+04,5.120000000000000000e+02,-7.840000000000000000e+02,-1.153000000000000000e+03,-6.220000000000000000e+02,-4.200000000000000000e+01
1.679988677423135757e+09,1.658400000000000000e+04,5.120000000000000000e+02,-7.840000000000000000e+02,-1.153000000000000000e+03,-6.220000000000000000e+02,-4.200000000000000000e+01
1.679988677423846006e+09,1.658400000000000000e+04,5.120000000000000000e+02,-7.840000000000000000e+02,-1.153000000000000000e+03,-6.220000000000000000e+02,-4.200000000000000000e+01
1.679988677426528931e+09,1.658400000000000000e+04,5.120000000000000000e+02,-7.840000000000000000e+02,-1.153000000000000000e+03,-6.220000000000000000e+02,-4.200000000000000000e+01
1.679988677427245617e+09,1.658400000000000000e+04,5.120000000000000000e+02,-7.840000000000000000e+02,-1.153000000000000000e+03,-6.220000000000000000e+02,-4.200000000000000000e+01
1.679988677429935694e+09,1.658400000000000000e+04,5.120000000000000000e+02,-7.840000000000000000e+02,-1.153000000000000000e+03,-6.220000000000000000e+02,-4.200000000000000000e+01
1.679988677430652142e+09,1.658400000000000000e+04,5.120000000000000000e+02,-7.840000000000000000e+02,-1.153000000000000000e+03,-6.220000000000000000e+02,-4.200000000000000000e+01
1.679988677433346987e+09,1.658400000000000000e+04,5.120000000000000000e+02,-7.840000000000000000e+02,-1.153000000000000000e+03,-6.220000000000000000e+02,-4.200000000000000000e+01
1.679988677434050798e+09,1.658400000000000000e+04,5.120000000000000000e+02,-7.840000000000000000e+02,-1.153000000000000000e+03,-6.220000000000000000e+02,-4.200000000000000000e+01
1.679988677436769247e+09,1.658400000000000000e+04,5.120000000000000000e+02,-7.840000000000000000e+02,-1.153000000000000000e+03,-6.220000000000000000e+02,-4.200000000000000000e+01
1.679988677437483311e+09,1.658400000000000000e+04,5.120000000000000000e+02,-7.840000000000000000e+02,-1.153000000000000000e+03,-6.220000000000000000e+02,-4.200000000000000000e+01
1.679988677440165997e+09,1.658400000000000000e+04,5.120000000000000000e+02,-7.840000000000000000e+02,-1.153000000000000000e+03,-6.220000000000000000e+02,-4.200000000000000000e+01
1.679988677440870285e+09,1.658400000000000000e+04,5.120000000000000000e+02,-7.840000000000000000e+02,-1.153000000000000000e+03,-6.220000000000000000e+02,-4.200000000000000000e+01
1.679988677443579674e+09,1.658400000000000000e+04,5.120000000000000000e+02,-7.840000000000000000e+02,-1.153000000000000000e+03,-6.220000000000000000e+02,-4.200000000000000000e+01
1.679988677444281340e+09,1.658400000000000000e+04,5.120000000000000000e+02,-7.840000000000000000e+02,-1.153000000000000000e+03,-6.220000000000000000e+02,-4.200000000000000000e+01
1.679988677446932554e+09,1.658400000000000000e+04,5.120000000000000000e+02,-7.840000000000000000e+02,-1.153000000000000000e+03,-6.220000000000000000e+02,-4.200000000000000000e+01
1.679988677447634220e+09,1.658400000000000000e+04,5.120000000000000000e+02,-7.840000000000000000e+02,-1.153000000000000000e+03,-6.220000000000000000e+02,-4.200000000000000000e+01
1.679988677450525761e+09,1.658400000000000000e+04,5.120000000000000000e+02,-7.840000000000000000e+02,-1.153000000000000000e+03,-6.220000000000000000e+02,-4.200000000000000000e+01
1.679988677451222897e+09,1.658400000000000000e+04,5.120000000000000000e+02,-7.840000000000000000e+02,-1.153000000000000000e+03,-6.220000000000000000e+02,-4.200000000000000000e+01
1.679988677453901768e+09,1.658400000000000000e+04,5.120000000000000000e+02,-7.840000000000000000e+02,-1.153000000000000000e+03,-6.220000000000000000e+02,-4.200000000000000000e+01
1.679988677454594851e+09,1.658400000000000000e+04,5.120000000000000000e+02,-7.840000000000000000e+02,-1.153000000000000000e+03,-6.220000000000000000e+02,-4.200000000000000000e+01
1.679988677457417011e+09,1.658400000000000000e+04,5.120000000000000000e+02,-7.840000000000000000e+02,-1.153000000000000000e+03,-6.220000000000000000e+02,-4.200000000000000000e+01
1.679988677458111048e+09,1.658400000000000000e+04,5.120000000000000000e+02,-7.840000000000000000e+02,-1.153000000000000000e+03,-6.220000000000000000e+02,-4.200000000000000000e+01
1.679988677460783958e+09,1.658400000000000000e+04,5.120000000000000000e+02,-7.840000000000000000e+02,-1.153000000000000000e+03,-6.220000000000000000e+02,-4.200000000000000000e+01
1.679988677461485624e+09,1.658400000000000000e+04,5.120000000000000000e+02,-7.840000000000000000e+02,-1.153000000000000000e+03,-6.220000000000000000e+02,-4.200000000000000000e+01
1.679988677464196444e+09,1.658400000000000000e+04,5.120000000000000000e+02,-7.840000000000000000e+02,-1.153000000000000000e+03,-6.220000000000000000e+02,-4.200000000000000000e+01
1.679988677464897394e+09,1.658400000000000000e+04,5.120000000000000000e+02,-7.840000000000000000e+02,-1.153000000000000000e+03,-6.220000000000000000e+02,-4.200000000000000000e+01
1.679988677467637539e+09,1.658400000000000000e+04,5.120000000000000000e+02,-7.840000000000000000e+02,-1.153000000000000000e+03,-6.220000000000000000e+02,-4.200000000000000000e+01
1.679988677468343019e+09,1.658400000000000000e+04,5.120000000000000000e+02,-7.840000000000000000e+02,-1.153000000000000000e+03,-6.220000000000000000e+02,-4.200000000000000000e+01
1.679988677471061707e+09,1.658400000000000000e+04,5.120000000000000000e+02,-7.840000000000000000e+02,-1.153000000000000000e+03,-6.220000000000000000e+02,-4.200000000000000000e+01
1.679988677471775532e+09,1.658400000000000000e+04,5.120000000000000000e+02,-7.840000000000000000e+02,-1.153000000000000000e+03,-6.220000000000000000e+02,-4.200000000000000000e+01
1.679988677474452734e+09,1.658400000000000000e+04,5.120000000000000000e+02,-7.840000000000000000e+02,-1.153000000000000000e+03,-6.220000000000000000e+02,-4.200000000000000000e+01
1.679988677475151300e+09,1.658400000000000000e+04,5.120000000000000000e+02,-7.840000000000000000e+02,-1.153000000000000000e+03,-6.220000000000000000e+02,-4.200000000000000000e+01
1.679988677477995872e+09,1.658400000000000000e+04,5.120000000000000000e+02,-7.840000000000000000e+02,-1.153000000000000000e+03,-6.220000000000000000e+02,-4.200000000000000000e+01
1.679988677478685141e+09,1.658400000000000000e+04,5.120000000000000000e+02,-7.840000000000000000e+02,-1.153000000000000000e+03,-6.220000000000000000e+02,-4.200000000000000000e+01
1.679988677481391430e+09,1.658400000000000000e+04,5.120000000000000000e+02,-7.840000000000000000e+02,-1.153000000000000000e+03,-6.220000000000000000e+02,-4.200000000000000000e+01
1.679988677482087851e+09,1.658400000000000000e+04,5.120000000000000000e+02,-7.840000000000000000e+02,-1.153000000000000000e+03,-6.220000000000000000e+02,-4.200000000000000000e+01
1.679988677484742165e+09,1.658400000000000000e+04,5.120000000000000000e+02,-7.840000000000000000e+02,-1.153000000000000000e+03,-6.220000000000000000e+02,-4.200000000000000000e+01
1.679988677485441685e+09,1.658400000000000000e+04,5.120000000000000000e+02,-7.840000000000000000e+02,-1.153000000000000000e+03,-6.220000000000000000e+02,-4.200000000000000000e+01
1.679988677488353968e+09,1.658400000000000000e+04,5.120000000000000000e+02,-7.840000000000000000e+02,-1.153000000000000000e+03,-6.220000000000000000e+02,-4.200000000000000000e+01
1.679988677489043236e+09,1.658400000000000000e+04,5.120000000000000000e+02,-7.840000000000000000e+02,-1.153000000000000000e+03,-6.220000000000000000e+02,-4.200000000000000000e+01
1.679988677491760015e+09,1.658400000000000000e+04,5.120000000000000000e+02,-7.840000000000000000e+02,-1.153000000000000000e+03,-6.220000000000000000e+02,-4.200000000000000000e+01
1.679988677492466688e+09,1.658400000000000000e+04,5.120000000000000000e+02,-7.840000000000000000e+02,-1.153000000000000000e+03,-6.220000000000000000e+02,-4.200000000000000000e+01
1.679988677495170832e+09,1.658400000000000000e+04,5.120000000000000000e+02,-7.840000000000000000e+02,-1.153000000000000000e+03,-6.220000000000000000e+02,-4.200000000000000000e+01
1.679988677495929956e+09,1.658400000000000000e+04,5.120000000000000000e+02,-7.840000000000000000e+02,-1.153000000000000000e+03,-6.220000000000000000e+02,-4.200000000000000000e+01
1.679988677498646259e+09,1.658400000000000000e+04,5.120000000000000000e+02,-7.840000000000000000e+02,-1.153000000000000000e+03,-6.220000000000000000e+02,-4.200000000000000000e+01
1.679988677499355793e+09,1.658400000000000000e+04,5.120000000000000000e+02,-7.840000000000000000e+02,-1.153000000000000000e+03,-6.220000000000000000e+02,-4.200000000000000000e+01
1.679988677502060175e+09,1.658400000000000000e+04,5.120000000000000000e+02,-7.840000000000000000e+02,-1.153000000000000000e+03,-6.220000000000000000e+02,-4.200000000000000000e+01
1.679988677502764463e+09,1.658400000000000000e+04,5.120000000000000000e+02,-7.840000000000000000e+02,-1.153000000000000000e+03,-6.220000000000000000e+02,-4.200000000000000000e+01
1.679988677505513668e+09,1.658400000000000000e+04,5.120000000000000000e+02,-7.840000000000000000e+02,-1.153000000000000000e+03,-6.220000000000000000e+02,-4.200000000000000000e+01
1.679988677506231308e+09,1.658400000000000000e+04,5.120000000000000000e+02,-7.840000000000000000e+02,-1.153000000000000000e+03,-6.220000000000000000e+02,-4.200000000000000000e+01
1.679988677508927584e+09,1.658400000000000000e+04,5.120000000000000000e+02,-7.840000000000000000e+02,-1.153000000000000000e+03,-6.220000000000000000e+02,-4.200000000000000000e+01
1.679988677509627342e+09,1.658400000000000000e+04,5.120000000000000000e+02,-7.840000000000000000e+02,-1.153000000000000000e+03,-6.220000000000000000e+02,-4.200000000000000000e+01
1.679988677512353182e+09,1.658400000000000000e+04,5.120000000000000000e+02,-7.840000000000000000e+02,-1.153000000000000000e+03,-6.220000000000000000e+02,-4.200000000000000000e+01
1.679988677513055325e+09,1.658400000000000000e+04,5.120000000000000000e+02,-7.840000000000000000e+02,-1.153000000000000000e+03,-6.220000000000000000e+02,-4.200000000000000000e+01
1.679988677515781164e+09,1.658400000000000000e+04,5.120000000000000000e+02,-7.840000000000000000e+02,-1.153000000000000000e+03,-6.220000000000000000e+02,-4.200000000000000000e+01
1.679988677516474724e+09,1.658400000000000000e+04,5.120000000000000000e+02,-7.840000000000000000e+02,-1.153000000000000000e+03,-6.220000000000000000e+02,-4.200000000000000000e+01
1.679988677519204617e+09,1.658400000000000000e+04,5.120000000000000000e+02,-7.840000000000000000e+02,-1.153000000000000000e+03,-6.220000000000000000e+02,-4.200000000000000000e+01
1.679988677519910574e+09,1.658400000000000000e+04,5.120000000000000000e+02,-7.840000000000000000e+02,-1.153000000000000000e+03,-6.220000000000000000e+02,-4.200000000000000000e+01
1.679988677522606373e+09,1.658400000000000000e+04,5.120000000000000000e+02,-7.840000000000000000e+02,-1.153000000000000000e+03,-6.220000000000000000e+02,-4.200000000000000000e+01
1.679988677523313522e+09,1.658400000000000000e+04,5.120000000000000000e+02,-7.840000000000000000e+02,-1.153000000000000000e+03,-6.220000000000000000e+02,-4.200000000000000000e+01
1.679988677526065350e+09,1.658400000000000000e+04,5.120000000000000000e+02,-7.840000000000000000e+02,-1.153000000000000000e+03,-6.220000000000000000e+02,-4.200000000000000000e+01
1.679988677526771784e+09,1.658400000000000000e+04,5.120000000000000000e+02,-7.840000000000000000e+02,-1.153000000000000000e+03,-6.220000000000000000e+02,-4.200000000000000000e+01
1.679988677529477119e+09,1.658400000000000000e+04,5.120000000000000000e+02,-7.840000000000000000e+02,-1.153000000000000000e+03,-6.220000000000000000e+02,-4.200000000000000000e+01
1.679988677530189991e+09,1.658400000000000000e+04,5.120000000000000000e+02,-7.840000000000000000e+02,-1.153000000000000000e+03,-6.220000000000000000e+02,-4.200000000000000000e+01
1.679988677532910585e+09,1.658400000000000000e+04,5.120000000000000000e+02,-7.840000000000000000e+02,-1.153000000000000000e+03,-6.220000000000000000e+02,-4.200000000000000000e+01
1.679988677533619404e+09,1.658400000000000000e+04,5.120000000000000000e+02,-7.840000000000000000e+02,-1.153000000000000000e+03,-6.220000000000000000e+02,-4.200000000000000000e+01
1.679988677536331177e+09,1.658400000000000000e+04,5.120000000000000000e+02,-7.840000000000000000e+02,-1.153000000000000000e+03,-6.220000000000000000e+02,-4.200000000000000000e+01
1.679988677537061214e+09,1.658400000000000000e+04,5.120000000000000000e+02,-7.840000000000000000e+02,-1.153000000000000000e+03,-6.220000000000000000e+02,-4.200000000000000000e+01
1.679988677539788008e+09,1.658400000000000000e+04,5.120000000000000000e+02,-7.840000000000000000e+02,-1.153000000000000000e+03,-6.220000000000000000e+02,-4.200000000000000000e+01
1.679988677540489435e+09,1.658400000000000000e+04,5.120000000000000000e+02,-7.840000000000000000e+02,-1.153000000000000000e+03,-6.220000000000000000e+02,-4.200000000000000000e+01
1.679988677543182373e+09,1.658400000000000000e+04,5.120000000000000000e+02,-7.840000000000000000e+02,-1.153000000000000000e+03,-6.220000000000000000e+02,-4.200000000000000000e+01
1.679988677543891430e+09,1.658400000000000000e+04,5.120000000000000000e+02,-7.840000000000000000e+02,-1.153000000000000000e+03,-6.220000000000000000e+02,-4.200000000000000000e+01
1.679988677546532154e+09,1.658400000000000000e+04,5.120000000000000000e+02,-7.840000000000000000e+02,-1.153000000000000000e+03,-6.220000000000000000e+02,-4.200000000000000000e+01
1.679988677547235727e+09,1.658400000000000000e+04,5.120000000000000000e+02,-7.840000000000000000e+02,-1.153000000000000000e+03,-6.220000000000000000e+02,-4.200000000000000000e+01
1.679988677550131083e+09,1.658400000000000000e+04,5.120000000000000000e+02,-7.840000000000000000e+02,-1.153000000000000000e+03,-6.220000000000000000e+02,-4.200000000000000000e+01
1.679988677550820112e+09,1.658400000000000000e+04,5.120000000000000000e+02,-7.840000000000000000e+02,-1.153000000000000000e+03,-6.220000000000000000e+02,-4.200000000000000000e+01
1.679988677553540945e+09,1.658400000000000000e+04,5.120000000000000000e+02,-7.840000000000000000e+02,-1.153000000000000000e+03,-6.220000000000000000e+02,-4.200000000000000000e+01
1.679988677554253101e+09,1.658400000000000000e+04,5.120000000000000000e+02,-7.840000000000000000e+02,-1.153000000000000000e+03,-6.220000000000000000e+02,-4.200000000000000000e+01
1.679988677556983471e+09,1.658400000000000000e+04,5.120000000000000000e+02,-7.840000000000000000e+02,-1.153000000000000000e+03,-6.220000000000000000e+02,-4.200000000000000000e+01
1.679988677557684422e+09,1.658400000000000000e+04,5.120000000000000000e+02,-7.840000000000000000e+02,-1.153000000000000000e+03,-6.220000000000000000e+02,-4.200000000000000000e+01
1.679988677560407639e+09,1.658400000000000000e+04,5.120000000000000000e+02,-7.840000000000000000e+02,-1.153000000000000000e+03,-6.220000000000000000e+02,-4.200000000000000000e+01
1.679988677561114550e+09,1.658400000000000000e+04,5.120000000000000000e+02,-7.840000000000000000e+02,-1.153000000000000000e+03,-6.220000000000000000e+02,-4.200000000000000000e+01
1.679988677563818693e+09,1.658400000000000000e+04,5.120000000000000000e+02,-7.840000000000000000e+02,-1.153000000000000000e+03,-6.220000000000000000e+02,-4.200000000000000000e+01
1.679988677564515352e+09,1.658400000000000000e+04,5.120000000000000000e+02,-7.840000000000000000e+02,-1.153000000000000000e+03,-6.220000000000000000e+02,-4.200000000000000000e+01
1.679988677567289829e+09,1.658400000000000000e+04,5.120000000000000000e+02,-7.840000000000000000e+02,-1.153000000000000000e+03,-6.220000000000000000e+02,-4.200000000000000000e+01
1.679988677567991018e+09,1.658400000000000000e+04,5.120000000000000000e+02,-7.840000000000000000e+02,-1.153000000000000000e+03,-6.220000000000000000e+02,-4.200000000000000000e+01
1.679988677570688486e+09,1.658400000000000000e+04,5.120000000000000000e+02,-7.840000000000000000e+02,-1.153000000000000000e+03,-6.220000000000000000e+02,-4.200000000000000000e+01
1.679988677571390152e+09,1.658400000000000000e+04,5.120000000000000000e+02,-7.840000000000000000e+02,-1.153000000000000000e+03,-6.220000000000000000e+02,-4.200000000000000000e+01
1.679988677574119329e+09,1.658400000000000000e+04,5.120000000000000000e+02,-7.840000000000000000e+02,-1.153000000000000000e+03,-6.220000000000000000e+02,-4.200000000000000000e+01
1.679988677574824095e+09,1.658400000000000000e+04,5.120000000000000000e+02,-7.840000000000000000e+02,-1.153000000000000000e+03,-6.220000000000000000e+02,-4.200000000000000000e+01
1.679988677577564240e+09,1.658400000000000000e+04,5.120000000000000000e+02,-7.840000000000000000e+02,-1.153000000000000000e+03,-6.220000000000000000e+02,-4.200000000000000000e+01
1.679988677578265429e+09,1.658400000000000000e+04,5.120000000000000000e+02,-7.840000000000000000e+02,-1.153000000000000000e+03,-6.220000000000000000e+02,-4.200000000000000000e+01
1.679988677581002474e+09,1.658400000000000000e+04,5.120000000000000000e+02,-7.840000000000000000e+02,-1.153000000000000000e+03,-6.220000000000000000e+02,-4.200000000000000000e+01
1.679988677581702232e+09,1.658400000000000000e+04,5.120000000000000000e+02,-7.840000000000000000e+02,-1.153000000000000000e+03,-6.220000000000000000e+02,-4.200000000000000000e+01
1.679988677584421873e+09,1.658400000000000000e+04,5.120000000000000000e+02,-7.840000000000000000e+02,-1.153000000000000000e+03,-6.220000000000000000e+02,-4.200000000000000000e+01
1.679988677585128307e+09,1.658400000000000000e+04,5.120000000000000000e+02,-7.840000000000000000e+02,-1.153000000000000000e+03,-6.220000000000000000e+02,-4.200000000000000000e+01
1.679988677587883949e+09,1.658400000000000000e+04,5.120000000000000000e+02,-7.840000000000000000e+02,-1.153000000000000000e+03,-6.220000000000000000e+02,-4.200000000000000000e+01
1.679988677588590145e+09,1.658400000000000000e+04,5.120000000000000000e+02,-7.840000000000000000e+02,-1.153000000000000000e+03,-6.220000000000000000e+02,-4.200000000000000000e+01
1.679988677591301441e+09,1.658400000000000000e+04,5.120000000000000000e+02,-7.840000000000000000e+02,-1.153000000000000000e+03,-6.220000000000000000e+02,-4.200000000000000000e+01
1.679988677592000723e+09,1.658400000000000000e+04,5.120000000000000000e+02,-7.840000000000000000e+02,-1.153000000000000000e+03,-6.220000000000000000e+02,-4.200000000000000000e+01
1.679988677594746351e+09,1.658400000000000000e+04,5.120000000000000000e+02,-7.840000000000000000e+02,-1.153000000000000000e+03,-6.220000000000000000e+02,-4.200000000000000000e+01
1.679988677595450878e+09,1.658400000000000000e+04,5.120000000000000000e+02,-7.840000000000000000e+02,-1.153000000000000000e+03,-6.220000000000000000e+02,-4.200000000000000000e+01
1.679988677598179102e+09,1.658400000000000000e+04,5.120000000000000000e+02,-7.840000000000000000e+02,-1.153000000000000000e+03,-6.220000000000000000e+02,-4.200000000000000000e+01
1.679988677598889828e+09,1.658400000000000000e+04,5.120000000000000000e+02,-7.840000000000000000e+02,-1.153000000000000000e+03,-6.220000000000000000e+02,-4.200000000000000000e+01
1.679988677601636171e+09,1.658400000000000000e+04,5.120000000000000000e+02,-7.840000000000000000e+02,-1.153000000000000000e+03,-6.220000000000000000e+02,-4.200000000000000000e+01
1.679988677602342129e+09,1.658400000000000000e+04,5.120000000000000000e+02,-7.840000000000000000e+02,-1.153000000000000000e+03,-6.220000000000000000e+02,-4.200000000000000000e+01
1.679988677605070353e+09,1.658400000000000000e+04,5.120000000000000000e+02,-7.840000000000000000e+02,-1.153000000000000000e+03,-6.220000000000000000e+02,-4.200000000000000000e+01
1.679988677605818272e+09,1.658400000000000000e+04,5.120000000000000000e+02,-7.840000000000000000e+02,-1.153000000000000000e+03,-6.220000000000000000e+02,-4.200000000000000000e+01
1.679988677608538866e+09,1.658400000000000000e+04,5.120000000000000000e+02,-7.840000000000000000e+02,-1.153000000000000000e+03,-6.220000000000000000e+02,-4.200000000000000000e+01
1.679988677609254837e+09,1.658400000000000000e+04,5.120000000000000000e+02,-7.840000000000000000e+02,-1.153000000000000000e+03,-6.220000000000000000e+02,-4.200000000000000000e+01
1.679988677611964226e+09,1.658400000000000000e+04,5.120000000000000000e+02,-7.840000000000000000e+02,-1.153000000000000000e+03,-6.220000000000000000e+02,-4.200000000000000000e+01
1.679988677612666607e+09,1.658400000000000000e+04,5.120000000000000000e+02,-7.840000000000000000e+02,-1.153000000000000000e+03,-6.220000000000000000e+02,-4.200000000000000000e+01
1.679988677615399122e+09,1.658400000000000000e+04,5.120000000000000000e+02,-7.840000000000000000e+02,-1.153000000000000000e+03,-6.220000000000000000e+02,-4.200000000000000000e+01
1.679988677616134405e+09,1.658400000000000000e+04,5.120000000000000000e+02,-7.840000000000000000e+02,-1.153000000000000000e+03,-6.220000000000000000e+02,-4.200000000000000000e+01
1.679988677618843794e+09,1.658400000000000000e+04,5.120000000000000000e+02,-7.840000000000000000e+02,-1.153000000000000000e+03,-6.220000000000000000e+02,-4.200000000000000000e+01
1.679988677619546890e+09,1.658400000000000000e+04,5.120000000000000000e+02,-7.840000000000000000e+02,-1.153000000000000000e+03,-6.220000000000000000e+02,-4.200000000000000000e+01
1.679988677622282267e+09,1.658400000000000000e+04,5.120000000000000000e+02,-7.840000000000000000e+02,-1.153000000000000000e+03,-6.220000000000000000e+02,-4.200000000000000000e+01
1.679988677622988462e+09,1.658400000000000000e+04,5.120000000000000000e+02,-7.840000000000000000e+02,-1.153000000000000000e+03,-6.220000000000000000e+02,-4.200000000000000000e+01
1.679988677625724077e+09,1.658400000000000000e+04,5.120000000000000000e+02,-7.840000000000000000e+02,-1.153000000000000000e+03,-6.220000000000000000e+02,-4.200000000000000000e+01
1.679988677626430273e+09,1.658400000000000000e+04,5.120000000000000000e+02,-7.840000000000000000e+02,-1.153000000000000000e+03,-6.220000000000000000e+02,-4.200000000000000000e+01
1.679988677629179239e+09,1.658400000000000000e+04,5.120000000000000000e+02,-7.840000000000000000e+02,-1.153000000000000000e+03,-6.220000000000000000e+02,-4.200000000000000000e+01
1.679988677629892111e+09,1.658400000000000000e+04,5.120000000000000000e+02,-7.840000000000000000e+02,-1.153000000000000000e+03,-6.220000000000000000e+02,-4.200000000000000000e+01
1.679988677632603168e+09,1.658400000000000000e+04,5.120000000000000000e+02,-7.840000000000000000e+02,-1.153000000000000000e+03,-6.220000000000000000e+02,-4.200000000000000000e+01
1.679988677633308411e+09,1.658400000000000000e+04,5.120000000000000000e+02,-7.840000000000000000e+02,-1.153000000000000000e+03,-6.220000000000000000e+02,-4.200000000000000000e+01
1.679988677636078358e+09,1.658400000000000000e+04,5.120000000000000000e+02,-7.840000000000000000e+02,-1.153000000000000000e+03,-6.220000000000000000e+02,-4.200000000000000000e+01
1.679988677636782169e+09,1.658400000000000000e+04,5.120000000000000000e+02,-7.840000000000000000e+02,-1.153000000000000000e+03,-6.220000000000000000e+02,-4.200000000000000000e+01
1.679988677639505863e+09,1.658400000000000000e+04,5.120000000000000000e+02,-7.840000000000000000e+02,-1.153000000000000000e+03,-6.220000000000000000e+02,-4.200000000000000000e+01
1.679988677640208721e+09,1.658400000000000000e+04,5.120000000000000000e+02,-7.840000000000000000e+02,-1.153000000000000000e+03,-6.220000000000000000e+02,-4.200000000000000000e+01
1.679988677642949820e+09,1.658400000000000000e+04,5.120000000000000000e+02,-7.840000000000000000e+02,-1.153000000000000000e+03,-6.220000000000000000e+02,-4.200000000000000000e+01
1.679988677643655062e+09,1.658400000000000000e+04,5.120000000000000000e+02,-7.840000000000000000e+02,-1.153000000000000000e+03,-6.220000000000000000e+02,-4.200000000000000000e+01
1.679988677646422386e+09,1.658400000000000000e+04,5.120000000000000000e+02,-7.840000000000000000e+02,-1.153000000000000000e+03,-6.220000000000000000e+02,-4.200000000000000000e+01
1.679988677647121191e+09,1.658400000000000000e+04,5.120000000000000000e+02,-7.840000000000000000e+02,-1.153000000000000000e+03,-6.220000000000000000e+02,-4.200000000000000000e+01
1.679988677649857759e+09,1.658400000000000000e+04,5.120000000000000000e+02,-7.840000000000000000e+02,-1.153000000000000000e+03,-6.220000000000000000e+02,-4.200000000000000000e+01
1.679988677650562286e+09,1.658400000000000000e+04,5.120000000000000000e+02,-7.840000000000000000e+02,-1.153000000000000000e+03,-6.220000000000000000e+02,-4.200000000000000000e+01
1.679988677653298616e+09,1.658400000000000000e+04,5.120000000000000000e+02,-7.840000000000000000e+02,-1.153000000000000000e+03,-6.220000000000000000e+02,-4.200000000000000000e+01
1.679988677654006481e+09,1.658400000000000000e+04,5.120000000000000000e+02,-7.840000000000000000e+02,-1.153000000000000000e+03,-6.220000000000000000e+02,-4.200000000000000000e+01
1.679988677656758547e+09,1.658400000000000000e+04,5.120000000000000000e+02,-7.840000000000000000e+02,-1.153000000000000000e+03,-6.220000000000000000e+02,-4.200000000000000000e+01
1.679988677657477140e+09,1.658400000000000000e+04,5.120000000000000000e+02,-7.840000000000000000e+02,-1.153000000000000000e+03,-6.220000000000000000e+02,-4.200000000000000000e+01
1.679988677660192490e+09,1.658400000000000000e+04,5.120000000000000000e+02,-7.840000000000000000e+02,-1.153000000000000000e+03,-6.220000000000000000e+02,-4.200000000000000000e+01
1.679988677660905123e+09,1.658400000000000000e+04,5.120000000000000000e+02,-7.840000000000000000e+02,-1.153000000000000000e+03,-6.220000000000000000e+02,-4.200000000000000000e+01
1.679988677663624763e+09,1.658400000000000000e+04,5.120000000000000000e+02,-7.840000000000000000e+02,-1.153000000000000000e+03,-6.220000000000000000e+02,-4.200000000000000000e+01
1.679988677664343834e+09,1.658400000000000000e+04,5.120000000000000000e+02,-7.840000000000000000e+02,-1.153000000000000000e+03,-6.220000000000000000e+02,-4.200000000000000000e+01
1.679988677667095661e+09,1.658400000000000000e+04,5.120000000000000000e+02,-7.840000000000000000e+02,-1.153000000000000000e+03,-6.220000000000000000e+02,-4.200000000000000000e+01
1.679988677667804480e+09,1.658400000000000000e+04,5.120000000000000000e+02,-7.840000000000000000e+02,-1.153000000000000000e+03,-6.220000000000000000e+02,-4.200000000000000000e+01
1.679988677670541763e+09,1.658400000000000000e+04,5.120000000000000000e+02,-7.840000000000000000e+02,-1.153000000000000000e+03,-6.220000000000000000e+02,-4.200000000000000000e+01
1.679988677671251059e+09,1.658400000000000000e+04,5.120000000000000000e+02,-7.840000000000000000e+02,-1.153000000000000000e+03,-6.220000000000000000e+02,-4.200000000000000000e+01
1.679988677673973799e+09,1.658400000000000000e+04,5.120000000000000000e+02,-7.840000000000000000e+02,-1.153000000000000000e+03,-6.220000000000000000e+02,-4.200000000000000000e+01
1.679988677674681664e+09,1.658400000000000000e+04,5.120000000000000000e+02,-7.840000000000000000e+02,-1.153000000000000000e+03,-6.220000000000000000e+02,-4.200000000000000000e+01
1.679988677677511692e+09,1.658400000000000000e+04,5.120000000000000000e+02,-7.840000000000000000e+02,-1.153000000000000000e+03,-6.220000000000000000e+02,-4.200000000000000000e+01
1.679988677678218603e+09,1.658400000000000000e+04,5.120000000000000000e+02,-7.840000000000000000e+02,-1.153000000000000000e+03,-6.220000000000000000e+02,-4.200000000000000000e+01
1.679988677680933237e+09,1.658400000000000000e+04,5.120000000000000000e+02,-7.840000000000000000e+02,-1.153000000000000000e+03,-6.220000000000000000e+02,-4.200000000000000000e+01
1.679988677681648016e+09,1.658400000000000000e+04,5.120000000000000000e+02,-7.840000000000000000e+02,-1.153000000000000000e+03,-6.220000000000000000e+02,-4.200000000000000000e+01
1.679988677684375048e+09,1.658400000000000000e+04,5.120000000000000000e+02,-7.840000000000000000e+02,-1.153000000000000000e+03,-6.220000000000000000e+02,-4.200000000000000000e+01
1.679988677685089111e+09,1.658400000000000000e+04,5.120000000000000000e+02,-7.840000000000000000e+02,-1.153000000000000000e+03,-6.220000000000000000e+02,-4.200000000000000000e+01
1.679988677687844515e+09,1.658400000000000000e+04,5.120000000000000000e+02,-7.840000000000000000e+02,-1.153000000000000000e+03,-6.220000000000000000e+02,-4.200000000000000000e+01
1.679988677688560009e+09,1.658400000000000000e+04,5.120000000000000000e+02,-7.840000000000000000e+02,-1.153000000000000000e+03,-6.220000000000000000e+02,-4.200000000000000000e+01
1.679988677691305161e+09,1.658400000000000000e+04,5.120000000000000000e+02,-7.840000000000000000e+02,-1.153000000000000000e+03,-6.220000000000000000e+02,-4.200000000000000000e+01
1.679988677692013502e+09,1.658400000000000000e+04,5.120000000000000000e+02,-7.840000000000000000e+02,-1.153000000000000000e+03,-6.220000000000000000e+02,-4.200000000000000000e+01
1.679988677694737911e+09,1.658400000000000000e+04,5.120000000000000000e+02,-7.840000000000000000e+02,-1.153000000000000000e+03,-6.220000000000000000e+02,-4.200000000000000000e+01
1.679988677695448637e+09,1.658400000000000000e+04,5.120000000000000000e+02,-7.840000000000000000e+02,-1.153000000000000000e+03,-6.220000000000000000e+02,-4.200000000000000000e+01
1.679988677698208809e+09,1.658400000000000000e+04,5.120000000000000000e+02,-7.840000000000000000e+02,-1.153000000000000000e+03,-6.220000000000000000e+02,-4.200000000000000000e+01
1.679988677698921919e+09,1.658400000000000000e+04,5.120000000000000000e+02,-7.840000000000000000e+02,-1.153000000000000000e+03,-6.220000000000000000e+02,-4.200000000000000000e+01
1.679988677701656342e+09,1.658400000000000000e+04,5.120000000000000000e+02,-7.840000000000000000e+02,-1.153000000000000000e+03,-6.220000000000000000e+02,-4.200000000000000000e+01
1.679988677702360153e+09,1.658400000000000000e+04,5.120000000000000000e+02,-7.840000000000000000e+02,-1.153000000000000000e+03,-6.220000000000000000e+02,-4.200000000000000000e+01
1.679988677705106974e+09,1.658400000000000000e+04,5.120000000000000000e+02,-7.840000000000000000e+02,-1.153000000000000000e+03,-6.220000000000000000e+02,-4.200000000000000000e+01
1.679988677705879927e+09,1.658400000000000000e+04,5.120000000000000000e+02,-7.840000000000000000e+02,-1.153000000000000000e+03,-6.220000000000000000e+02,-4.200000000000000000e+01
1.679988677708573341e+09,1.658400000000000000e+04,5.120000000000000000e+02,-7.840000000000000000e+02,-1.153000000000000000e+03,-6.220000000000000000e+02,-4.200000000000000000e+01
1.679988677709292650e+09,1.658400000000000000e+04,5.120000000000000000e+02,-7.840000000000000000e+02,-1.153000000000000000e+03,-6.220000000000000000e+02,-4.200000000000000000e+01
1.679988677712019920e+09,1.658400000000000000e+04,5.120000000000000000e+02,-7.840000000000000000e+02,-1.153000000000000000e+03,-6.220000000000000000e+02,-4.200000000000000000e+01
1.679988677712748528e+09,1.658400000000000000e+04,5.120000000000000000e+02,-7.840000000000000000e+02,-1.153000000000000000e+03,-6.220000000000000000e+02,-4.200000000000000000e+01
1.679988677715512753e+09,1.658400000000000000e+04,5.120000000000000000e+02,-7.840000000000000000e+02,-1.153000000000000000e+03,-6.220000000000000000e+02,-4.200000000000000000e+01
1.679988677716217995e+09,1.658400000000000000e+04,5.120000000000000000e+02,-7.840000000000000000e+02,-1.153000000000000000e+03,-6.220000000000000000e+02,-4.200000000000000000e+01
1.679988677718961716e+09,1.658400000000000000e+04,5.120000000000000000e+02,-7.840000000000000000e+02,-1.153000000000000000e+03,-6.220000000000000000e+02,-4.200000000000000000e+01
1.679988677719674349e+09,1.658400000000000000e+04,5.120000000000000000e+02,-7.840000000000000000e+02,-1.153000000000000000e+03,-6.220000000000000000e+02,-4.200000000000000000e+01
1.679988677722410679e+09,1.658400000000000000e+04,5.120000000000000000e+02,-7.840000000000000000e+02,-1.153000000000000000e+03,-6.220000000000000000e+02,-4.200000000000000000e+01
1.679988677723130703e+09,1.658400000000000000e+04,5.120000000000000000e+02,-7.840000000000000000e+02,-1.153000000000000000e+03,-6.220000000000000000e+02,-4.200000000000000000e+01
1.679988677725868464e+09,1.658400000000000000e+04,5.120000000000000000e+02,-7.840000000000000000e+02,-1.153000000000000000e+03,-6.220000000000000000e+02,-4.200000000000000000e+01
1.679988677726594210e+09,1.658400000000000000e+04,5.120000000000000000e+02,-7.840000000000000000e+02,-1.153000000000000000e+03,-6.220000000000000000e+02,-4.200000000000000000e+01
1.679988677729305744e+09,1.658400000000000000e+04,5.120000000000000000e+02,-7.840000000000000000e+02,-1.153000000000000000e+03,-6.220000000000000000e+02,-4.200000000000000000e+01
1.679988677730018854e+09,1.658400000000000000e+04,5.120000000000000000e+02,-7.840000000000000000e+02,-1.153000000000000000e+03,-6.220000000000000000e+02,-4.200000000000000000e+01
1.679988677732769251e+09,1.658400000000000000e+04,5.120000000000000000e+02,-7.840000000000000000e+02,-1.153000000000000000e+03,-6.220000000000000000e+02,-4.200000000000000000e+01
1.679988677733481169e+09,1.658400000000000000e+04,5.120000000000000000e+02,-7.840000000000000000e+02,-1.153000000000000000e+03,-6.220000000000000000e+02,-4.200000000000000000e+01
1.679988677736252069e+09,1.658400000000000000e+04,5.120000000000000000e+02,-7.840000000000000000e+02,-1.153000000000000000e+03,-6.220000000000000000e+02,-4.200000000000000000e+01
1.679988677736962557e+09,1.658400000000000000e+04,5.120000000000000000e+02,-7.840000000000000000e+02,-1.153000000000000000e+03,-6.220000000000000000e+02,-4.200000000000000000e+01
1.679988677739702940e+09,1.658400000000000000e+04,5.120000000000000000e+02,-7.840000000000000000e+02,-1.153000000000000000e+03,-6.220000000000000000e+02,-4.200000000000000000e+01
1.679988677740419865e+09,1.658400000000000000e+04,5.120000000000000000e+02,-7.840000000000000000e+02,-1.153000000000000000e+03,-6.220000000000000000e+02,-4.200000000000000000e+01
1.679988677743149757e+09,1.658400000000000000e+04,5.120000000000000000e+02,-7.840000000000000000e+02,-1.153000000000000000e+03,-6.220000000000000000e+02,-4.200000000000000000e+01
1.679988677743865967e+09,1.658400000000000000e+04,5.120000000000000000e+02,-7.840000000000000000e+02,-1.153000000000000000e+03,-6.220000000000000000e+02,-4.200000000000000000e+01
1.679988677746621847e+09,1.658400000000000000e+04,5.120000000000000000e+02,-7.840000000000000000e+02,-1.153000000000000000e+03,-6.220000000000000000e+02,-4.200000000000000000e+01
1.679988677747342348e+09,1.658400000000000000e+04,5.120000000000000000e+02,-7.840000000000000000e+02,-1.153000000000000000e+03,-6.220000000000000000e+02,-4.200000000000000000e+01
1.679988677750075817e+09,1.658400000000000000e+04,5.120000000000000000e+02,-7.840000000000000000e+02,-1.153000000000000000e+03,-6.220000000000000000e+02,-4.200000000000000000e+01
1.679988677750787258e+09,1.658400000000000000e+04,5.120000000000000000e+02,-7.840000000000000000e+02,-1.153000000000000000e+03,-6.220000000000000000e+02,-4.200000000000000000e+01
1.679988677753519535e+09,1.658400000000000000e+04,5.120000000000000000e+02,-7.840000000000000000e+02,-1.153000000000000000e+03,-6.220000000000000000e+02,-4.200000000000000000e+01
1.679988677754247904e+09,1.658400000000000000e+04,5.120000000000000000e+02,-7.840000000000000000e+02,-1.153000000000000000e+03,-6.220000000000000000e+02,-4.200000000000000000e+01
1.679988677756995678e+09,1.658400000000000000e+04,5.120000000000000000e+02,-7.840000000000000000e+02,-1.153000000000000000e+03,-6.220000000000000000e+02,-4.200000000000000000e+01
1.679988677757718325e+09,1.658400000000000000e+04,5.120000000000000000e+02,-7.840000000000000000e+02,-1.153000000000000000e+03,-6.220000000000000000e+02,-4.200000000000000000e+01
1.679988677760445833e+09,1.658400000000000000e+04,5.120000000000000000e+02,-7.840000000000000000e+02,-1.153000000000000000e+03,-6.220000000000000000e+02,-4.200000000000000000e+01
1.679988677761164904e+09,1.658400000000000000e+04,5.120000000000000000e+02,-7.840000000000000000e+02,-1.153000000000000000e+03,-6.220000000000000000e+02,-4.200000000000000000e+01
1.679988677763915777e+09,1.658400000000000000e+04,5.120000000000000000e+02,-7.840000000000000000e+02,-1.153000000000000000e+03,-6.220000000000000000e+02,-4.200000000000000000e+01
1.679988677764636993e+09,1.658400000000000000e+04,5.120000000000000000e+02,-7.840000000000000000e+02,-1.153000000000000000e+03,-6.220000000000000000e+02,-4.200000000000000000e+01
1.679988677767433643e+09,1.658400000000000000e+04,5.120000000000000000e+02,-7.840000000000000000e+02,-1.153000000000000000e+03,-6.220000000000000000e+02,-4.200000000000000000e+01
1.679988677768165588e+09,1.658400000000000000e+04,5.120000000000000000e+02,-7.840000000000000000e+02,-1.153000000000000000e+03,-6.220000000000000000e+02,-4.200000000000000000e+01
1.679988677770813465e+09,1.658400000000000000e+04,5.120000000000000000e+02,-7.840000000000000000e+02,-1.153000000000000000e+03,-6.220000000000000000e+02,-4.200000000000000000e+01
1.679988677771524429e+09,1.658400000000000000e+04,5.120000000000000000e+02,-7.840000000000000000e+02,-1.153000000000000000e+03,-6.220000000000000000e+02,-4.200000000000000000e+01
1.679988677774433613e+09,1.658400000000000000e+04,5.120000000000000000e+02,-7.840000000000000000e+02,-1.153000000000000000e+03,-6.220000000000000000e+02,-4.200000000000000000e+01
1.679988677775131464e+09,1.658400000000000000e+04,5.120000000000000000e+02,-7.840000000000000000e+02,-1.153000000000000000e+03,-6.220000000000000000e+02,-4.200000000000000000e+01
1.679988677777893782e+09,1.658400000000000000e+04,5.120000000000000000e+02,-7.840000000000000000e+02,-1.153000000000000000e+03,-6.220000000000000000e+02,-4.200000000000000000e+01
1.679988677778618813e+09,1.658400000000000000e+04,5.120000000000000000e+02,-7.840000000000000000e+02,-1.153000000000000000e+03,-6.220000000000000000e+02,-4.200000000000000000e+01
1.679988677781351328e+09,1.658400000000000000e+04,5.120000000000000000e+02,-7.840000000000000000e+02,-1.153000000000000000e+03,-6.220000000000000000e+02,-4.200000000000000000e+01
1.679988677782090425e+09,1.658400000000000000e+04,5.120000000000000000e+02,-7.840000000000000000e+02,-1.153000000000000000e+03,-6.220000000000000000e+02,-4.200000000000000000e+01
1.679988677784819603e+09,1.658400000000000000e+04,5.120000000000000000e+02,-7.840000000000000000e+02,-1.153000000000000000e+03,-6.220000000000000000e+02,-4.200000000000000000e+01
1.679988677785577774e+09,1.658400000000000000e+04,5.120000000000000000e+02,-7.840000000000000000e+02,-1.153000000000000000e+03,-6.220000000000000000e+02,-4.200000000000000000e+01
1.679988677788220882e+09,1.658400000000000000e+04,5.120000000000000000e+02,-7.840000000000000000e+02,-1.153000000000000000e+03,-6.220000000000000000e+02,-4.200000000000000000e+01
1.679988677788939238e+09,1.658400000000000000e+04,5.120000000000000000e+02,-7.840000000000000000e+02,-1.153000000000000000e+03,-6.220000000000000000e+02,-4.200000000000000000e+01
1.679988677791858673e+09,1.658400000000000000e+04,5.120000000000000000e+02,-7.840000000000000000e+02,-1.153000000000000000e+03,-6.220000000000000000e+02,-4.200000000000000000e+01
1.679988677792570353e+09,1.658400000000000000e+04,5.120000000000000000e+02,-7.840000000000000000e+02,-1.153000000000000000e+03,-6.220000000000000000e+02,-4.200000000000000000e+01
1.679988677795301437e+09,1.658400000000000000e+04,5.120000000000000000e+02,-7.840000000000000000e+02,-1.153000000000000000e+03,-6.220000000000000000e+02,-4.200000000000000000e+01
1.679988677796083212e+09,1.658400000000000000e+04,5.120000000000000000e+02,-7.840000000000000000e+02,-1.153000000000000000e+03,-6.220000000000000000e+02,-4.200000000000000000e+01
1.679988677798809767e+09,1.658400000000000000e+04,5.120000000000000000e+02,-7.840000000000000000e+02,-1.153000000000000000e+03,-6.220000000000000000e+02,-4.200000000000000000e+01
1.679988677799526215e+09,1.658400000000000000e+04,5.120000000000000000e+02,-7.840000000000000000e+02,-1.153000000000000000e+03,-6.220000000000000000e+02,-4.200000000000000000e+01
1.679988677802273512e+09,1.658400000000000000e+04,5.120000000000000000e+02,-7.840000000000000000e+02,-1.153000000000000000e+03,-6.220000000000000000e+02,-4.200000000000000000e+01
1.679988677803001165e+09,1.658400000000000000e+04,5.120000000000000000e+02,-7.840000000000000000e+02,-1.153000000000000000e+03,-6.220000000000000000e+02,-4.200000000000000000e+01
1.679988677805786371e+09,1.658400000000000000e+04,5.120000000000000000e+02,-7.840000000000000000e+02,-1.153000000000000000e+03,-6.220000000000000000e+02,-4.200000000000000000e+01
1.679988677806508541e+09,1.658400000000000000e+04,5.120000000000000000e+02,-7.840000000000000000e+02,-1.153000000000000000e+03,-6.220000000000000000e+02,-4.200000000000000000e+01
1.679988677809246540e+09,1.658400000000000000e+04,5.120000000000000000e+02,-7.840000000000000000e+02,-1.153000000000000000e+03,-6.220000000000000000e+02,-4.200000000000000000e+01
1.679988677809957266e+09,1.658400000000000000e+04,5.120000000000000000e+02,-7.840000000000000000e+02,-1.153000000000000000e+03,-6.220000000000000000e+02,-4.200000000000000000e+01
1.679988677812686920e+09,1.658400000000000000e+04,5.120000000000000000e+02,-7.840000000000000000e+02,-1.153000000000000000e+03,-6.220000000000000000e+02,-4.200000000000000000e+01
1.679988677813409805e+09,1.658400000000000000e+04,5.120000000000000000e+02,-7.840000000000000000e+02,-1.153000000000000000e+03,-6.220000000000000000e+02,-4.200000000000000000e+01
1.679988677816210747e+09,1.658400000000000000e+04,5.120000000000000000e+02,-7.840000000000000000e+02,-1.153000000000000000e+03,-6.220000000000000000e+02,-4.200000000000000000e+01
1.679988677816930532e+09,1.658400000000000000e+04,5.120000000000000000e+02,-7.840000000000000000e+02,-1.153000000000000000e+03,-6.220000000000000000e+02,-4.200000000000000000e+01
1.679988677819665909e+09,1.658400000000000000e+04,5.120000000000000000e+02,-7.840000000000000000e+02,-1.153000000000000000e+03,-6.220000000000000000e+02,-4.200000000000000000e+01
1.679988677820381880e+09,1.658400000000000000e+04,5.120000000000000000e+02,-7.840000000000000000e+02,-1.153000000000000000e+03,-6.220000000000000000e+02,-4.200000000000000000e+01
1.679988677823123932e+09,1.658400000000000000e+04,5.120000000000000000e+02,-7.840000000000000000e+02,-1.153000000000000000e+03,-6.220000000000000000e+02,-4.200000000000000000e+01
1.679988677823839188e+09,1.658400000000000000e+04,5.120000000000000000e+02,-7.840000000000000000e+02,-1.153000000000000000e+03,-6.220000000000000000e+02,-4.200000000000000000e+01
1.679988677826525927e+09,1.658400000000000000e+04,5.120000000000000000e+02,-7.840000000000000000e+02,-1.153000000000000000e+03,-6.220000000000000000e+02,-4.200000000000000000e+01
1.679988677827236414e+09,1.658400000000000000e+04,5.120000000000000000e+02,-7.840000000000000000e+02,-1.153000000000000000e+03,-6.220000000000000000e+02,-4.200000000000000000e+01
1.679988677830157280e+09,1.658400000000000000e+04,5.120000000000000000e+02,-7.840000000000000000e+02,-1.153000000000000000e+03,-6.220000000000000000e+02,-4.200000000000000000e+01
1.679988677830856085e+09,1.658400000000000000e+04,5.120000000000000000e+02,-7.840000000000000000e+02,-1.153000000000000000e+03,-6.220000000000000000e+02,-4.200000000000000000e+01
1.679988677833597660e+09,1.658400000000000000e+04,5.120000000000000000e+02,-7.840000000000000000e+02,-1.153000000000000000e+03,-6.220000000000000000e+02,-4.200000000000000000e+01
1.679988677834312916e+09,1.658400000000000000e+04,5.120000000000000000e+02,-7.840000000000000000e+02,-1.153000000000000000e+03,-6.220000000000000000e+02,-4.200000000000000000e+01
1.679988677837099552e+09,1.658400000000000000e+04,5.120000000000000000e+02,-7.840000000000000000e+02,-1.153000000000000000e+03,-6.220000000000000000e+02,-4.200000000000000000e+01
1.679988677837815046e+09,1.658400000000000000e+04,5.120000000000000000e+02,-7.840000000000000000e+02,-1.153000000000000000e+03,-6.220000000000000000e+02,-4.200000000000000000e+01
1.679988677840559959e+09,1.658400000000000000e+04,5.120000000000000000e+02,-7.840000000000000000e+02,-1.153000000000000000e+03,-6.220000000000000000e+02,-4.200000000000000000e+01
1.679988677841276884e+09,1.658400000000000000e+04,5.120000000000000000e+02,-7.840000000000000000e+02,-1.153000000000000000e+03,-6.220000000000000000e+02,-4.200000000000000000e+01
1.679988677844051600e+09,1.658400000000000000e+04,5.120000000000000000e+02,-7.840000000000000000e+02,-1.153000000000000000e+03,-6.220000000000000000e+02,-4.200000000000000000e+01
1.679988677844783306e+09,1.658400000000000000e+04,5.120000000000000000e+02,-7.840000000000000000e+02,-1.153000000000000000e+03,-6.220000000000000000e+02,-4.200000000000000000e+01
1.679988677847553730e+09,1.658400000000000000e+04,5.120000000000000000e+02,-7.840000000000000000e+02,-1.153000000000000000e+03,-6.220000000000000000e+02,-4.200000000000000000e+01
1.679988677848274231e+09,1.658400000000000000e+04,5.120000000000000000e+02,-7.840000000000000000e+02,-1.153000000000000000e+03,-6.220000000000000000e+02,-4.200000000000000000e+01
1.679988677851026773e+09,1.658400000000000000e+04,5.120000000000000000e+02,-7.840000000000000000e+02,-1.153000000000000000e+03,-6.220000000000000000e+02,-4.200000000000000000e+01
1.679988677852365017e+09,1.658400000000000000e+04,5.120000000000000000e+02,-7.840000000000000000e+02,-1.153000000000000000e+03,-6.220000000000000000e+02,-4.200000000000000000e+01
1.679988677855292320e+09,1.658400000000000000e+04,5.120000000000000000e+02,-7.840000000000000000e+02,-1.153000000000000000e+03,-6.220000000000000000e+02,-4.200000000000000000e+01
1.679988677856428623e+09,1.658400000000000000e+04,5.120000000000000000e+02,-7.840000000000000000e+02,-1.153000000000000000e+03,-6.220000000000000000e+02,-4.200000000000000000e+01
1.679988677859239101e+09,1.658400000000000000e+04,5.120000000000000000e+02,-7.840000000000000000e+02,-1.153000000000000000e+03,-6.220000000000000000e+02,-4.200000000000000000e+01
1.679988677860630274e+09,1.658400000000000000e+04,5.120000000000000000e+02,-7.840000000000000000e+02,-1.153000000000000000e+03,-6.220000000000000000e+02,-4.200000000000000000e+01
1.679988677863022804e+09,1.658400000000000000e+04,5.120000000000000000e+02,-7.840000000000000000e+02,-1.153000000000000000e+03,-6.220000000000000000e+02,-4.200000000000000000e+01
1.679988677864142418e+09,1.658400000000000000e+04,5.120000000000000000e+02,-7.840000000000000000e+02,-1.153000000000000000e+03,-6.220000000000000000e+02,-4.200000000000000000e+01
1.679988677866560936e+09,1.658400000000000000e+04,5.120000000000000000e+02,-7.840000000000000000e+02,-1.153000000000000000e+03,-6.220000000000000000e+02,-4.200000000000000000e+01
1.679988677867907524e+09,1.658400000000000000e+04,5.120000000000000000e+02,-7.840000000000000000e+02,-1.153000000000000000e+03,-6.220000000000000000e+02,-4.200000000000000000e+01
1.679988677870516300e+09,1.658400000000000000e+04,5.120000000000000000e+02,-7.840000000000000000e+02,-1.153000000000000000e+03,-6.220000000000000000e+02,-4.200000000000000000e+01
1.679988677871321917e+09,1.658400000000000000e+04,5.120000000000000000e+02,-7.840000000000000000e+02,-1.153000000000000000e+03,-6.220000000000000000e+02,-4.200000000000000000e+01
1.679988677873743057e+09,1.658400000000000000e+04,5.120000000000000000e+02,-7.840000000000000000e+02,-1.153000000000000000e+03,-6.220000000000000000e+02,-4.200000000000000000e+01
1.679988677874852657e+09,1.658400000000000000e+04,5.120000000000000000e+02,-7.840000000000000000e+02,-1.153000000000000000e+03,-6.220000000000000000e+02,-4.200000000000000000e+01
1.679988677877349854e+09,1.658400000000000000e+04,5.120000000000000000e+02,-7.840000000000000000e+02,-1.153000000000000000e+03,-6.220000000000000000e+02,-4.200000000000000000e+01
1.679988677878400803e+09,1.658400000000000000e+04,5.120000000000000000e+02,-7.840000000000000000e+02,-1.153000000000000000e+03,-6.220000000000000000e+02,-4.200000000000000000e+01
1.679988677880835056e+09,1.658400000000000000e+04,5.120000000000000000e+02,-7.840000000000000000e+02,-1.153000000000000000e+03,-6.220000000000000000e+02,-4.200000000000000000e+01
1.679988677881912470e+09,1.658400000000000000e+04,5.120000000000000000e+02,-7.840000000000000000e+02,-1.153000000000000000e+03,-6.220000000000000000e+02,-4.200000000000000000e+01
1.679988677884283543e+09,1.658400000000000000e+04,5.120000000000000000e+02,-7.840000000000000000e+02,-1.153000000000000000e+03,-6.220000000000000000e+02,-4.200000000000000000e+01
1.679988677885591507e+09,1.658400000000000000e+04,5.120000000000000000e+02,-7.840000000000000000e+02,-1.153000000000000000e+03,-6.220000000000000000e+02,-4.200000000000000000e+01
1.679988677888011456e+09,1.658400000000000000e+04,5.120000000000000000e+02,-7.840000000000000000e+02,-1.153000000000000000e+03,-6.220000000000000000e+02,-4.200000000000000000e+01
1.679988677889125109e+09,1.658400000000000000e+04,5.120000000000000000e+02,-7.840000000000000000e+02,-1.153000000000000000e+03,-6.220000000000000000e+02,-4.200000000000000000e+01
1.679988677891501904e+09,1.658400000000000000e+04,5.120000000000000000e+02,-7.840000000000000000e+02,-1.153000000000000000e+03,-6.220000000000000000e+02,-4.200000000000000000e+01
1.679988677892647028e+09,1.658400000000000000e+04,5.120000000000000000e+02,-7.840000000000000000e+02,-1.153000000000000000e+03,-6.220000000000000000e+02,-4.200000000000000000e+01
1.679988677895039797e+09,1.658400000000000000e+04,5.120000000000000000e+02,-7.840000000000000000e+02,-1.153000000000000000e+03,-6.220000000000000000e+02,-4.200000000000000000e+01
